6.686088562011719, -6.2742919921875 
-6.885178565979004, 6.147566795349121 
10.578743934631348, -9.840288162231445 
9.861611366271973, -9.189688682556152 
9.450758934020996, -8.822799682617188 
-10.179450035095215, 9.15512752532959 
-6.592825889587402, 5.923383712768555 
6.255777835845947, -5.850034713745117 
9.168330192565918, -8.544222831726074 
-7.210643768310547, 6.432075500488281 
9.16707992553711, -8.605674743652344 
4.0243330001831055, -3.825139045715332 
9.9290132522583, -9.25759506225586 
9.345047950744629, -8.745742797851562 
-10.543057441711426, 9.474842071533203 
-3.710451602935791, 3.261685371398926 
9.989921569824219, -9.25944995880127 
8.552617073059082, -8.005475997924805 
9.583243370056152, -8.9300537109375 
-1.245370864868164, 1.0144321918487549 
2.932476043701172, -2.8038010597229004 
10.676767349243164, -9.963125228881836 
-2.0354650020599365, 1.812448501586914 
-11.118903160095215, 9.991143226623535 
-11.365669250488281, 10.207459449768066 
-7.867218971252441, 7.046111106872559 
9.241473197937012, -8.673311233520508 
-4.76839542388916, 4.210138320922852 
3.1784353256225586, -3.035527229309082 
-8.139846801757812, 7.298608303070068 
-10.924147605895996, 9.820293426513672 
9.112195014953613, -8.490456581115723 
6.421940803527832, -6.031980514526367 
-6.342633247375488, 5.6908063888549805 
7.813157081604004, -7.337952613830566 
-7.917693138122559, 7.121119499206543 
9.284228324890137, -8.670544624328613 
-9.321015357971191, 8.326414108276367 
10.029890060424805, -9.33616828918457 
0.9013381004333496, -0.9094296097755432 
10.149544715881348, -9.476299285888672 
8.925016403198242, -8.351117134094238 
4.137596130371094, -3.935563325881958 
4.8082427978515625, -4.5332136154174805 
-8.516213417053223, 7.663519382476807 
-9.960736274719238, 8.969209671020508 
-4.031340599060059, 3.594155788421631 
-9.399640083312988, 8.44347858428955 
-6.575654983520508, 5.894636154174805 
-9.881380081176758, 8.891473770141602 
9.40311336517334, -8.790216445922852 
7.726991176605225, -7.210658073425293 
-8.673794746398926, 7.828874111175537 
3.7563323974609375, -3.5616118907928467 
-8.905080795288086, 8.021932601928711 
8.500781059265137, -7.9475812911987305 
-6.514364242553711, 5.839714050292969 
-11.315652847290039, 10.177749633789062 
-1.4279853105545044, 1.2194328308105469 
-9.937766075134277, 8.923515319824219 
-10.386722564697266, 9.340291023254395 
8.901453971862793, -8.359750747680664 
5.7966532707214355, -5.444520950317383 
-8.407662391662598, 7.6029767990112305 
8.060090065002441, -7.543901443481445 
-0.9877548813819885, 0.7543758749961853 
8.425005912780762, -7.863018035888672 
-9.731415748596191, 8.739608764648438 
-10.067456245422363, 9.070477485656738 
-2.013228178024292, 1.687171459197998 
8.330772399902344, -7.762912273406982 
-7.938713073730469, 7.142675399780273 
-9.422539710998535, 8.501787185668945 
3.3644521236419678, -3.1816623210906982 
8.582913398742676, -8.017769813537598 
-6.868075847625732, 6.166048526763916 
9.562335014343262, -8.943562507629395 
-2.543816566467285, 2.181800365447998 
-10.935196876525879, 9.838592529296875 
10.140887260437012, -9.477287292480469 
9.855504035949707, -9.208538055419922 
-11.790846824645996, 10.60995101928711 
-3.756605625152588, 3.3210573196411133 
-9.050030708312988, 8.158641815185547 
-10.6830472946167, 9.623764991760254 
6.956143856048584, -6.548666000366211 
9.850332260131836, -9.228158950805664 
-11.110864639282227, 10.020101547241211 
-10.656635284423828, 9.598480224609375 
4.5239338874816895, -4.213854789733887 
11.180865287780762, -10.42654800415039 
-6.447438716888428, 5.8350067138671875 
-6.389918804168701, 5.737886428833008 
-11.290913581848145, 10.167228698730469 
-9.671916007995605, 8.670919418334961 
10.8650541305542, -10.12547492980957 
9.450952529907227, -8.824837684631348 
9.422231674194336, -8.830857276916504 
-6.135964393615723, 5.459319114685059 
9.763406753540039, -9.101215362548828 
3.0412936210632324, -2.9280028343200684 
9.862944602966309, -9.162266731262207 
-2.7757978439331055, 2.4246826171875 
-6.609534740447998, 5.95827579498291 
8.802326202392578, -8.223322868347168 
4.429551124572754, -4.193845272064209 
-11.444337844848633, 10.29494857788086 
11.94483470916748, -11.123594284057617 
-2.1994972229003906, 1.8826632499694824 
-9.320844650268555, 8.412118911743164 
-9.77257251739502, 8.786174774169922 
7.232597351074219, -6.765789031982422 
-9.695504188537598, 8.729119300842285 
7.801965713500977, -7.30264949798584 
8.525979042053223, -7.9745988845825195 
-5.108788013458252, 4.494919776916504 
-5.459877014160156, 4.866473197937012 
-7.789460182189941, 6.982978343963623 
-9.516879081726074, 8.568224906921387 
-6.857349395751953, 6.135724067687988 
-10.184880256652832, 9.174646377563477 
-9.544129371643066, 8.60641860961914 
7.985546112060547, -7.438175201416016 
9.286300659179688, -8.695960998535156 
9.166937828063965, -8.532523155212402 
-11.026086807250977, 9.905927658081055 
8.913982391357422, -8.29232406616211 
-9.15813159942627, 8.249189376831055 
-7.958043098449707, 7.129728317260742 
7.874454975128174, -7.381679534912109 
-5.4492034912109375, 4.8505144119262695 
9.61777400970459, -8.951787948608398 
-5.272233009338379, 4.695827484130859 
-6.910696983337402, 6.205502510070801 
8.4828519821167, -7.896734714508057 
-10.5823335647583, 9.538063049316406 
9.67484188079834, -9.011833190917969 
-10.769610404968262, 9.700389862060547 
-10.398802757263184, 9.37799072265625 
-10.503876686096191, 9.439420700073242 
8.663700103759766, -8.079285621643066 
8.898394584655762, -8.293505668640137 
10.78445816040039, -10.067387580871582 
11.366567611694336, -10.57858657836914 
-10.04874038696289, 9.024602890014648 
-6.106561183929443, 5.483325004577637 
-10.868753433227539, 9.764423370361328 
10.810647964477539, -10.130834579467773 
-8.851845741271973, 7.959246635437012 
8.290101051330566, -7.725410461425781 
-11.070979118347168, 9.962020874023438 
-10.495381355285645, 9.411537170410156 
-8.809977531433105, 7.924849510192871 
9.39503002166748, -8.772783279418945 
-8.454184532165527, 7.5996246337890625 
-7.88958740234375, 7.096554279327393 
1.7178409099578857, -1.7274057865142822 
7.757810592651367, -7.262650966644287 
-10.539948463439941, 9.48017406463623 
-11.456538200378418, 10.312358856201172 
-8.314713478088379, 7.458169937133789 
-9.9512357711792, 8.953304290771484 
-9.938658714294434, 8.92701530456543 
-10.2919340133667, 9.319421768188477 
-11.108704566955566, 10.003153800964355 
-6.861528396606445, 6.128133296966553 
-8.793163299560547, 7.920253753662109 
8.060462951660156, -7.592574119567871 
1.3353615999221802, -1.363734483718872 
9.59765911102295, -8.967655181884766 
10.113277435302734, -9.485953330993652 
-2.5549192428588867, 2.279141426086426 
9.39177131652832, -8.737442970275879 
6.5056047439575195, -6.111740589141846 
-5.382510185241699, 4.773759841918945 
-9.336909294128418, 8.447272300720215 
-7.925079345703125, 7.113766670227051 
-10.862184524536133, 9.731866836547852 
11.420662879943848, -10.61847972869873 
-4.600543022155762, 4.1173624992370605 
9.807909965515137, -9.14123821258545 
-6.281876564025879, 5.609423637390137 
-6.512835502624512, 5.829146385192871 
-9.216080665588379, 8.259416580200195 
5.845714569091797, -5.516113758087158 
10.824922561645508, -10.07916259765625 
4.09515905380249, -3.9230031967163086 
9.00870132446289, -8.36977767944336 
-9.8665189743042, 8.88395881652832 
-10.534392356872559, 9.494640350341797 
7.719226837158203, -7.241988182067871 
9.397215843200684, -8.813630104064941 
8.750794410705566, -8.167774200439453 
7.692117691040039, -7.198224067687988 
5.544794082641602, -5.194747447967529 
-7.3834228515625, 6.609407901763916 
-1.9025075435638428, 1.6000986099243164 
-10.505574226379395, 9.470111846923828 
-9.507918357849121, 8.57664680480957 
9.154007911682129, -8.560641288757324 
-9.350489616394043, 8.403644561767578 
-8.485379219055176, 7.635106086730957 
-7.694892883300781, 6.897485256195068 
7.038022518157959, -6.623653411865234 
6.324921607971191, -5.902737617492676 
11.007499694824219, -10.28878402709961 
-5.338746070861816, 4.71689510345459 
10.253533363342285, -9.570085525512695 
8.053841590881348, -7.504666805267334 
0.5568540692329407, -0.5632443428039551 
5.6281232833862305, -5.239017486572266 
-0.5112658143043518, 0.35877132415771484 
9.683381080627441, -9.039427757263184 
9.269083976745605, -8.630510330200195 
-6.227975845336914, 5.537973403930664 
10.076312065124512, -9.38487434387207 
9.285456657409668, -8.699555397033691 
-7.304811477661133, 6.553037643432617 
6.260862350463867, -5.902159690856934 
-5.969881534576416, 5.347259998321533 
-8.958633422851562, 8.046491622924805 
-4.315087795257568, 3.8318023681640625 
-9.464515686035156, 8.509509086608887 
-9.33699893951416, 8.372118949890137 
-7.270874977111816, 6.489954948425293 
-8.361708641052246, 7.509597301483154 
-4.598936080932617, 4.126967430114746 
10.542299270629883, -9.811829566955566 
-9.521503448486328, 8.544822692871094 
4.407123565673828, -4.158045768737793 
7.676772117614746, -7.152055740356445 
9.325505256652832, -8.683131217956543 
7.016586780548096, -6.577425479888916 
-6.839383125305176, 6.110531330108643 
-10.220727920532227, 9.185881614685059 
8.953627586364746, -8.345149040222168 
11.154712677001953, -10.417162895202637 
-11.142765045166016, 10.037466049194336 
-7.76080846786499, 6.937014579772949 
-5.931301116943359, 5.313192844390869 
-8.114545822143555, 7.278719425201416 
-7.70698356628418, 6.9235615730285645 
-3.500474452972412, 3.107656955718994 
9.872129440307617, -9.247512817382812 
-8.24537181854248, 7.395327568054199 
10.338445663452148, -9.615936279296875 
-10.925114631652832, 9.829266548156738 
7.872501373291016, -7.341800689697266 
-10.697635650634766, 9.614768981933594 
9.944825172424316, -9.264195442199707 
8.735601425170898, -8.173038482666016 
-6.856837272644043, 6.129200458526611 
-9.869465827941895, 8.850565910339355 
9.94843578338623, -9.258298873901367 
-11.131671905517578, 10.03382682800293 
-11.106849670410156, 9.976099014282227 
-10.399507522583008, 9.34079360961914 
9.80797290802002, -9.155208587646484 
10.995326042175293, -10.257343292236328 
9.484210014343262, -8.861927032470703 
-9.495865821838379, 8.539356231689453 
0.43954572081565857, -0.5850627422332764 
-10.830260276794434, 9.733548164367676 
4.735857009887695, -4.43922758102417 
10.940248489379883, -10.225534439086914 
-7.622649669647217, 6.807514190673828 
-7.904343605041504, 7.090047359466553 
-1.9127438068389893, 1.6173124313354492 
-5.481456756591797, 4.848809242248535 
9.77318286895752, -9.080796241760254 
-8.887225151062012, 8.019668579101562 
9.11961841583252, -8.501035690307617 
-8.877509117126465, 8.008169174194336 
-9.83161735534668, 8.846229553222656 
-10.410270690917969, 9.385315895080566 
9.35366439819336, -8.793861389160156 
-7.788999080657959, 7.013655662536621 
-10.587782859802246, 9.537450790405273 
2.717294931411743, -2.7126433849334717 
-7.917962074279785, 7.107877731323242 
-8.762054443359375, 7.877543926239014 
9.854334831237793, -9.175867080688477 
5.980540752410889, -5.582277297973633 
9.92737102508545, -9.270135879516602 
-9.56952953338623, 8.60905647277832 
-4.167185306549072, 3.714052200317383 
3.7482056617736816, -3.5774683952331543 
10.36589527130127, -9.678377151489258 
-10.97179889678955, 9.87221622467041 
-0.9408765435218811, 0.7388206124305725 
8.390952110290527, -7.8616156578063965 
3.393057346343994, -3.306428909301758 
9.5283784866333, -8.914990425109863 
8.398213386535645, -7.888550758361816 
-8.38607406616211, 7.525689601898193 
7.675594329833984, -7.192111968994141 
-9.524859428405762, 8.565363883972168 
10.690192222595215, -10.00872802734375 
-9.326741218566895, 8.367737770080566 
-4.288724899291992, 3.8068361282348633 
11.344706535339355, -10.554414749145508 
-4.678742408752441, 4.196998596191406 
-5.957452774047852, 5.344609260559082 
-10.791271209716797, 9.716694831848145 
9.559575080871582, -8.919310569763184 
5.997314453125, -5.628530502319336 
-8.143620491027832, 7.2582902908325195 
9.466035842895508, -8.866496086120605 
9.107831001281738, -8.508995056152344 
11.155070304870605, -10.40145492553711 
10.101975440979004, -9.467291831970215 
3.5768938064575195, -3.427159070968628 
7.39324426651001, -6.919931411743164 
-8.17680835723877, 7.3028483390808105 
9.064308166503906, -8.484067916870117 
8.810304641723633, -8.209273338317871 
-4.910426139831543, 4.376374244689941 
9.774006843566895, -9.121541976928711 
8.841876029968262, -8.29949951171875 
-10.238532066345215, 9.213960647583008 
-10.805936813354492, 9.7302885055542 
8.232611656188965, -7.6696367263793945 
10.440260887145996, -9.708999633789062 
7.1863861083984375, -6.7041144371032715 
8.864487648010254, -8.25779914855957 
-9.493521690368652, 8.508241653442383 
8.77051830291748, -8.216732025146484 
-9.388657569885254, 8.462657928466797 
-5.716994762420654, 5.055412292480469 
-5.595122337341309, 4.996088981628418 
6.839139938354492, -6.378517150878906 
-8.154236793518066, 7.329208850860596 
-8.185473442077637, 7.374614715576172 
-12.021401405334473, 10.83102798461914 
-10.431330680847168, 9.362421035766602 
1.204387903213501, -1.245798110961914 
-1.1780800819396973, 0.9815582633018494 
-9.759245872497559, 8.784025192260742 
6.580265522003174, -6.163048267364502 
-8.94086742401123, 8.034748077392578 
6.793978691101074, -6.345837593078613 
10.297125816345215, -9.553723335266113 
8.06445598602295, -7.535240173339844 
-9.801044464111328, 8.801430702209473 
7.501072406768799, -6.985313892364502 
6.610262393951416, -6.227237701416016 
7.348394393920898, -6.882806777954102 
8.434087753295898, -7.873904228210449 
8.920259475708008, -8.309202194213867 
9.42429256439209, -8.792359352111816 
6.839879512786865, -6.4306769371032715 
8.134650230407715, -7.596809387207031 
0.6697425246238708, -0.713970959186554 
-6.7695136070251465, 6.049935340881348 
9.348357200622559, -8.730058670043945 
7.739818572998047, -7.192865371704102 
-9.551746368408203, 8.612299919128418 
-11.487147331237793, 10.332112312316895 
-9.194552421569824, 8.290897369384766 
-11.114165306091309, 10.00651741027832 
9.204489707946777, -8.587556838989258 
4.665735244750977, -4.38631010055542 
6.718328952789307, -6.297274112701416 
-9.593039512634277, 8.628448486328125 
1.9997880458831787, -1.9552452564239502 
-4.544949531555176, 4.01350212097168 
6.979966640472412, -6.547104358673096 
-11.422097206115723, 10.281325340270996 
-10.926497459411621, 9.848628997802734 
-7.764432907104492, 6.961885452270508 
10.546786308288574, -9.852458953857422 
-10.679079055786133, 9.59847354888916 
0.27745118737220764, -0.3681085407733917 
10.922861099243164, -10.180535316467285 
3.626816749572754, -3.4174909591674805 
-6.505657196044922, 5.844841957092285 
-4.0751495361328125, 3.634249210357666 
-5.9199676513671875, 5.2808403968811035 
7.5418548583984375, -7.080240249633789 
8.012441635131836, -7.5078887939453125 
9.216761589050293, -8.58252239227295 
9.827584266662598, -9.157386779785156 
8.417235374450684, -7.875119209289551 
-7.964114665985107, 7.168895244598389 
-10.926928520202637, 9.82785415649414 
8.619804382324219, -8.015155792236328 
-8.963812828063965, 8.020378112792969 
6.245157241821289, -5.8950090408325195 
-8.187002182006836, 7.350591659545898 
9.233899116516113, -8.637210845947266 
9.639362335205078, -8.990434646606445 
6.460483074188232, -6.100221157073975 
-2.7567873001098633, 2.3955557346343994 
-7.650592803955078, 6.877185821533203 
9.32723331451416, -8.732538223266602 
7.738953590393066, -7.223994255065918 
-10.529383659362793, 9.49456787109375 
-4.572807312011719, 4.0692830085754395 
3.604458808898926, -3.4418907165527344 
9.32026195526123, -8.66235637664795 
-8.073896408081055, 7.265682220458984 
9.80531120300293, -9.182327270507812 
-10.30994701385498, 9.275550842285156 
10.100394248962402, -9.377223014831543 
-11.075179100036621, 9.985082626342773 
-10.435982704162598, 9.397831916809082 
-6.778842449188232, 6.087846755981445 
3.4242117404937744, -3.29923677444458 
8.779735565185547, -8.2244873046875 
-10.910041809082031, 9.78828239440918 
-9.301614761352539, 8.341830253601074 
9.171221733093262, -8.53787612915039 
-10.563223838806152, 9.508224487304688 
-6.562058448791504, 5.860608100891113 
8.567503929138184, -7.985191345214844 
6.2507195472717285, -5.848238945007324 
-11.034943580627441, 9.91232681274414 
-9.032830238342285, 8.124141693115234 
6.261669158935547, -5.857551097869873 
-11.509039878845215, 10.37152099609375 
8.869607925415039, -8.278021812438965 
-9.790629386901855, 8.79631233215332 
-10.94565486907959, 9.859079360961914 
-2.7866311073303223, 2.4361658096313477 
8.632743835449219, -8.11701488494873 
-7.289776802062988, 6.512022972106934 
6.984417915344238, -6.588222503662109 
-10.637290954589844, 9.572469711303711 
3.532646417617798, -3.4317150115966797 
11.16239070892334, -10.421625137329102 
-10.711944580078125, 9.636518478393555 
7.683343887329102, -7.202391624450684 
7.887403964996338, -7.366081237792969 
10.597392082214355, -9.867778778076172 
7.776556968688965, -7.2906928062438965 
-8.723702430725098, 7.853724956512451 
-2.1289925575256348, 1.7884283065795898 
-9.245433807373047, 8.3004789352417 
-4.917768955230713, 4.359027862548828 
8.191680908203125, -7.624204158782959 
1.0440740585327148, -1.0848352909088135 
-10.953081130981445, 9.86271858215332 
-8.264369010925293, 7.427520275115967 
8.033360481262207, -7.4952287673950195 
10.671124458312988, -9.937620162963867 
11.070111274719238, -10.332380294799805 
5.1725263595581055, -4.858639240264893 
-11.133487701416016, 10.030445098876953 
6.6525774002075195, -6.218156337738037 
9.161946296691895, -8.532889366149902 
-11.031510353088379, 9.948251724243164 
-10.766798973083496, 9.66891860961914 
9.139212608337402, -8.55317497253418 
0.09007566422224045, -0.23472440242767334 
-11.443984031677246, 10.320438385009766 
2.691915512084961, -2.577477216720581 
-11.534262657165527, 10.37830924987793 
10.672831535339355, -9.931694030761719 
7.571909427642822, -7.120783805847168 
11.130875587463379, -10.389512062072754 
10.403661727905273, -9.701295852661133 
7.03896427154541, -6.611021995544434 
-4.994668960571289, 4.442858695983887 
-11.779508590698242, 10.608473777770996 
-5.258556365966797, 4.66647481918335 
-8.77298641204834, 7.872125148773193 
-7.924489974975586, 7.106245994567871 
10.415221214294434, -9.684441566467285 
10.870513916015625, -10.109045028686523 
4.721156120300293, -4.464941024780273 
7.5662713050842285, -7.074398517608643 
-10.768487930297852, 9.693418502807617 
3.9473628997802734, -3.745065927505493 
9.664976119995117, -9.065776824951172 
10.094216346740723, -9.435040473937988 
9.656782150268555, -9.0076322555542 
-10.867602348327637, 9.774014472961426 
11.256142616271973, -10.464864730834961 
-7.596803188323975, 6.80604887008667 
9.419487953186035, -8.772119522094727 
-1.5352104902267456, 1.3268563747406006 
8.919148445129395, -8.292186737060547 
4.060030937194824, -3.850825786590576 
9.648943901062012, -9.045324325561523 
5.3936076164245605, -5.026593208312988 
-9.015835762023926, 8.061965942382812 
-10.064879417419434, 9.050230026245117 
9.478629112243652, -8.832853317260742 
-11.051491737365723, 9.938232421875 
-8.22276496887207, 7.4112138748168945 
-9.919401168823242, 8.939009666442871 
-9.56551456451416, 8.599782943725586 
8.247906684875488, -7.69929838180542 
-9.147475242614746, 8.2086763381958 
-10.358963966369629, 9.328969955444336 
-6.673569679260254, 5.958771705627441 
6.7415032386779785, -6.340328693389893 
-9.131264686584473, 8.193305015563965 
3.924320697784424, -3.745513439178467 
-9.045675277709961, 8.13466739654541 
9.00500774383545, -8.413440704345703 
-10.236222267150879, 9.214493751525879 
-9.356582641601562, 8.390151023864746 
-8.379961967468262, 7.510371208190918 
10.186537742614746, -9.475412368774414 
10.41335391998291, -9.700498580932617 
-11.263461112976074, 10.12469482421875 
-0.17049925029277802, 0.04125139117240906 
0.20137745141983032, -0.31590673327445984 
-7.519296646118164, 6.7347540855407715 
10.355521202087402, -9.66999340057373 
8.632006645202637, -8.041681289672852 
0.1955876350402832, -0.3203197717666626 
-11.23940372467041, 10.092084884643555 
-9.105015754699707, 8.176127433776855 
8.229607582092285, -7.686018466949463 
9.549382209777832, -8.892765998840332 
5.43497371673584, -5.050581455230713 
-7.5349860191345215, 6.767687797546387 
9.712225914001465, -9.051656723022461 
-1.0360984802246094, 0.8299989104270935 
7.297410011291504, -6.805048942565918 
-5.172624588012695, 4.574334144592285 
-9.506333351135254, 8.54593276977539 
0.5920003056526184, -0.6727519631385803 
-0.6219971179962158, 0.4194263815879822 
1.2153509855270386, -1.2932748794555664 
7.048388957977295, -6.655538558959961 
-5.546783924102783, 4.949462890625 
2.6323814392089844, -2.5868616104125977 
-1.3382470607757568, 1.0890436172485352 
-6.733453750610352, 5.978382587432861 
-9.296622276306152, 8.363273620605469 
5.424538612365723, -5.124122142791748 
10.196444511413574, -9.520044326782227 
9.554011344909668, -8.918161392211914 
3.808549642562866, -3.6137404441833496 
10.89250659942627, -10.158048629760742 
9.825976371765137, -9.158884048461914 
-10.850813865661621, 9.75015640258789 
-9.597151756286621, 8.635424613952637 
9.463255882263184, -8.82498550415039 
-5.900489330291748, 5.250687599182129 
6.561537742614746, -6.184549808502197 
6.7431535720825195, -6.347287654876709 
-8.429499626159668, 7.5905022621154785 
8.37497615814209, -7.787502288818359 
-10.878817558288574, 9.793249130249023 
9.349846839904785, -8.721549987792969 
-1.6906673908233643, 1.410867691040039 
-4.974281311035156, 4.450024604797363 
9.800047874450684, -9.1096773147583 
7.290970325469971, -6.833150863647461 
-10.524336814880371, 9.448187828063965 
8.143240928649902, -7.581705570220947 
-9.823087692260742, 8.863855361938477 
-9.488417625427246, 8.517278671264648 
8.444703102111816, -7.951128005981445 
0.7349082827568054, -0.8552157282829285 
-8.0337495803833, 7.213091850280762 
-10.955816268920898, 9.860846519470215 
-4.333549499511719, 3.780374050140381 
9.701207160949707, -9.088665962219238 
10.325141906738281, -9.639288902282715 
-7.57811164855957, 6.804205417633057 
-6.611091613769531, 5.905228614807129 
7.7004265785217285, -7.199920654296875 
-1.815925121307373, 1.4982833862304688 
-8.492931365966797, 7.604430675506592 
7.870345592498779, -7.358933448791504 
10.217288970947266, -9.516761779785156 
8.641703605651855, -8.065004348754883 
-9.908320426940918, 8.935247421264648 
8.640131950378418, -8.07608699798584 
-4.763271331787109, 4.226123332977295 
-11.190985679626465, 10.067646026611328 
3.2955799102783203, -3.14768123626709 
-8.280549049377441, 7.473034858703613 
-6.084897041320801, 5.450438499450684 
-4.424735069274902, 3.911531925201416 
9.916646957397461, -9.271941184997559 
7.4093475341796875, -6.961280345916748 
-10.713789939880371, 9.66027545928955 
-8.535926818847656, 7.69144868850708 
-10.953291893005371, 9.860240936279297 
10.396036148071289, -9.691320419311523 
-0.9572851657867432, 0.7567254900932312 
-9.98216724395752, 8.983229637145996 
8.60388469696045, -8.024846076965332 
-10.037627220153809, 8.997669219970703 
8.554360389709473, -8.008193969726562 
10.200159072875977, -9.477386474609375 
3.5998923778533936, -3.425224781036377 
-8.667309761047363, 7.799073696136475 
8.932600975036621, -8.30020523071289 
-9.83868408203125, 8.859582901000977 
0.5357733964920044, -0.6562630534172058 
-3.4064197540283203, 2.9976017475128174 
-11.175440788269043, 10.05951976776123 
8.303041458129883, -7.751501083374023 
-7.0811309814453125, 6.313304901123047 
-11.19542121887207, 10.079967498779297 
-10.875208854675293, 9.784976959228516 
-7.537023544311523, 6.784893035888672 
10.321621894836426, -9.632707595825195 
9.653342247009277, -8.987855911254883 
7.441340446472168, -6.944397449493408 
3.55789852142334, -3.456869125366211 
-1.7427146434783936, 1.4397118091583252 
-10.335013389587402, 9.294083595275879 
-9.914251327514648, 8.932427406311035 
5.4548163414001465, -5.1376261711120605 
-9.826587677001953, 8.847994804382324 
-9.149519920349121, 8.229928970336914 
-1.4412747621536255, 1.1799755096435547 
9.17952823638916, -8.574559211730957 
8.565413475036621, -7.997073173522949 
-8.366954803466797, 7.499655723571777 
4.872470378875732, -4.60168981552124 
10.039700508117676, -9.344062805175781 
8.53708553314209, -7.969171524047852 
7.417819976806641, -6.914628028869629 
-10.534911155700684, 9.467658996582031 
-11.20390796661377, 10.091702461242676 
-10.352299690246582, 9.324790954589844 
-10.220528602600098, 9.191164016723633 
-1.0320230722427368, 0.8251550197601318 
-8.308670043945312, 7.468810558319092 
-9.444170951843262, 8.505672454833984 
-10.03264331817627, 9.033249855041504 
-5.9987897872924805, 5.335517883300781 
4.932517051696777, -4.663027763366699 
-10.303460121154785, 9.274162292480469 
8.695292472839355, -8.160750389099121 
10.728414535522461, -9.971233367919922 
4.646086692810059, -4.41237211227417 
-7.446140289306641, 6.69282865524292 
-8.463438034057617, 7.604294300079346 
9.155997276306152, -8.539993286132812 
5.28125, -4.939292907714844 
-10.057838439941406, 9.03579044342041 
3.153176784515381, -3.0173487663269043 
10.027379035949707, -9.345868110656738 
4.31391716003418, -4.096352577209473 
6.12265682220459, -5.727056503295898 
11.218695640563965, -10.448357582092285 
6.753084182739258, -6.333364963531494 
10.583800315856934, -9.862089157104492 
10.520078659057617, -9.78877067565918 
11.440306663513184, -10.677289962768555 
-10.330362319946289, 9.296269416809082 
9.252447128295898, -8.668268203735352 
-6.564058303833008, 5.841629981994629 
8.293742179870605, -7.7840576171875 
-10.884820938110352, 9.803085327148438 
-9.379517555236816, 8.415968894958496 
-9.064404487609863, 8.167659759521484 
-9.111849784851074, 8.186220169067383 
9.83728313446045, -9.19481086730957 
-10.351279258728027, 9.307781219482422 
7.831287860870361, -7.304549217224121 
-9.768348693847656, 8.769314765930176 
9.743387222290039, -9.106375694274902 
-8.68449878692627, 7.81589412689209 
-9.78422737121582, 8.795103073120117 
10.216771125793457, -9.521957397460938 
9.648810386657715, -9.02464485168457 
4.1667890548706055, -3.9055819511413574 
7.087952613830566, -6.6699066162109375 
7.319792747497559, -6.856522560119629 
-4.183539390563965, 3.678248405456543 
8.130890846252441, -7.587552070617676 
-10.750615119934082, 9.654930114746094 
-0.6775897145271301, 0.4473603367805481 
10.771973609924316, -10.083816528320312 
-8.020500183105469, 7.206246376037598 
11.3101224899292, -10.53456974029541 
-8.054537773132324, 7.174430847167969 
-11.383866310119629, 10.250677108764648 
-6.2233781814575195, 5.5813727378845215 
-2.440843105316162, 2.1266493797302246 
8.775616645812988, -8.178279876708984 
3.9566662311553955, -3.766601085662842 
-9.484801292419434, 8.519920349121094 
-11.02126407623291, 9.912742614746094 
6.2078094482421875, -5.81530237197876 
9.695027351379395, -9.072402954101562 
7.893375396728516, -7.3778181076049805 
8.543023109436035, -7.993892192840576 
-5.804849624633789, 5.163949012756348 
7.319368362426758, -6.878206729888916 
9.533584594726562, -8.94761848449707 
10.053308486938477, -9.391831398010254 
-10.398957252502441, 9.357707023620605 
-9.45740795135498, 8.480751037597656 
10.623739242553711, -9.906591415405273 
11.549995422363281, -10.776823043823242 
-10.43500804901123, 9.384699821472168 
7.372200012207031, -6.916841983795166 
-0.7782667279243469, 0.5801311135292053 
12.156425476074219, -11.287988662719727 
-10.3610258102417, 9.309379577636719 
10.103988647460938, -9.437122344970703 
9.559203147888184, -8.935556411743164 
-10.83985424041748, 9.75146484375 
-10.062129974365234, 9.07992935180664 
-7.451953887939453, 6.65621280670166 
5.238218307495117, -4.908810615539551 
9.826515197753906, -9.151707649230957 
-5.7419114112854, 5.127680778503418 
8.845629692077637, -8.250754356384277 
-10.834554672241211, 9.767520904541016 
6.826777458190918, -6.360591888427734 
-10.48609447479248, 9.441459655761719 
-6.508975982666016, 5.8140950202941895 
-10.244488716125488, 9.235748291015625 
6.141858100891113, -5.780207633972168 
-3.5077836513519287, 3.0677735805511475 
10.766011238098145, -10.090155601501465 
9.538647651672363, -8.914276123046875 
-5.389763832092285, 4.821744441986084 
9.811562538146973, -9.163692474365234 
9.737984657287598, -9.132795333862305 
6.711783409118652, -6.305540084838867 
10.578937530517578, -9.859435081481934 
-10.40137767791748, 9.380036354064941 
-11.241510391235352, 10.097180366516113 
-4.512091636657715, 3.9689407348632812 
-10.502108573913574, 9.439878463745117 
-9.240878105163574, 8.268280029296875 
-10.620198249816895, 9.569375038146973 
6.5382161140441895, -6.146390438079834 
4.2478790283203125, -3.999255657196045 
-8.988571166992188, 8.082529067993164 
9.407515525817871, -8.761613845825195 
-11.542868614196777, 10.390789031982422 
-11.277405738830566, 10.142513275146484 
-9.417121887207031, 8.443767547607422 
-5.32266902923584, 4.78301477432251 
6.512759208679199, -6.063832759857178 
9.264796257019043, -8.692832946777344 
9.67474365234375, -9.046627044677734 
11.467867851257324, -10.629358291625977 
9.49825382232666, -8.901185989379883 
-10.805540084838867, 9.71346664428711 
6.324355125427246, -5.97845458984375 
-7.651711463928223, 6.8750481605529785 
8.570836067199707, -8.029284477233887 
8.927900314331055, -8.343579292297363 
-3.5829060077667236, 3.187265634536743 
-7.290032386779785, 6.57418155670166 
9.358012199401855, -8.720105171203613 
9.673850059509277, -9.008232116699219 
8.011383056640625, -7.483737468719482 
-10.404117584228516, 9.355339050292969 
-7.717102527618408, 6.933528900146484 
7.634869575500488, -7.213493347167969 
-8.6026029586792, 7.69506311416626 
6.12003231048584, -5.763473033905029 
9.756038665771484, -9.08456039428711 
-10.189942359924316, 9.149541854858398 
7.065096378326416, -6.624794006347656 
-7.421842098236084, 6.631136417388916 
8.732270240783691, -8.156122207641602 
7.123888969421387, -6.708560943603516 
-11.214996337890625, 10.099140167236328 
10.72186279296875, -9.953161239624023 
10.534268379211426, -9.823390007019043 
-0.41889795660972595, 0.2901778221130371 
-9.406554222106934, 8.473581314086914 
-10.225089073181152, 9.197137832641602 
9.09620189666748, -8.463764190673828 
-9.935416221618652, 8.935931205749512 
1.7827390432357788, -1.7328178882598877 
7.85380744934082, -7.315177917480469 
-8.768472671508789, 7.872176170349121 
9.953612327575684, -9.292203903198242 
9.094172477722168, -8.495016098022461 
10.58762264251709, -9.878558158874512 
-9.486798286437988, 8.518037796020508 
-10.890777587890625, 9.793659210205078 
11.012592315673828, -10.257661819458008 
-11.012993812561035, 9.915910720825195 
9.366093635559082, -8.725159645080566 
9.736886978149414, -9.087813377380371 
9.069304466247559, -8.463542938232422 
8.760029792785645, -8.205251693725586 
8.830830574035645, -8.231760025024414 
-8.242711067199707, 7.417957305908203 
10.624046325683594, -9.87452507019043 
-11.112203598022461, 9.990063667297363 
10.173256874084473, -9.45975399017334 
-5.231122016906738, 4.626064300537109 
-8.854287147521973, 7.952266693115234 
-10.6522855758667, 9.603031158447266 
9.598679542541504, -8.972068786621094 
-10.395672798156738, 9.356250762939453 
8.147597312927246, -7.653465270996094 
0.6005992293357849, -0.7299144268035889 
9.508763313293457, -8.883302688598633 
-10.007477760314941, 9.004648208618164 
11.229438781738281, -10.481443405151367 
8.245867729187012, -7.722799301147461 
-9.927632331848145, 8.957443237304688 
-9.618658065795898, 8.66148567199707 
-8.211517333984375, 7.3863911628723145 
-7.2315754890441895, 6.507019519805908 
-2.1286797523498535, 1.8054895401000977 
-6.2172136306762695, 5.56327486038208 
-11.518876075744629, 10.352546691894531 
-4.843009948730469, 4.277998924255371 
-4.189305782318115, 3.6550519466400146 
8.902755737304688, -8.29568099975586 
9.32239055633545, -8.705005645751953 
8.070327758789062, -7.546114921569824 
-8.026627540588379, 7.198224067687988 
9.996344566345215, -9.367517471313477 
-11.046774864196777, 9.964071273803711 
-10.395703315734863, 9.325319290161133 
2.6947662830352783, -2.590660572052002 
10.122851371765137, -9.42564582824707 
-9.540902137756348, 8.585397720336914 
-10.075566291809082, 9.080220222473145 
4.140493392944336, -3.8759994506835938 
11.373498916625977, -10.578253746032715 
10.229741096496582, -9.548490524291992 
8.672385215759277, -8.090463638305664 
-8.135839462280273, 7.291365623474121 
9.195828437805176, -8.53037166595459 
-11.429915428161621, 10.27188491821289 
11.472975730895996, -10.68124771118164 
-10.175220489501953, 9.16639518737793 
9.096561431884766, -8.50864028930664 
7.93908166885376, -7.4115824699401855 
7.376983165740967, -6.986522674560547 
-6.866203784942627, 6.165929794311523 
11.931389808654785, -11.119226455688477 
-8.857008934020996, 7.925067901611328 
10.509632110595703, -9.819648742675781 
6.806940078735352, -6.370737075805664 
10.314827919006348, -9.605833053588867 
-8.874349594116211, 7.992399215698242 
-9.197178840637207, 8.257763862609863 
-9.4738187789917, 8.496818542480469 
-10.533303260803223, 9.48820686340332 
9.756749153137207, -9.100362777709961 
9.072798728942871, -8.459332466125488 
-9.396187782287598, 8.490304946899414 
-9.867450714111328, 8.890697479248047 
8.786784172058105, -8.20600700378418 
-11.217589378356934, 10.095314025878906 
-9.416958808898926, 8.429131507873535 
2.466175079345703, -2.3786404132843018 
-10.698431968688965, 9.620201110839844 
-7.3217973709106445, 6.566082954406738 
-7.194343090057373, 6.464128494262695 
6.5198774337768555, -6.118032932281494 
-11.154170036315918, 10.052392959594727 
1.1979113817214966, -1.216428518295288 
6.669773101806641, -6.219725608825684 
-8.389386177062988, 7.523393630981445 
6.58320951461792, -6.180563926696777 
0.02017529122531414, -0.161967471241951 
9.578295707702637, -8.945802688598633 
-11.171310424804688, 10.057111740112305 
10.16681957244873, -9.464820861816406 
7.437450408935547, -6.934662818908691 
-10.735991477966309, 9.662970542907715 
-9.28930950164795, 8.381749153137207 
-6.283277988433838, 5.62169885635376 
-8.784747123718262, 7.881132125854492 
10.139786720275879, -9.440956115722656 
-1.5543928146362305, 1.2234268188476562 
-7.305275917053223, 6.510857105255127 
11.016535758972168, -10.216226577758789 
-10.309514045715332, 9.30125904083252 
-9.224597930908203, 8.308658599853516 
-4.486822128295898, 3.960115432739258 
-3.903696298599243, 3.471010446548462 
8.268868446350098, -7.724915027618408 
-0.8930304050445557, 0.6815241575241089 
10.72843074798584, -10.018960952758789 
-11.50778865814209, 10.349580764770508 
9.578948974609375, -8.943258285522461 
4.3181376457214355, -4.048648834228516 
-3.2456064224243164, 2.850071907043457 
7.736804962158203, -7.203098773956299 
-10.622652053833008, 9.566450119018555 
-10.211268424987793, 9.184456825256348 
-7.93617057800293, 7.115750312805176 
-10.96489429473877, 9.87465763092041 
9.103540420532227, -8.500764846801758 
-11.116873741149902, 10.011990547180176 
10.743228912353516, -9.988697052001953 
7.832959175109863, -7.339658260345459 
-7.212740898132324, 6.449489593505859 
8.452463150024414, -7.957873821258545 
-11.04253101348877, 9.94830322265625 
-10.104839324951172, 9.076910972595215 
9.811457633972168, -9.156845092773438 
-9.263068199157715, 8.312646865844727 
8.5130033493042, -7.976458549499512 
-6.366796493530273, 5.67734432220459 
-10.456131935119629, 9.373177528381348 
-8.686159133911133, 7.763280868530273 
-9.00928020477295, 8.092164993286133 
-7.784976482391357, 7.00640869140625 
8.666403770446777, -8.11278247833252 
2.5866968631744385, -2.4843082427978516 
-9.5432767868042, 8.595468521118164 
-10.201287269592285, 9.181299209594727 
-9.591835975646973, 8.62932014465332 
-10.354970932006836, 9.317102432250977 
-10.217127799987793, 9.17585563659668 
-11.519969940185547, 10.369020462036133 
-7.962474822998047, 7.142528057098389 
8.892050743103027, -8.303608894348145 
-11.329615592956543, 10.197246551513672 
8.309727668762207, -7.766949653625488 
8.045530319213867, -7.511966705322266 
-4.467585563659668, 3.9046974182128906 
-9.21848201751709, 8.29531478881836 
-9.917168617248535, 8.892569541931152 
-1.922487497329712, 1.6739587783813477 
4.819646835327148, -4.521122455596924 
-8.387348175048828, 7.518772125244141 
-11.184137344360352, 10.060133934020996 
11.836554527282715, -10.994741439819336 
-6.803299903869629, 6.086465835571289 
-9.130878448486328, 8.218750953674316 
-6.660820007324219, 5.963242530822754 
7.880495548248291, -7.3739848136901855 
-9.504643440246582, 8.580804824829102 
6.16583251953125, -5.77946662902832 
-11.490038871765137, 10.323147773742676 
-7.529829978942871, 6.762884140014648 
9.94655704498291, -9.22935676574707 
11.666746139526367, -10.854269027709961 
6.619895935058594, -6.218613147735596 
7.387118816375732, -6.903538703918457 
7.863307952880859, -7.3438262939453125 
-9.15796184539795, 8.230875968933105 
10.672019004821777, -9.932560920715332 
9.885884284973145, -9.246967315673828 
-11.272388458251953, 10.12942123413086 
-10.465221405029297, 9.403166770935059 
-10.067178726196289, 9.072769165039062 
2.2160770893096924, -2.137404203414917 
8.632658958435059, -8.052705764770508 
-10.909855842590332, 9.822345733642578 
9.311202049255371, -8.693279266357422 
-7.760099411010742, 6.961749076843262 
8.378966331481934, -7.831477642059326 
-3.318241834640503, 2.8995742797851562 
-9.60916805267334, 8.655137062072754 
-7.33624267578125, 6.561902046203613 
1.5210745334625244, -1.4900550842285156 
9.995966911315918, -9.329240798950195 
10.316935539245605, -9.622482299804688 
9.144509315490723, -8.560052871704102 
9.824872016906738, -9.15774154663086 
-10.40714168548584, 9.35624885559082 
-5.0756072998046875, 4.476986885070801 
-11.586421012878418, 10.440093040466309 
-11.11568546295166, 9.992388725280762 
9.011033058166504, -8.466800689697266 
10.398157119750977, -9.657891273498535 
9.460253715515137, -8.833264350891113 
8.975131034851074, -8.381692886352539 
-11.412083625793457, 10.283163070678711 
3.466529369354248, -3.298037052154541 
10.745505332946777, -10.019643783569336 
-9.533463478088379, 8.557358741760254 
11.30286979675293, -10.540122985839844 
-9.461535453796387, 8.543859481811523 
-6.069706916809082, 5.436708927154541 
7.818603515625, -7.282807350158691 
7.4401140213012695, -6.946523189544678 
9.259318351745605, -8.633844375610352 
9.720751762390137, -9.0391845703125 
-10.274127006530762, 9.251710891723633 
-11.022347450256348, 9.926015853881836 
8.107124328613281, -7.6096930503845215 
-6.019720077514648, 5.392383575439453 
9.093993186950684, -8.49730110168457 
-9.83191967010498, 8.828910827636719 
11.443480491638184, -10.693656921386719 
-8.095000267028809, 7.256631374359131 
7.966005802154541, -7.416370391845703 
-10.67126178741455, 9.619574546813965 
8.722916603088379, -8.163335800170898 
3.0460398197174072, -2.9264302253723145 
2.5866165161132812, -2.471503734588623 
-9.798917770385742, 8.806560516357422 
-10.823751449584961, 9.757665634155273 
10.176885604858398, -9.450204849243164 
-5.933459758758545, 5.289955139160156 
0.31158503890037537, -0.4571700394153595 
11.235604286193848, -10.468605041503906 
3.4941344261169434, -3.2990851402282715 
-8.906359672546387, 8.01709270477295 
-8.677844047546387, 7.761338233947754 
-10.721179008483887, 9.616363525390625 
-7.347329139709473, 6.564532279968262 
-11.274240493774414, 10.160417556762695 
9.127650260925293, -8.511821746826172 
10.155470848083496, -9.486306190490723 
7.7174906730651855, -7.209830284118652 
-2.37393856048584, 2.0567874908447266 
8.992981910705566, -8.40272331237793 
-8.65868091583252, 7.74067497253418 
-10.63137149810791, 9.570980072021484 
-6.137263298034668, 5.489522457122803 
-11.175999641418457, 10.055061340332031 
1.3308310508728027, -1.3244976997375488 
9.255648612976074, -8.605463981628418 
2.8905727863311768, -2.7408447265625 
9.242615699768066, -8.614558219909668 
9.407217979431152, -8.806989669799805 
-10.830657958984375, 9.735885620117188 
9.15501880645752, -8.593122482299805 
1.9411401748657227, -1.9041955471038818 
7.934200286865234, -7.452169418334961 
-9.582852363586426, 8.610296249389648 
-10.545853614807129, 9.48743724822998 
-10.39921760559082, 9.361245155334473 
-6.657630443572998, 5.974880218505859 
9.498820304870605, -8.83069896697998 
7.085766315460205, -6.684268951416016 
-10.508275985717773, 9.463491439819336 
7.2864484786987305, -6.814571380615234 
-11.472216606140137, 10.319984436035156 
7.818024635314941, -7.330291271209717 
-10.405252456665039, 9.368688583374023 
4.5370097160339355, -4.321142673492432 
-6.405220985412598, 5.723433017730713 
-9.59604549407959, 8.620357513427734 
9.618070602416992, -8.947741508483887 
6.947439670562744, -6.542233467102051 
-9.30219554901123, 8.36196231842041 
7.412511825561523, -7.018003463745117 
8.4271240234375, -7.876138210296631 
2.0607213973999023, -1.995865821838379 
-10.482632637023926, 9.430828094482422 
9.055213928222656, -8.451406478881836 
-6.19215202331543, 5.507528781890869 
8.732203483581543, -8.145750045776367 
7.200925350189209, -6.752041816711426 
8.449250221252441, -7.916262149810791 
8.418978691101074, -7.883498191833496 
10.196858406066895, -9.495962142944336 
9.357808113098145, -8.786079406738281 
10.855817794799805, -10.14070987701416 
-3.4365768432617188, 2.9331936836242676 
-10.385529518127441, 9.357890129089355 
8.743159294128418, -8.168659210205078 
-5.758748531341553, 5.146656036376953 
-2.8705573081970215, 2.5405197143554688 
6.7730393409729, -6.320640563964844 
7.946061611175537, -7.423250198364258 
-9.310922622680664, 8.410215377807617 
3.680433750152588, -3.548262596130371 
-9.891036033630371, 8.894463539123535 
-7.983175754547119, 7.149688720703125 
-8.998655319213867, 8.056570053100586 
-9.500476837158203, 8.544477462768555 
9.141865730285645, -8.54958724975586 
-7.565182209014893, 6.791154861450195 
-6.87482213973999, 6.185657024383545 
-9.964350700378418, 8.976152420043945 
-5.257262706756592, 4.694887161254883 
0.7815895676612854, -0.8298617005348206 
-8.676698684692383, 7.792093753814697 
10.462504386901855, -9.796782493591309 
10.166136741638184, -9.485376358032227 
6.178958892822266, -5.809845924377441 
4.62503719329834, -4.401638031005859 
-2.742913246154785, 2.38173246383667 
-4.917025089263916, 4.362783432006836 
1.8422300815582275, -1.8406362533569336 
-3.529925584793091, 3.0752856731414795 
-9.433687210083008, 8.470203399658203 
-8.155874252319336, 7.26774263381958 
-4.952609062194824, 4.4019927978515625 
6.169996738433838, -5.812297344207764 
-8.512073516845703, 7.641479969024658 
10.212977409362793, -9.508118629455566 
0.1659620702266693, -0.2538660764694214 
11.326106071472168, -10.533711433410645 
-9.106423377990723, 8.196569442749023 
7.163177490234375, -6.637346267700195 
-8.915801048278809, 8.013816833496094 
-9.269734382629395, 8.321449279785156 
-9.357766151428223, 8.403261184692383 
8.351035118103027, -7.8001389503479 
7.6591668128967285, -7.142754554748535 
3.650607109069824, -3.480912208557129 
10.26451301574707, -9.550076484680176 
-10.588711738586426, 9.54145622253418 
-7.823286056518555, 7.066341876983643 
8.448410987854004, -7.894700050354004 
-10.104388236999512, 9.082059860229492 
-4.169226169586182, 3.6473371982574463 
9.000712394714355, -8.385169982910156 
-11.032051086425781, 9.90955924987793 
-4.546955108642578, 4.016817569732666 
-8.583276748657227, 7.727551460266113 
11.889277458190918, -11.031990051269531 
6.156383514404297, -5.761031150817871 
-11.026419639587402, 9.898250579833984 
0.9851062893867493, -1.0967096090316772 
-5.577812194824219, 4.981411933898926 
-10.160969734191895, 9.114004135131836 
5.708605766296387, -5.40755558013916 
2.762493848800659, -2.6975762844085693 
8.40298843383789, -7.857730865478516 
9.255064964294434, -8.642218589782715 
-4.713892936706543, 4.17091703414917 
6.116071701049805, -5.768104076385498 
-10.327552795410156, 9.265250205993652 
-4.64739465713501, 4.1525678634643555 
-9.866585731506348, 8.890972137451172 
10.257262229919434, -9.561168670654297 
9.44428539276123, -8.788743019104004 
-4.745544910430908, 4.2218828201293945 
-1.7934558391571045, 1.5201020240783691 
5.172463417053223, -4.936246871948242 
-9.16753101348877, 8.276266098022461 
10.828872680664062, -10.126007080078125 
-0.36747679114341736, 0.18990269303321838 
9.897826194763184, -9.233999252319336 
11.756529808044434, -10.941462516784668 
-11.282593727111816, 10.173337936401367 
4.597517013549805, -4.3370866775512695 
-2.480970859527588, 2.151078224182129 
-9.787211418151855, 8.80665111541748 
-9.623942375183105, 8.664091110229492 
-6.986983299255371, 6.258009910583496 
10.339604377746582, -9.633407592773438 
-5.737657070159912, 5.079827308654785 
9.034225463867188, -8.405261039733887 
3.5747716426849365, -3.410444974899292 
-10.499035835266113, 9.445079803466797 
-11.287246704101562, 10.162022590637207 
6.540167808532715, -6.077399253845215 
-10.330304145812988, 9.30064868927002 
-6.158846378326416, 5.543392658233643 
-2.048475980758667, 1.7631089687347412 
7.027382850646973, -6.6052165031433105 
-7.8873419761657715, 7.109724521636963 
9.43540096282959, -8.785646438598633 
1.763861060142517, -1.735985517501831 
-11.150040626525879, 10.041267395019531 
-6.923783302307129, 6.218782424926758 
-10.37215805053711, 9.325746536254883 
10.161914825439453, -9.502044677734375 
-6.395238876342773, 5.742598533630371 
-8.549098014831543, 7.684909343719482 
5.768052101135254, -5.457613468170166 
-5.060894966125488, 4.4988813400268555 
-9.616703987121582, 8.660348892211914 
0.66922527551651, -0.7421546578407288 
4.8096394538879395, -4.579748153686523 
-1.4737522602081299, 1.2385032176971436 
8.740570068359375, -8.154613494873047 
4.694755554199219, -4.4543609619140625 
-10.65830135345459, 9.582718849182129 
9.352606773376465, -8.74126148223877 
9.589756965637207, -8.945249557495117 
-3.1251821517944336, 2.743563175201416 
11.802321434020996, -10.972728729248047 
7.279716968536377, -6.823611736297607 
8.343749046325684, -7.821575164794922 
8.49623966217041, -7.95627498626709 
-5.238759994506836, 4.6653618812561035 
-8.358248710632324, 7.503138542175293 
9.797658920288086, -9.155649185180664 
-9.486214637756348, 8.510944366455078 
-1.5079282522201538, 1.2860150337219238 
-10.73891830444336, 9.670700073242188 
-10.504873275756836, 9.44819450378418 
-8.4484224319458, 7.569175720214844 
9.876468658447266, -9.261249542236328 
-8.035539627075195, 7.193114280700684 
-3.853379249572754, 3.427607536315918 
9.222722053527832, -8.628843307495117 
-10.498051643371582, 9.454697608947754 
-10.070616722106934, 9.066970825195312 
5.6883134841918945, -5.340399742126465 
-11.188529014587402, 10.05566692352295 
8.967142105102539, -8.411882400512695 
9.061028480529785, -8.468415260314941 
9.360260963439941, -8.751776695251465 
-9.929824829101562, 8.935848236083984 
-11.268593788146973, 10.13931655883789 
9.308999061584473, -8.678998947143555 
-6.68581485748291, 5.954778671264648 
-11.1797513961792, 10.058416366577148 
-7.024288654327393, 6.250908851623535 
-6.585379600524902, 5.90873384475708 
-8.084050178527832, 7.284996032714844 
-2.505429267883301, 2.134503126144409 
8.897059440612793, -8.35184097290039 
0.23425152897834778, -0.4354802966117859 
8.080463409423828, -7.522431373596191 
2.018120288848877, -1.981644630432129 
-8.023770332336426, 7.208460330963135 
8.813467979431152, -8.2630615234375 
-11.50957202911377, 10.361995697021484 
9.218711853027344, -8.619023323059082 
-7.5128326416015625, 6.698468208312988 
-9.4893159866333, 8.53525161743164 
-4.564746856689453, 4.090187072753906 
10.775273323059082, -10.031606674194336 
9.741007804870605, -9.106761932373047 
8.696686744689941, -8.158378601074219 
-1.4760160446166992, 1.2188282012939453 
4.521790504455566, -4.269508361816406 
-11.3230562210083, 10.181452751159668 
9.736343383789062, -9.06649112701416 
6.763304233551025, -6.364257335662842 
-0.11811678856611252, -0.06357017159461975 
-10.34760570526123, 9.315032005310059 
8.632681846618652, -8.090194702148438 
-1.383009910583496, 1.1552762985229492 
-9.847211837768555, 8.869211196899414 
-9.911545753479004, 8.90728759765625 
-1.1023811101913452, 0.8700947165489197 
0.6126459240913391, -0.6860329508781433 
6.341611385345459, -5.988431930541992 
-10.1071138381958, 9.088249206542969 
2.774596929550171, -2.6275222301483154 
-8.773432731628418, 7.880593776702881 
10.46522045135498, -9.751058578491211 
10.347893714904785, -9.635095596313477 
7.203205585479736, -6.743292808532715 
-9.127242088317871, 8.204591751098633 
7.050692558288574, -6.641005516052246 
10.421881675720215, -9.744561195373535 
-10.762481689453125, 9.681829452514648 
8.320734977722168, -7.787789821624756 
7.777302265167236, -7.245508670806885 
-8.640750885009766, 7.74432373046875 
6.991147041320801, -6.585378170013428 
9.100944519042969, -8.474589347839355 
10.421635627746582, -9.686158180236816 
-4.696989059448242, 4.188236713409424 
-6.287890434265137, 5.595730781555176 
10.435507774353027, -9.722403526306152 
10.254401206970215, -9.572420120239258 
-9.629376411437988, 8.632028579711914 
-10.398565292358398, 9.346977233886719 
-11.51281452178955, 10.375489234924316 
-6.106142044067383, 5.476019859313965 
8.207417488098145, -7.729350566864014 
-6.562828063964844, 5.875422477722168 
-7.098883152008057, 6.358343124389648 
0.027147723361849785, -0.13233551383018494 
10.905851364135742, -10.13955307006836 
8.219738006591797, -7.68311071395874 
9.338822364807129, -8.743995666503906 
8.132270812988281, -7.629650115966797 
-10.464563369750977, 9.397699356079102 
-2.970576524734497, 2.584493637084961 
8.803034782409668, -8.226073265075684 
-10.741656303405762, 9.68183422088623 
-11.481059074401855, 10.326826095581055 
9.895340919494629, -9.240808486938477 
-10.7432279586792, 9.661783218383789 
-11.075182914733887, 9.968245506286621 
8.596304893493652, -8.012373924255371 
8.265787124633789, -7.721921443939209 
8.588200569152832, -8.021251678466797 
9.55373477935791, -8.887125015258789 
8.026323318481445, -7.5340189933776855 
10.060807228088379, -9.357890129089355 
-10.935550689697266, 9.843629837036133 
-11.339638710021973, 10.184989929199219 
-0.7778850197792053, 0.6233751177787781 
10.122918128967285, -9.436943054199219 
10.440489768981934, -9.726068496704102 
9.398835182189941, -8.724599838256836 
9.958025932312012, -9.274174690246582 
-9.040739059448242, 8.10983657836914 
-8.815258979797363, 7.945412635803223 
-1.7093605995178223, 1.385941743850708 
-4.786516189575195, 4.214466094970703 
-10.863383293151855, 9.780261993408203 
-9.844855308532715, 8.854020118713379 
3.1993167400360107, -3.0702733993530273 
1.8349814414978027, -1.8297736644744873 
0.7619116902351379, -0.8455522656440735 
-9.93722915649414, 8.93437385559082 
10.028225898742676, -9.363293647766113 
9.719537734985352, -9.071577072143555 
-3.9886491298675537, 3.4494199752807617 
10.270649909973145, -9.529783248901367 
8.383091926574707, -7.880694389343262 
-5.301140308380127, 4.725135326385498 
-9.509793281555176, 8.555397987365723 
5.476656913757324, -5.127619743347168 
-8.548066139221191, 7.688034534454346 
-6.805205345153809, 6.107212543487549 
8.026232719421387, -7.465775012969971 
-10.641008377075195, 9.551025390625 
5.805360794067383, -5.452221393585205 
6.632750511169434, -6.268620491027832 
9.472010612487793, -8.837774276733398 
7.883685111999512, -7.335926055908203 
9.234923362731934, -8.646029472351074 
-8.773558616638184, 7.884189605712891 
-9.009206771850586, 8.072257995605469 
-2.5960278511047363, 2.275290012359619 
9.816930770874023, -9.133820533752441 
-8.85033130645752, 7.946727752685547 
8.92978286743164, -8.32442855834961 
-10.930891990661621, 9.833637237548828 
-11.190353393554688, 10.06820297241211 
7.533965587615967, -7.086770057678223 
9.175339698791504, -8.578418731689453 
8.859956741333008, -8.288082122802734 
-0.8580334782600403, 0.6290059685707092 
4.336579322814941, -4.141400337219238 
-7.274285316467285, 6.520540237426758 
-11.367483139038086, 10.237039566040039 
-9.731534004211426, 8.759527206420898 
9.951920509338379, -9.267953872680664 
-5.326026916503906, 4.762855529785156 
8.311542510986328, -7.758296012878418 
9.048892974853516, -8.460694313049316 
-7.964214324951172, 7.165548324584961 
3.300577402114868, -3.116240978240967 
-4.139412879943848, 3.698906421661377 
9.394171714782715, -8.770853996276855 
8.339743614196777, -7.7858076095581055 
-9.589775085449219, 8.640179634094238 
-1.8130614757537842, 1.507983684539795 
-9.499896049499512, 8.55172061920166 
-10.77391242980957, 9.683321952819824 
-9.932650566101074, 8.951803207397461 
-10.730300903320312, 9.64870834350586 
-10.337606430053711, 9.301071166992188 
-11.11859130859375, 9.980892181396484 
-7.325509548187256, 6.582381725311279 
-8.704771995544434, 7.841115951538086 
8.882928848266602, -8.310515403747559 
-10.728585243225098, 9.660192489624023 
-3.772404670715332, 3.2993221282958984 
-11.226805686950684, 10.122533798217773 
-7.850893974304199, 7.034652233123779 
8.785070419311523, -8.210607528686523 
-9.944814682006836, 8.938834190368652 
-5.88059663772583, 5.231806755065918 
-6.638007164001465, 5.95985221862793 
10.829482078552246, -10.122550964355469 
-4.206698417663574, 3.716933012008667 
-10.47179126739502, 9.428857803344727 
8.465605735778809, -7.891956329345703 
7.351003170013428, -6.920807361602783 
-8.590812683105469, 7.729759693145752 
8.696768760681152, -8.121431350708008 
-10.261853218078613, 9.22571086883545 
8.22709846496582, -7.684815406799316 
-8.646291732788086, 7.769570827484131 
6.193001747131348, -5.784848213195801 
-7.6057209968566895, 6.818752288818359 
9.102582931518555, -8.505924224853516 
5.371281623840332, -5.109301567077637 
1.910978078842163, -1.8674638271331787 
-10.585038185119629, 9.541261672973633 
9.010676383972168, -8.373797416687012 
-11.297699928283691, 10.164237976074219 
-9.399776458740234, 8.450157165527344 
9.88420295715332, -9.18666934967041 
-6.731861591339111, 6.000248908996582 
-9.309834480285645, 8.375507354736328 
7.155588626861572, -6.67609167098999 
-1.7960853576660156, 1.5270733833312988 
-11.38707447052002, 10.23122787475586 
-10.183465003967285, 9.172589302062988 
9.426493644714355, -8.807960510253906 
8.61327838897705, -8.066287994384766 
9.178961753845215, -8.572732925415039 
6.573463439941406, -6.170943737030029 
9.209794998168945, -8.569639205932617 
-4.108837127685547, 3.620166778564453 
-5.180627346038818, 4.591283798217773 
-8.316515922546387, 7.456068515777588 
-9.120924949645996, 8.183085441589355 
9.226702690124512, -8.639376640319824 
8.54413890838623, -7.966436386108398 
-10.905699729919434, 9.800806045532227 
-10.112828254699707, 9.086494445800781 
-7.376733779907227, 6.607262134552002 
2.573641777038574, -2.482062816619873 
-10.748242378234863, 9.670088768005371 
-10.188305854797363, 9.172584533691406 
10.730097770690918, -10.018301010131836 
7.771085739135742, -7.26113224029541 
9.862577438354492, -9.180953979492188 
8.847617149353027, -8.31910514831543 
-9.417689323425293, 8.454856872558594 
5.324771881103516, -4.995758056640625 
8.318108558654785, -7.740028381347656 
4.8541646003723145, -4.639430999755859 
10.957587242126465, -10.240181922912598 
-10.74299144744873, 9.668542861938477 
4.261822700500488, -3.995720624923706 
8.577448844909668, -8.009014129638672 
9.815051078796387, -9.169166564941406 
-7.575962543487549, 6.750741004943848 
-9.31840991973877, 8.397512435913086 
2.350127696990967, -2.2807273864746094 
4.162270545959473, -4.002710819244385 
9.360867500305176, -8.776302337646484 
-4.284451961517334, 3.792855978012085 
-10.767406463623047, 9.681395530700684 
8.81993579864502, -8.25963306427002 
-6.859186172485352, 6.17079496383667 
10.938420295715332, -10.192079544067383 
9.126965522766113, -8.526958465576172 
6.1211700439453125, -5.70782470703125 
7.055384635925293, -6.6086626052856445 
-11.008734703063965, 9.920738220214844 
-11.095368385314941, 9.997297286987305 
-2.2376770973205566, 1.9494733810424805 
8.148896217346191, -7.589446544647217 
9.557692527770996, -8.883511543273926 
-5.103514194488525, 4.541316509246826 
-10.60346508026123, 9.583703994750977 
-9.221903800964355, 8.267681121826172 
10.196972846984863, -9.515827178955078 
2.7037718296051025, -2.655346393585205 
9.36718463897705, -8.765581130981445 
7.051950931549072, -6.649929046630859 
7.071176528930664, -6.658980846405029 
-3.794132709503174, 3.3508875370025635 
-9.684359550476074, 8.705467224121094 
-5.691718101501465, 5.074558734893799 
10.434317588806152, -9.703598022460938 
8.699082374572754, -8.141851425170898 
8.602330207824707, -8.042701721191406 
11.06018352508545, -10.244926452636719 
10.979558944702148, -10.217702865600586 
-11.563958168029785, 10.386890411376953 
-10.939356803894043, 9.865520477294922 
-0.9384884238243103, 0.7476640343666077 
11.248319625854492, -10.52203369140625 
-10.689492225646973, 9.611711502075195 
-4.01303243637085, 3.560617208480835 
-3.673696279525757, 3.1936850547790527 
8.146011352539062, -7.687585830688477 
-11.834010124206543, 10.640972137451172 
-10.109002113342285, 9.08485221862793 
6.29686975479126, -5.881625175476074 
9.96036148071289, -9.31061840057373 
-2.1849324703216553, 1.809450626373291 
8.611556053161621, -8.065567970275879 
7.27001953125, -6.796042442321777 
1.622828483581543, -1.6039459705352783 
-2.842623710632324, 2.466871738433838 
-9.74670124053955, 8.76116943359375 
9.94089126586914, -9.294822692871094 
-4.576985836029053, 4.031983375549316 
-9.611858367919922, 8.621953964233398 
10.134177207946777, -9.440413475036621 
6.161099910736084, -5.825156211853027 
-10.862068176269531, 9.755279541015625 
10.364642143249512, -9.700653076171875 
-10.080777168273926, 9.054943084716797 
3.9689481258392334, -3.799271583557129 
3.516392230987549, -3.3590450286865234 
-11.645781517028809, 10.482266426086426 
9.683499336242676, -9.039175033569336 
11.066723823547363, -10.34616756439209 
-7.26514196395874, 6.526360511779785 
6.429996490478516, -6.029930114746094 
9.310673713684082, -8.676109313964844 
-9.853620529174805, 8.881096839904785 
-10.928600311279297, 9.837751388549805 
9.057781219482422, -8.448676109313965 
7.204619407653809, -6.74078369140625 
8.183737754821777, -7.644484519958496 
9.777619361877441, -9.097433090209961 
2.4740610122680664, -2.3902130126953125 
-6.144981384277344, 5.472281455993652 
10.986522674560547, -10.221280097961426 
8.58574390411377, -7.988161087036133 
5.526275634765625, -5.181886672973633 
3.010932683944702, -2.8633861541748047 
9.227677345275879, -8.597728729248047 
-9.648114204406738, 8.678569793701172 
-11.18825626373291, 10.069367408752441 
-8.243512153625488, 7.4034905433654785 
6.746355056762695, -6.366082668304443 
-9.552081108093262, 8.607725143432617 
-8.130143165588379, 7.325852394104004 
-10.237591743469238, 9.214741706848145 
-11.657843589782715, 10.491849899291992 
8.997061729431152, -8.428731918334961 
-11.419751167297363, 10.275238037109375 
6.890561103820801, -6.455227375030518 
-11.202850341796875, 10.083000183105469 
8.29114818572998, -7.772189617156982 
8.710345268249512, -8.119166374206543 
10.765222549438477, -10.042325973510742 
-6.882075309753418, 6.139449596405029 
10.42731761932373, -9.682998657226562 
8.573441505432129, -7.995728492736816 
10.566290855407715, -9.848648071289062 
-8.96716022491455, 8.057647705078125 
10.50432300567627, -9.807910919189453 
8.797693252563477, -8.263238906860352 
-10.449667930603027, 9.424979209899902 
9.13449764251709, -8.546486854553223 
-6.74169921875, 6.019777297973633 
-9.072905540466309, 8.14152717590332 
-11.210150718688965, 10.073200225830078 
9.56286334991455, -8.927366256713867 
8.971318244934082, -8.389663696289062 
8.124308586120605, -7.619614601135254 
9.737139701843262, -9.09494400024414 
-7.774317741394043, 6.928377151489258 
-10.118857383728027, 9.094717025756836 
9.386208534240723, -8.783226013183594 
-7.77668571472168, 6.968287467956543 
10.768499374389648, -10.08665657043457 
0.484873503446579, -0.5399307012557983 
8.915726661682129, -8.342533111572266 
-11.3462553024292, 10.2117919921875 
9.109721183776855, -8.480867385864258 
7.567380905151367, -7.090477466583252 
10.237759590148926, -9.559198379516602 
-9.564326286315918, 8.61313247680664 
8.10559368133545, -7.565029621124268 
9.272848129272461, -8.661201477050781 
-6.7504472732543945, 6.021599769592285 
7.35627555847168, -6.917716979980469 
-9.282509803771973, 8.34953498840332 
7.0360870361328125, -6.569174766540527 
8.967728614807129, -8.38210391998291 
-7.785109519958496, 6.953216075897217 
-2.417598247528076, 2.0634381771087646 
-5.553738594055176, 4.963595867156982 
-11.392409324645996, 10.254405975341797 
9.653759002685547, -9.01622200012207 
-8.168179512023926, 7.331334114074707 
-9.293390274047852, 8.355786323547363 
-9.716005325317383, 8.718324661254883 
7.259855270385742, -6.841784477233887 
-1.2526968717575073, 0.9988879561424255 
5.954743385314941, -5.575626373291016 
10.450093269348145, -9.736261367797852 
-10.022086143493652, 9.01775074005127 
9.956191062927246, -9.275346755981445 
-4.9150190353393555, 4.325010776519775 
10.337862014770508, -9.651086807250977 
-4.706343173980713, 4.208047866821289 
-5.1909332275390625, 4.629870414733887 
-8.523591041564941, 7.650552749633789 
9.491339683532715, -8.854312896728516 
-5.942605972290039, 5.273991107940674 
-8.077677726745605, 7.226846694946289 
-8.874833106994629, 8.029646873474121 
9.595626831054688, -8.925800323486328 
0.6535915732383728, -0.7267192006111145 
-11.57358455657959, 10.416725158691406 
6.13967752456665, -5.810996055603027 
-9.796426773071289, 8.82143783569336 
-6.6312479972839355, 5.965061187744141 
-8.99714183807373, 8.109769821166992 
-8.62627124786377, 7.732623100280762 
8.851983070373535, -8.230701446533203 
7.026320457458496, -6.583561897277832 
8.023581504821777, -7.544900417327881 
-10.684863090515137, 9.625308990478516 
9.571120262145996, -8.961589813232422 
-5.022554874420166, 4.490558624267578 
8.47075080871582, -7.8967084884643555 
-11.11303997039795, 10.019432067871094 
-11.000784873962402, 9.897350311279297 
-6.348150730133057, 5.668917655944824 
10.3744478225708, -9.655815124511719 
9.729327201843262, -9.08790111541748 
10.119297981262207, -9.44412612915039 
8.439754486083984, -7.878371238708496 
3.8538479804992676, -3.612046241760254 
-3.5388081073760986, 3.145264148712158 
7.96624755859375, -7.411739349365234 
-9.187565803527832, 8.23870849609375 
-11.245107650756836, 10.124395370483398 
8.522042274475098, -7.973087310791016 
-3.5138893127441406, 3.092989206314087 
-9.793303489685059, 8.79024887084961 
-6.870505332946777, 6.127732276916504 
9.67204761505127, -9.004501342773438 
-9.88917064666748, 8.909420013427734 
9.877283096313477, -9.176897048950195 
-8.267840385437012, 7.481513023376465 
8.18938159942627, -7.640446662902832 
-10.366278648376465, 9.342897415161133 
8.065655708312988, -7.53102970123291 
9.8125638961792, -9.221529006958008 
-9.856306076049805, 8.882760047912598 
3.6837821006774902, -3.4985909461975098 
10.144782066345215, -9.446540832519531 
9.617732048034668, -8.956575393676758 
6.503832817077637, -6.133101940155029 
2.3385629653930664, -2.2662765979766846 
8.600763320922852, -8.085960388183594 
9.64002513885498, -8.989776611328125 
-3.4114842414855957, 2.989004611968994 
-7.528069496154785, 6.725729465484619 
10.686760902404785, -9.968130111694336 
-8.404332160949707, 7.56719970703125 
-8.178580284118652, 7.337978363037109 
-11.294079780578613, 10.164142608642578 
-6.6121416091918945, 5.943724632263184 
8.776724815368652, -8.216062545776367 
10.329731941223145, -9.6603422164917 
2.580156087875366, -2.4818060398101807 
9.476471900939941, -8.849567413330078 
8.347270011901855, -7.814724922180176 
-7.354994773864746, 6.587048530578613 
-0.5311025977134705, 0.393382728099823 
-3.057720422744751, 2.6689844131469727 
-11.21764087677002, 10.090009689331055 
-11.034915924072266, 9.95192813873291 
10.02477741241455, -9.335590362548828 
-9.489497184753418, 8.55185317993164 
-9.591757774353027, 8.61185073852539 
-10.380925178527832, 9.329179763793945 
-6.472447872161865, 5.782557487487793 
-8.554359436035156, 7.655444622039795 
-5.859183311462402, 5.24116325378418 
3.242997169494629, -3.1350035667419434 
11.439797401428223, -10.645593643188477 
-11.430249214172363, 10.285287857055664 
6.728950500488281, -6.348175048828125 
3.543571949005127, -3.3550004959106445 
-7.155470848083496, 6.45014762878418 
-7.033630847930908, 6.320159912109375 
7.396553039550781, -6.887539863586426 
3.2185230255126953, -3.0400495529174805 
-10.30966854095459, 9.315462112426758 
10.849095344543457, -10.076992988586426 
-8.614937782287598, 7.740511894226074 
-8.83120346069336, 7.930500030517578 
-10.298266410827637, 9.257734298706055 
6.506348133087158, -6.0680251121521 
-9.769410133361816, 8.808307647705078 
3.8057522773742676, -3.6014392375946045 
12.044211387634277, -11.224420547485352 
8.233789443969727, -7.676617622375488 
-10.909399032592773, 9.820552825927734 
9.474623680114746, -8.8350248336792 
-10.811903953552246, 9.70582389831543 
-9.861257553100586, 8.888002395629883 
6.9570231437683105, -6.502906322479248 
5.078096866607666, -4.817660331726074 
9.80105972290039, -9.147193908691406 
9.90883731842041, -9.207468032836914 
9.286139488220215, -8.696130752563477 
7.666438102722168, -7.202735900878906 
1.6582770347595215, -1.6587648391723633 
-9.437790870666504, 8.475030899047852 
-9.394001007080078, 8.433440208435059 
7.578004837036133, -7.066328048706055 
-10.733209609985352, 9.660472869873047 
6.4422607421875, -6.045745372772217 
8.882861137390137, -8.293861389160156 
6.728939056396484, -6.340555191040039 
9.508722305297852, -8.849737167358398 
8.555253028869629, -7.996049880981445 
-2.3310654163360596, 1.9591894149780273 
-10.772530555725098, 9.698984146118164 
9.471951484680176, -8.83491039276123 
-8.839829444885254, 7.921832084655762 
-0.25416308641433716, 0.13460060954093933 
-9.540331840515137, 8.583863258361816 
9.023553848266602, -8.424297332763672 
-5.238696098327637, 4.611943244934082 
1.084355115890503, -1.1401798725128174 
-0.6179022192955017, 0.4427471160888672 
-10.563664436340332, 9.523026466369629 
-10.736809730529785, 9.646207809448242 
-9.515828132629395, 8.561576843261719 
7.242077350616455, -6.765096664428711 
7.583002090454102, -7.144652366638184 
9.37926197052002, -8.785482406616211 
8.472392082214355, -7.875992774963379 
0.996589720249176, -1.0462009906768799 
9.072930335998535, -8.472021102905273 
9.139328956604004, -8.511842727661133 
5.746392726898193, -5.381039142608643 
-10.355849266052246, 9.319746017456055 
1.7041633129119873, -1.6318135261535645 
-6.415176868438721, 5.6805572509765625 
-7.329737186431885, 6.52065896987915 
7.620599746704102, -7.077215194702148 
-1.751961588859558, 1.4867017269134521 
0.3199378550052643, -0.5360727906227112 
5.247379302978516, -4.947601318359375 
9.760455131530762, -9.132038116455078 
9.124739646911621, -8.516003608703613 
8.83963680267334, -8.249917984008789 
-3.223644733428955, 2.810944080352783 
-9.807562828063965, 8.82834243774414 
-9.368830680847168, 8.42518138885498 
8.279887199401855, -7.71536922454834 
-5.034784317016602, 4.49498987197876 
4.865135192871094, -4.60434627532959 
-9.22078800201416, 8.26879596710205 
9.619075775146484, -8.987339973449707 
-9.232453346252441, 8.325164794921875 
7.930857181549072, -7.444568634033203 
-4.640320301055908, 4.116671562194824 
7.037837982177734, -6.590331554412842 
-11.489250183105469, 10.326601028442383 
10.658778190612793, -9.918710708618164 
-9.921353340148926, 8.883708953857422 
-8.277535438537598, 7.471823215484619 
-9.447983741760254, 8.497775077819824 
9.438077926635742, -8.82242488861084 
-2.6520256996154785, 2.2865142822265625 
-7.566018581390381, 6.746622085571289 
7.784544944763184, -7.282732963562012 
10.28193187713623, -9.605405807495117 
9.053345680236816, -8.476238250732422 
9.294856071472168, -8.662965774536133 
-10.680109024047852, 9.584436416625977 
-7.669564247131348, 6.869081020355225 
-11.038333892822266, 9.937686920166016 
-1.7126003503799438, 1.4197900295257568 
1.503559947013855, -1.5093698501586914 
-8.532443046569824, 7.691274166107178 
-11.20845890045166, 10.086193084716797 
-10.16476058959961, 9.142470359802246 
-6.880213737487793, 6.087380409240723 
9.921526908874512, -9.232804298400879 
7.394126892089844, -6.9105987548828125 
-11.345122337341309, 10.197961807250977 
-11.414095878601074, 10.273829460144043 
8.818535804748535, -8.239784240722656 
8.494952201843262, -7.93336296081543 
9.475863456726074, -8.856760025024414 
-8.485623359680176, 7.618833541870117 
9.950749397277832, -9.282461166381836 
2.3602066040039062, -2.369819164276123 
2.6698176860809326, -2.5289740562438965 
10.729849815368652, -10.025442123413086 
-11.331573486328125, 10.190975189208984 
10.990763664245605, -10.25475025177002 
6.067999839782715, -5.722347259521484 
-9.333800315856934, 8.401588439941406 
7.809447288513184, -7.293369770050049 
-6.003423690795898, 5.335412979125977 
8.878241539001465, -8.346207618713379 
9.946188926696777, -9.312268257141113 
0.8689003586769104, -0.9369093775749207 
-4.778499126434326, 4.281545639038086 
-10.3186674118042, 9.317548751831055 
9.023382186889648, -8.43394660949707 
9.528504371643066, -8.881141662597656 
7.1364336013793945, -6.709673881530762 
6.244769096374512, -5.849661827087402 
10.74170970916748, -9.98693561553955 
-9.116964340209961, 8.169927597045898 
-10.999853134155273, 9.887916564941406 
-10.865622520446777, 9.800978660583496 
7.579422950744629, -7.103945255279541 
9.69470500946045, -9.079950332641602 
-10.171856880187988, 9.154302597045898 
-6.4995198249816895, 5.8157758712768555 
9.806361198425293, -9.155348777770996 
-11.123716354370117, 9.997198104858398 
-10.741411209106445, 9.676101684570312 
5.921134948730469, -5.646390914916992 
-9.767951965332031, 8.747993469238281 
-9.9852933883667, 8.98851490020752 
-6.901557445526123, 6.16690731048584 
9.599714279174805, -8.938314437866211 
-3.7911107540130615, 3.3488306999206543 
10.937281608581543, -10.21104907989502 
10.677695274353027, -9.920305252075195 
-10.007744789123535, 8.952930450439453 
-7.314850807189941, 6.582988262176514 
-9.498730659484863, 8.523970603942871 
-6.958809852600098, 6.224760055541992 
-10.541367530822754, 9.509889602661133 
-10.836886405944824, 9.737226486206055 
9.44991397857666, -8.786026000976562 
5.232321739196777, -4.95062255859375 
8.336344718933105, -7.782902717590332 
10.043658256530762, -9.365487098693848 
3.3395605087280273, -3.2501392364501953 
-9.893046379089355, 8.894840240478516 
9.12983226776123, -8.520137786865234 
9.44064998626709, -8.781911849975586 
10.850525856018066, -10.095396995544434 
-4.837604522705078, 4.257694244384766 
-8.503179550170898, 7.652743339538574 
0.17218154668807983, -0.2607055604457855 
8.943642616271973, -8.37590503692627 
-10.244153022766113, 9.230597496032715 
-8.397549629211426, 7.5630292892456055 
8.639704704284668, -8.041157722473145 
11.261168479919434, -10.473018646240234 
8.725951194763184, -8.156739234924316 
3.525045156478882, -3.3306069374084473 
-9.679665565490723, 8.696157455444336 
7.689975261688232, -7.172932147979736 
-10.345419883728027, 9.32396411895752 
-10.43410587310791, 9.373130798339844 
-9.048615455627441, 8.12355899810791 
8.664189338684082, -8.045746803283691 
8.666462898254395, -8.084735870361328 
5.638194561004639, -5.323038578033447 
-11.735007286071777, 10.557694435119629 
-9.878661155700684, 8.873353958129883 
9.179863929748535, -8.542716979980469 
3.8382182121276855, -3.6940622329711914 
-7.166211128234863, 6.416998863220215 
-8.736695289611816, 7.842932224273682 
-7.665804862976074, 6.837175369262695 
-9.620474815368652, 8.625127792358398 
-9.420975685119629, 8.499898910522461 
9.799178123474121, -9.16130256652832 
8.324042320251465, -7.7819623947143555 
6.653670310974121, -6.289124488830566 
-0.08020590990781784, -0.04212164133787155 
8.645615577697754, -8.05161190032959 
-4.426673889160156, 3.9144062995910645 
-7.445365905761719, 6.672819137573242 
8.626441955566406, -8.085114479064941 
-3.927807569503784, 3.472395896911621 
9.957549095153809, -9.293842315673828 
10.795517921447754, -10.05545425415039 
-9.939560890197754, 8.939661026000977 
-9.69980239868164, 8.742390632629395 
10.459959983825684, -9.787353515625 
-11.132939338684082, 10.011240005493164 
-9.699385643005371, 8.702508926391602 
9.451746940612793, -8.803228378295898 
-2.8095593452453613, 2.43430495262146 
-2.3057661056518555, 1.967858076095581 
7.292789459228516, -6.832752227783203 
8.262648582458496, -7.726963996887207 
8.531010627746582, -7.996397018432617 
-8.882966041564941, 7.988144874572754 
-11.530014991760254, 10.379377365112305 
-4.867103576660156, 4.272813320159912 
7.216360092163086, -6.729957580566406 
-3.941567897796631, 3.453871250152588 
10.022200584411621, -9.348464965820312 
-9.71491527557373, 8.742454528808594 
3.105445146560669, -2.9944608211517334 
-10.375166893005371, 9.35344123840332 
9.054351806640625, -8.478752136230469 
9.31109619140625, -8.648606300354004 
-10.826815605163574, 9.75716781616211 
6.665693759918213, -6.253192901611328 
10.85367202758789, -10.103890419006348 
-8.476912498474121, 7.611886024475098 
9.711138725280762, -9.076932907104492 
10.458949089050293, -9.755398750305176 
9.637049674987793, -8.970210075378418 
3.4479610919952393, -3.263153553009033 
-11.592379570007324, 10.418615341186523 
-9.532200813293457, 8.557310104370117 
-6.0926032066345215, 5.439565181732178 
11.289202690124512, -10.519430160522461 
-6.886090278625488, 6.204925537109375 
-11.011765480041504, 9.912860870361328 
-9.416221618652344, 8.46200942993164 
-8.719563484191895, 7.816624164581299 
10.152336120605469, -9.466548919677734 
9.627459526062012, -8.992238998413086 
10.802740097045898, -10.07438850402832 
10.382826805114746, -9.683194160461426 
9.680943489074707, -9.014694213867188 
-10.171338081359863, 9.149639129638672 
10.927088737487793, -10.14432144165039 
-11.162035942077637, 10.05532455444336 
2.283022165298462, -2.2151360511779785 
9.202461242675781, -8.596637725830078 
2.0762391090393066, -2.021665573120117 
-9.848410606384277, 8.867328643798828 
-8.742033958435059, 7.869325160980225 
-5.280264854431152, 4.732599258422852 
-8.836026191711426, 7.938840866088867 
-11.020040512084961, 9.914609909057617 
8.76071834564209, -8.154964447021484 
-10.81490421295166, 9.730344772338867 
1.5673468112945557, -1.5557520389556885 
-11.126167297363281, 9.999808311462402 
-11.044119834899902, 9.964892387390137 
10.389077186584473, -9.682966232299805 
-7.723228454589844, 6.946846961975098 
-9.898934364318848, 8.912729263305664 
-11.291060447692871, 10.146112442016602 
7.840053558349609, -7.319378852844238 
-9.052501678466797, 8.129995346069336 
-6.673464775085449, 5.965021133422852 
4.270703315734863, -4.072011470794678 
-10.762879371643066, 9.676733016967773 
9.335387229919434, -8.706764221191406 
4.150158882141113, -3.8945508003234863 
-11.493929862976074, 10.377002716064453 
-0.06837129592895508, -0.06687132269144058 
-9.445565223693848, 8.47661304473877 
9.791762351989746, -9.127378463745117 
-3.7118451595306396, 3.2695436477661133 
-10.328766822814941, 9.322562217712402 
-6.651766777038574, 5.942058563232422 
-6.828261852264404, 6.1075849533081055 
10.844287872314453, -10.156566619873047 
-2.4712209701538086, 2.069380283355713 
-9.631494522094727, 8.661153793334961 
-7.536418914794922, 6.752188682556152 
-1.5727415084838867, 1.318528413772583 
10.102889060974121, -9.429551124572754 
-11.755080223083496, 10.572599411010742 
-10.765847206115723, 9.728187561035156 
-1.6914747953414917, 1.429297924041748 
-8.470629692077637, 7.61381721496582 
-10.956463813781738, 9.858291625976562 
9.479842185974121, -8.842893600463867 
-6.06551456451416, 5.396397590637207 
9.558135032653809, -8.912569999694824 
-11.282158851623535, 10.145293235778809 
-6.14970588684082, 5.489128112792969 
12.156586647033691, -11.333145141601562 
-4.555096626281738, 4.008977890014648 
3.308185577392578, -3.1586339473724365 
4.561712265014648, -4.314552307128906 
-8.799137115478516, 7.9490203857421875 
-6.061945915222168, 5.395803451538086 
6.027909755706787, -5.68698787689209 
10.09187126159668, -9.38558578491211 
7.477960586547852, -7.034365653991699 
-11.095011711120605, 9.982163429260254 
11.417464256286621, -10.622552871704102 
-3.054356098175049, 2.676694631576538 
7.602428436279297, -7.133216381072998 
4.502466201782227, -4.303208351135254 
-1.3321720361709595, 1.084188461303711 
8.229785919189453, -7.688332557678223 
-4.4568681716918945, 3.879594564437866 
9.278729438781738, -8.689695358276367 
-7.599669456481934, 6.833738327026367 
-9.710782051086426, 8.785516738891602 
-10.753174781799316, 9.692447662353516 
6.75802755355835, -6.3067145347595215 
9.862982749938965, -9.226850509643555 
-10.18520450592041, 9.196743965148926 
9.015439987182617, -8.408604621887207 
9.250152587890625, -8.654935836791992 
9.799450874328613, -9.191991806030273 
-7.3708295822143555, 6.6214494705200195 
9.487076759338379, -8.86131763458252 
10.02767276763916, -9.408222198486328 
-5.210582256317139, 4.708352088928223 
-4.245184898376465, 3.729810953140259 
9.181126594543457, -8.573716163635254 
9.911867141723633, -9.260709762573242 
9.657719612121582, -8.965298652648926 
-10.42551326751709, 9.38296127319336 
-7.679047584533691, 6.8901567459106445 
8.119215965270996, -7.582154750823975 
10.156102180480957, -9.478798866271973 
2.8422093391418457, -2.7598533630371094 
-6.712676525115967, 5.9995574951171875 
-10.347855567932129, 9.307666778564453 
-6.438742160797119, 5.748661994934082 
-8.185624122619629, 7.335137367248535 
7.710233688354492, -7.163205146789551 
2.710921049118042, -2.6781671047210693 
-4.680347919464111, 4.162915229797363 
-10.078473091125488, 9.081031799316406 
-7.169302940368652, 6.439643859863281 
8.196925163269043, -7.65474796295166 
-7.126917839050293, 6.353222370147705 
10.468781471252441, -9.744391441345215 
8.06379222869873, -7.514167785644531 
9.61032772064209, -8.972139358520508 
-10.413142204284668, 9.373891830444336 
-10.172179222106934, 9.13393783569336 
-9.878335952758789, 8.890148162841797 
-11.130764961242676, 10.011482238769531 
-7.979757308959961, 7.157379627227783 
-8.631684303283691, 7.767078876495361 
-8.241868019104004, 7.400557041168213 
-9.262499809265137, 8.3428955078125 
-10.862748146057129, 9.770488739013672 
10.865935325622559, -10.115768432617188 
9.773090362548828, -9.096410751342773 
-11.47237491607666, 10.333385467529297 
-3.856003522872925, 3.408928871154785 
-11.112581253051758, 9.998205184936523 
