3.5217559337615967, -3.3549857139587402 
-2.064375877380371, 1.7439388036727905 
6.522998332977295, -6.114187240600586 
6.447806358337402, -6.051497936248779 
5.573431968688965, -5.251414775848389 
-8.463898658752441, 7.612762928009033 
-6.3358473777771, 5.698297500610352 
1.9036166667938232, -1.8496111631393433 
5.0632524490356445, -4.767384052276611 
-2.38541316986084, 2.0619430541992188 
6.067062854766846, -5.726255893707275 
3.937467098236084, -3.73606538772583 
5.745113372802734, -5.4042134284973145 
5.65376615524292, -5.350897789001465 
-8.470590591430664, 7.597409725189209 
-1.7488398551940918, 1.489268183708191 
4.412400245666504, -4.123555660247803 
5.088372707366943, -4.821320056915283 
4.390267848968506, -4.15339994430542 
-3.6217546463012695, 3.2000644207000732 
-0.33707693219184875, 0.20897874236106873 
6.570633411407471, -6.175020694732666 
-0.7738977074623108, 0.659156084060669 
-8.47780990600586, 7.603903293609619 
-10.052879333496094, 9.03182315826416 
-5.514817237854004, 4.92128324508667 
4.982529163360596, -4.7470316886901855 
-1.3305827379226685, 1.087679147720337 
2.086854934692383, -2.0224077701568604 
-5.525973796844482, 4.9356513023376465 
-7.503950595855713, 6.72061824798584 
4.878670692443848, -4.602258205413818 
2.2455363273620605, -2.205810546875 
-2.6086912155151367, 2.28678035736084 
3.5362908840179443, -3.3903355598449707 
-7.059996604919434, 6.34617280960083 
5.95053243637085, -5.606229305267334 
-4.165476322174072, 3.632723331451416 
6.464780807495117, -6.052235126495361 
-2.7109732627868652, 2.388418436050415 
6.295919895172119, -5.933653354644775 
4.774263858795166, -4.532832622528076 
2.5678017139434814, -2.4935779571533203 
1.2876940965652466, -1.2779124975204468 
-6.790217876434326, 6.101470947265625 
-8.44672966003418, 7.610808372497559 
-3.482632875442505, 3.1033520698547363 
-7.606370449066162, 6.826649188995361 
-6.295475482940674, 5.646579265594482 
-8.019759178161621, 7.214256763458252 
5.600383281707764, -5.296234607696533 
3.778721332550049, -3.582395553588867 
-4.052605628967285, 3.617091655731201 
1.7630761861801147, -1.7321704626083374 
-6.900087833404541, 6.197956085205078 
4.6836771965026855, -4.453892707824707 
-4.965220928192139, 4.441162586212158 
-8.754249572753906, 7.859903335571289 
-0.8398392200469971, 0.6825461983680725 
-6.041557788848877, 5.3887200355529785 
-7.642284870147705, 6.856236934661865 
5.3708038330078125, -5.097080707550049 
2.8427391052246094, -2.7242376804351807 
-3.857877731323242, 3.451425313949585 
3.7554380893707275, -3.5845844745635986 
-2.719111919403076, 2.3640778064727783 
5.040926933288574, -4.76176118850708 
-6.896752834320068, 6.166532039642334 
-8.216066360473633, 7.40323543548584 
2.5373196601867676, -2.458494186401367 
5.572561264038086, -5.240257740020752 
-5.099782466888428, 4.560696125030518 
-7.454958438873291, 6.71278715133667 
2.8340044021606445, -2.707740306854248 
5.572286128997803, -5.248231410980225 
-4.515347480773926, 4.029722213745117 
5.329874515533447, -5.047470569610596 
-1.591572880744934, 1.3414050340652466 
-9.108623504638672, 8.179417610168457 
6.731686592102051, -6.344585418701172 
6.1142449378967285, -5.768106460571289 
-9.533727645874023, 8.567581176757812 
-1.7807636260986328, 1.5333517789840698 
-6.002223014831543, 5.382086277008057 
-8.666162490844727, 7.801366806030273 
1.0060385465621948, -1.0522844791412354 
5.993431568145752, -5.671557903289795 
-7.271917343139648, 6.532445430755615 
-9.402463912963867, 8.468634605407715 
0.7106676697731018, -0.7282505631446838 
7.08601188659668, -6.650221347808838 
-4.4748663902282715, 4.042169094085693 
-4.298095226287842, 3.8412880897521973 
-8.017617225646973, 7.200927257537842 
-6.786228656768799, 6.068282604217529 
6.347319602966309, -5.977627277374268 
6.108205318450928, -5.754478454589844 
5.673675060272217, -5.377064228057861 
-4.343890190124512, 3.8431568145751953 
5.8465447425842285, -5.492843151092529 
0.4195983111858368, -0.5157967805862427 
7.1278204917907715, -6.649842739105225 
-3.268911361694336, 2.8817203044891357 
-3.247095823287964, 2.8844571113586426 
3.849766731262207, -3.664306163787842 
3.997936725616455, -3.8151376247406006 
-9.564485549926758, 8.612523078918457 
8.471902847290039, -7.926929950714111 
-0.46623051166534424, 0.3100341260433197 
-5.355377674102783, 4.803328037261963 
-8.387250900268555, 7.5404744148254395 
4.225200176239014, -4.007370471954346 
-8.349004745483398, 7.5189056396484375 
2.4599220752716064, -2.3952760696411133 
4.367437839508057, -4.1537628173828125 
-3.7230937480926514, 3.2652812004089355 
-5.768025875091553, 5.15286111831665 
-6.0884575843811035, 5.446156978607178 
-7.516920566558838, 6.76040506362915 
-6.409642696380615, 5.740823268890381 
-8.292803764343262, 7.470853805541992 
-8.039671897888184, 7.241649150848389 
5.1309733390808105, -4.816013813018799 
5.469404697418213, -5.185406684875488 
5.51415491104126, -5.18604850769043 
-8.766374588012695, 7.868274688720703 
5.587873935699463, -5.238912105560303 
-6.169935703277588, 5.535757541656494 
-2.9033823013305664, 2.5460057258605957 
4.743950366973877, -4.496893882751465 
-1.5160566568374634, 1.2764204740524292 
6.397675037384033, -5.985250949859619 
-6.868143081665039, 6.164026737213135 
-6.20405387878418, 5.566915988922119 
4.4902472496032715, -4.229247093200684 
-4.346177101135254, 3.8588790893554688 
5.64177942276001, -5.3070783615112305 
-7.884847164154053, 7.103124618530273 
-8.231635093688965, 7.415474891662598 
-7.928532123565674, 7.098343372344971 
5.362544536590576, -5.042485237121582 
5.834774494171143, -5.471068859100342 
7.146640300750732, -6.7136969566345215 
7.660889625549316, -7.175543308258057 
-8.277253150939941, 7.432020664215088 
-5.672807216644287, 5.088778972625732 
-9.284671783447266, 8.332103729248047 
5.713876724243164, -5.426672458648682 
-6.390112400054932, 5.73848295211792 
5.334073066711426, -5.001888751983643 
-9.337644577026367, 8.401358604431152 
-7.194950580596924, 6.422630310058594 
-7.619689464569092, 6.853884220123291 
5.701972484588623, -5.3752522468566895 
-6.817981243133545, 6.118885040283203 
-7.439373970031738, 6.698023796081543 
1.666682243347168, -1.6662858724594116 
3.863286018371582, -3.6665573120117188 
-8.699150085449219, 7.821506977081299 
-9.873210906982422, 8.882668495178223 
-4.581523418426514, 4.05344820022583 
-9.050844192504883, 8.148015022277832 
-6.7700653076171875, 6.059140205383301 
-6.735408306121826, 6.082145690917969 
-9.511470794677734, 8.562739372253418 
-2.2302231788635254, 1.8963099718093872 
-8.30836296081543, 7.4802565574646 
4.092381954193115, -3.935215473175049 
-0.038701385259628296, -0.08517097681760788 
5.650386333465576, -5.339223861694336 
5.910275936126709, -5.606935977935791 
-1.7991399765014648, 1.590288758277893 
4.680089473724365, -4.408140659332275 
3.907076597213745, -3.727973461151123 
-0.606253445148468, 0.41037431359291077 
-6.242045879364014, 5.6289896965026855 
-4.7520928382873535, 4.228822708129883 
-7.692217826843262, 6.864482402801514 
7.093653202056885, -6.640310764312744 
-4.899569988250732, 4.394528388977051 
5.053273677825928, -4.7734055519104 
-3.030386447906494, 2.652355670928955 
-5.789444446563721, 5.179875373840332 
-8.52723217010498, 7.662561893463135 
3.3635244369506836, -3.224397897720337 
7.242547512054443, -6.775583744049072 
3.5464208126068115, -3.405604362487793 
6.4605231285095215, -6.0240349769592285 
-7.593827724456787, 6.827236652374268 
-8.623821258544922, 7.763976097106934 
4.6830878257751465, -4.448275566101074 
2.500133991241455, -2.467055320739746 
3.806288480758667, -3.625514507293701 
4.918347358703613, -4.636181354522705 
3.206305742263794, -3.0409748554229736 
-3.471238851547241, 3.0611371994018555 
-1.2601628303527832, 1.0471771955490112 
-5.620398998260498, 5.031981468200684 
-5.345639705657959, 4.797637462615967 
5.55741548538208, -5.2493720054626465 
-7.4017767906188965, 6.641953945159912 
-7.67683219909668, 6.900616645812988 
-5.403182506561279, 4.824347972869873 
3.5596084594726562, -3.411442756652832 
4.8955769538879395, -4.582850933074951 
6.803460597991943, -6.418499946594238 
-1.0565319061279297, 0.8303003907203674 
6.689697265625, -6.286135196685791 
5.713767051696777, -5.351987361907959 
-3.4957680702209473, 3.1470937728881836 
1.5794488191604614, -1.539961814880371 
0.23952019214630127, -0.3025587201118469 
6.397467136383057, -6.010984897613525 
5.979259967803955, -5.590811729431152 
-0.22511056065559387, 0.09752803295850754 
6.544857025146484, -6.131932735443115 
5.5649261474609375, -5.280287742614746 
-6.103263854980469, 5.475731372833252 
2.8024139404296875, -2.7173852920532227 
-6.586450576782227, 5.915717124938965 
-7.018930912017822, 6.303677082061768 
-5.188473224639893, 4.634096622467041 
-5.998425483703613, 5.374842166900635 
-8.526439666748047, 7.645793437957764 
-5.217540264129639, 4.648010730743408 
-5.30272102355957, 4.750258922576904 
-4.685156345367432, 4.19687557220459 
6.637635231018066, -6.214198589324951 
-5.2856669425964355, 4.703843593597412 
3.3989100456237793, -3.2191853523254395 
3.4346208572387695, -3.2602596282958984 
2.7795464992523193, -2.651099443435669 
2.6990303993225098, -2.592226028442383 
-3.0786657333374023, 2.7021172046661377 
-8.800375938415527, 7.905942440032959 
5.406961917877197, -5.091550350189209 
5.25714635848999, -4.967925548553467 
-9.38980770111084, 8.450667381286621 
-4.9031219482421875, 4.354004383087158 
-5.413219928741455, 4.8390936851501465 
-6.412583827972412, 5.737827301025391 
-4.623712062835693, 4.119993209838867 
-5.133355140686035, 4.617204666137695 
6.532872676849365, -6.165482044219971 
-7.318869590759277, 6.565018653869629 
6.608125686645508, -6.178721904754639 
-8.757505416870117, 7.86959981918335 
5.352833271026611, -5.031717777252197 
-9.17626953125, 8.245381355285645 
6.348784446716309, -5.956174373626709 
5.331497669219971, -5.039672374725342 
-6.490172386169434, 5.812846660614014 
-8.6444091796875, 7.747158527374268 
5.220061779022217, -4.901466369628906 
-8.133565902709961, 7.333551406860352 
-8.355005264282227, 7.486568450927734 
-6.422296047210693, 5.715015888214111 
6.776406764984131, -6.365339756011963 
6.879527568817139, -6.464314937591553 
5.718606472015381, -5.397059917449951 
-7.336252689361572, 6.584793567657471 
-0.4436072111129761, 0.25336721539497375 
-8.323310852050781, 7.471909999847412 
3.196608066558838, -3.0191733837127686 
6.645364284515381, -6.257767200469971 
-4.508959770202637, 3.968238353729248 
-3.807856559753418, 3.360841751098633 
-0.4508843421936035, 0.29552653431892395 
0.5245820879936218, -0.5876134634017944 
6.560432434082031, -6.122532367706299 
-5.538322925567627, 4.984569549560547 
5.387686252593994, -5.062687397003174 
-7.616910457611084, 6.8603363037109375 
-8.823250770568848, 7.936550617218018 
-8.960354804992676, 8.074907302856445 
5.1003642082214355, -4.8674702644348145 
-6.455167293548584, 5.8049235343933105 
-8.846135139465332, 7.954820156097412 
-1.575587511062622, 1.2688359022140503 
-3.0163028240203857, 2.62441349029541 
-6.367800712585449, 5.70542049407959 
4.735238552093506, -4.474706172943115 
3.629599094390869, -3.432082176208496 
6.230071067810059, -5.867448329925537 
-4.8482770919799805, 4.3086113929748535 
-1.3614130020141602, 1.1820616722106934 
-1.4013185501098633, 1.1644872426986694 
7.1820068359375, -6.749374866485596 
-9.345260620117188, 8.410905838012695 
0.21817559003829956, -0.31121477484703064 
4.5723347663879395, -4.3499369621276855 
0.8609024882316589, -0.9509230852127075 
6.118581771850586, -5.763856887817383 
5.285126209259033, -5.018258571624756 
-5.10349178314209, 4.53965425491333 
4.208223342895508, -4.007437229156494 
-5.379666805267334, 4.80059289932251 
6.80962610244751, -6.427119255065918 
-6.602441310882568, 5.903095722198486 
-5.284152507781982, 4.738620758056641 
7.045131683349609, -6.598782062530518 
-5.470412731170654, 4.917741298675537 
-6.45734167098999, 5.803992748260498 
-8.76542854309082, 7.884511470794678 
5.766491413116455, -5.435883045196533 
3.807142496109009, -3.6046788692474365 
-4.3123955726623535, 3.7782504558563232 
5.689483165740967, -5.388962268829346 
5.29517126083374, -4.997199535369873 
7.515801906585693, -7.04618501663208 
6.264388084411621, -5.932677268981934 
0.7448665499687195, -0.8202425837516785 
2.8959667682647705, -2.7929952144622803 
-5.255282878875732, 4.6464762687683105 
6.022128582000732, -5.685055255889893 
3.675172805786133, -3.4709057807922363 
-6.256344318389893, 5.618764400482178 
5.887260913848877, -5.547060012817383 
5.427047252655029, -5.159768581390381 
-7.169346332550049, 6.436704158782959 
-8.724565505981445, 7.85107421875 
5.001582622528076, -4.696413040161133 
6.727735996246338, -6.284844875335693 
4.2908244132995605, -4.043222904205322 
5.719088077545166, -5.362127304077148 
-6.2450995445251465, 5.564514636993408 
4.557106971740723, -4.334847450256348 
-8.14822006225586, 7.338507175445557 
-1.760241985321045, 1.4455713033676147 
-3.5179288387298584, 3.094484806060791 
4.870500087738037, -4.571159839630127 
-5.468316555023193, 4.8934454917907715 
-6.463538646697998, 5.80703067779541 
-9.167099952697754, 8.25679874420166 
-7.3289594650268555, 6.557998180389404 
0.8778668642044067, -0.9196337461471558 
-3.2964253425598145, 2.9271037578582764 
-8.126547813415527, 7.308467864990234 
2.300333023071289, -2.2173590660095215 
-7.220332622528076, 6.484806537628174 
2.9978761672973633, -2.8599300384521484 
5.986392498016357, -5.592121601104736 
4.6713786125183105, -4.40931510925293 
-5.652925491333008, 5.02276611328125 
3.1938085556030273, -3.0321507453918457 
2.043933868408203, -2.0105504989624023 
4.966756820678711, -4.687624931335449 
5.085319995880127, -4.79318904876709 
5.896420478820801, -5.527587890625 
5.415218353271484, -5.101326942443848 
5.088575839996338, -4.820581436157227 
5.627723217010498, -5.305064678192139 
-2.0053062438964844, 1.7386959791183472 
-5.920014381408691, 5.291016101837158 
5.559545040130615, -5.240464210510254 
3.902982711791992, -3.6595990657806396 
-8.391322135925293, 7.5692644119262695 
-9.460845947265625, 8.499037742614746 
-5.311669826507568, 4.7681989669799805 
-9.644593238830566, 8.682655334472656 
4.643801212310791, -4.395193576812744 
2.8773603439331055, -2.7472147941589355 
3.6435203552246094, -3.4789838790893555 
-7.853193759918213, 7.056258201599121 
1.4937775135040283, -1.4893356561660767 
-3.553656578063965, 3.1335091590881348 
4.127946853637695, -3.911271810531616 
-8.050431251525879, 7.234320640563965 
-8.318496704101562, 7.494493007659912 
-4.3117828369140625, 3.8132522106170654 
6.62177848815918, -6.237356662750244 
-7.225033283233643, 6.468071460723877 
-0.22834429144859314, 0.10800593346357346 
7.452167510986328, -6.988499641418457 
-4.365231990814209, 3.894031524658203 
-3.865833282470703, 3.451554298400879 
-4.513552665710449, 4.034457683563232 
-4.970259666442871, 4.420955181121826 
5.3770952224731445, -5.0753936767578125 
4.478778839111328, -4.254316806793213 
5.106029987335205, -4.807962894439697 
4.172377586364746, -3.9562997817993164 
4.870511531829834, -4.615293979644775 
-6.752022743225098, 6.076550006866455 
-8.003698348999023, 7.185783386230469 
2.6183128356933594, -2.4942269325256348 
-3.963843584060669, 3.4658682346343994 
1.6080021858215332, -1.6076350212097168 
-3.7251126766204834, 3.2772274017333984 
5.303136348724365, -5.0231614112854 
5.712788105010986, -5.383237361907959 
3.894442558288574, -3.7295286655426025 
-3.6211657524108887, 3.2018933296203613 
-7.6782307624816895, 6.9012603759765625 
5.9347243309021, -5.607437610626221 
4.470286846160889, -4.221234321594238 
-8.74254035949707, 7.8801984786987305 
-5.020758628845215, 4.477635383605957 
-0.29563239216804504, 0.15148597955703735 
5.221749782562256, -4.890191555023193 
-5.49654483795166, 4.923593997955322 
6.711852550506592, -6.336795330047607 
-7.141260623931885, 6.403931140899658 
5.1405792236328125, -4.81555700302124 
-9.66451358795166, 8.70763874053955 
-7.727376461029053, 6.941288471221924 
-5.999078273773193, 5.392947196960449 
2.4886326789855957, -2.4326767921447754 
5.346463203430176, -5.066206932067871 
-5.662487030029297, 5.007742404937744 
-5.52427339553833, 4.909119129180908 
5.9772138595581055, -5.592733860015869 
-7.9688239097595215, 7.160745143890381 
-2.567976474761963, 2.2245380878448486 
4.812135219573975, -4.541762351989746 
2.8242311477661133, -2.697410821914673 
-8.9654541015625, 8.043099403381348 
-6.699062347412109, 6.0063090324401855 
2.491382122039795, -2.375328302383423 
-9.21208381652832, 8.285719871520996 
5.6402974128723145, -5.310805797576904 
-6.283551216125488, 5.598801136016846 
-9.45345687866211, 8.516589164733887 
-5.476219654083252, 4.917416572570801 
5.139278888702393, -4.896664619445801 
-3.383944272994995, 2.970134735107422 
3.013371467590332, -2.923217296600342 
-8.232136726379395, 7.397424221038818 
0.8790307641029358, -0.9806621670722961 
7.593931674957275, -7.134483814239502 
-7.25963830947876, 6.5100579261779785 
4.441162109375, -4.205700397491455 
4.8015570640563965, -4.535518646240234 
3.7663142681121826, -3.5686302185058594 
4.890703201293945, -4.631776809692383 
-7.569152355194092, 6.813161849975586 
-3.375321865081787, 2.9848194122314453 
-7.390855312347412, 6.618220329284668 
-5.118361949920654, 4.570154666900635 
4.64766788482666, -4.3733086585998535 
2.139014720916748, -2.0693771839141846 
-8.323494911193848, 7.495321273803711 
-2.541193962097168, 2.206385612487793 
5.0653605461120605, -4.7592597007751465 
7.094557762145996, -6.6443610191345215 
7.244078159332275, -6.800500392913818 
3.8155441284179688, -3.614189863204956 
-9.517616271972656, 8.572669982910156 
3.9341444969177246, -3.71946382522583 
5.3061323165893555, -4.984164714813232 
-7.692800045013428, 6.93182897567749 
-7.769301891326904, 6.960705280303955 
5.68604040145874, -5.3832106590271 
0.9341765642166138, -0.9948840141296387 
-8.714286804199219, 7.852833271026611 
0.5914068818092346, -0.6436607241630554 
-8.954560279846191, 8.045998573303223 
7.022378444671631, -6.583676338195801 
4.373101234436035, -4.169473648071289 
7.08894157409668, -6.66504430770874 
5.926996231079102, -5.569886684417725 
2.5937061309814453, -2.505970001220703 
-2.6229653358459473, 2.289022922515869 
-8.92695426940918, 8.034153938293457 
-4.066416263580322, 3.6083226203918457 
-7.837456226348877, 7.037447929382324 
-5.679165840148926, 5.0823750495910645 
5.625373363494873, -5.26192045211792 
7.128276824951172, -6.652770519256592 
3.391822338104248, -3.2271487712860107 
3.101491928100586, -2.975050449371338 
-8.999967575073242, 8.091324806213379 
-1.1962924003601074, 0.9936583638191223 
6.4702582359313965, -6.119852542877197 
5.785655498504639, -5.465710639953613 
5.82033109664917, -5.4786810874938965 
-9.354351043701172, 8.408358573913574 
7.573728561401367, -7.080606460571289 
-6.691490650177002, 5.996007442474365 
5.759453773498535, -5.407991886138916 
-2.2994329929351807, 2.0304439067840576 
4.700564861297607, -4.401243209838867 
3.3102753162384033, -3.1605753898620605 
6.4377007484436035, -6.082518577575684 
2.6594133377075195, -2.5263097286224365 
-2.9077107906341553, 2.4768807888031006 
-6.31170654296875, 5.621353626251221 
5.84711217880249, -5.479393482208252 
-9.03598403930664, 8.117640495300293 
-7.4751200675964355, 6.737091541290283 
-6.874719619750977, 6.185387134552002 
-5.608889579772949, 5.010827541351318 
5.364067554473877, -5.0575056076049805 
-6.190153121948242, 5.522246837615967 
-9.352407455444336, 8.42765998840332 
-1.8280333280563354, 1.5347319841384888 
3.5276753902435303, -3.387899875640869 
-5.361073970794678, 4.783003330230713 
1.1461031436920166, -1.1911373138427734 
-7.481398582458496, 6.727361679077148 
4.6390228271484375, -4.38920259475708 
-7.830822944641113, 7.038057804107666 
-5.671780586242676, 5.041598796844482 
-4.29552698135376, 3.8039066791534424 
5.887467861175537, -5.532598972320557 
5.877160549163818, -5.530557155609131 
-8.956966400146484, 8.036785125732422 
1.4678080081939697, -1.4523669481277466 
-0.7993847727775574, 0.6048449873924255 
-2.72037410736084, 2.348346471786499 
6.721374034881592, -6.320705890655518 
4.737827301025391, -4.461111545562744 
0.03362081199884415, -0.14697813987731934 
-8.082761764526367, 7.238662242889404 
-6.541168212890625, 5.864444732666016 
4.009341716766357, -3.8081612586975098 
6.533210277557373, -6.130008220672607 
0.6941308975219727, -0.6976171731948853 
-3.0424623489379883, 2.6944165229797363 
5.810047626495361, -5.461501598358154 
-3.560774564743042, 3.1496002674102783 
4.998877048492432, -4.707291126251221 
-4.174942493438721, 3.6861047744750977 
-7.667214870452881, 6.886892318725586 
-3.197687864303589, 2.7961513996124268 
1.816868543624878, -1.796129584312439 
1.462529182434082, -1.494390606880188 
4.381636142730713, -4.19909143447876 
-4.3595170974731445, 3.868938446044922 
2.7361292839050293, -2.6704771518707275 
4.161952495574951, -3.9237589836120605 
-1.91615629196167, 1.6076487302780151 
-7.836638927459717, 7.05176305770874 
0.03995434194803238, -0.1607644259929657 
6.0808186531066895, -5.730612277984619 
4.858083724975586, -4.598989963531494 
2.062870502471924, -2.0019071102142334 
7.130822658538818, -6.696725368499756 
6.439578056335449, -6.045797824859619 
-8.299755096435547, 7.44606351852417 
-7.368011474609375, 6.619624614715576 
5.6358723640441895, -5.303593158721924 
-4.045910358428955, 3.5658645629882812 
2.905275344848633, -2.823634624481201 
4.61707067489624, -4.383836269378662 
-6.273538112640381, 5.627072811126709 
5.371327877044678, -5.01655387878418 
-9.19884204864502, 8.273694038391113 
6.087136745452881, -5.72583532333374 
-2.4994750022888184, 2.1638786792755127 
-2.7923216819763184, 2.466813087463379 
6.358646869659424, -5.93428373336792 
4.480714321136475, -4.252933502197266 
-6.547974109649658, 5.829282283782959 
5.0234599113464355, -4.717904567718506 
-8.237494468688965, 7.439723491668701 
-4.899899005889893, 4.346030235290527 
4.329781532287598, -4.1515421867370605 
2.4949259757995605, -2.4524154663085938 
-6.323642730712891, 5.681436061859131 
-8.919822692871094, 8.023183822631836 
-0.6715169548988342, 0.45863911509513855 
6.263901233673096, -5.9213151931762695 
7.002910137176514, -6.5673394203186035 
-2.57871150970459, 2.248530626296997 
-2.856726884841919, 2.476803779602051 
5.163410663604736, -4.865455150604248 
-1.4988473653793335, 1.2293621301651 
-6.580195426940918, 5.883495807647705 
4.749377250671387, -4.501073360443115 
5.877330303192139, -5.530477523803711 
5.92578649520874, -5.566304683685303 
-8.301414489746094, 7.485628128051758 
3.4684383869171143, -3.315579414367676 
-1.0692286491394043, 0.8680702447891235 
-8.127032279968262, 7.298245906829834 
1.4323192834854126, -1.4311250448226929 
-6.268893718719482, 5.656012058258057 
-3.06119441986084, 2.697728157043457 
-3.1056573390960693, 2.7255120277404785 
6.7188286781311035, -6.333862781524658 
4.439416408538818, -4.215898036956787 
-8.161333084106445, 7.35610818862915 
-7.650505065917969, 6.890453338623047 
-8.531494140625, 7.6715264320373535 
6.431703090667725, -6.0430073738098145 
-0.8491553664207458, 0.6678556203842163 
-8.404720306396484, 7.559571743011475 
5.532792568206787, -5.202493190765381 
-6.20477294921875, 5.531610012054443 
4.831603527069092, -4.5746612548828125 
6.381180286407471, -5.960031509399414 
-1.127813696861267, 0.9247838854789734 
-7.1492815017700195, 6.435887336730957 
5.280910015106201, -4.942772388458252 
-6.323757648468018, 5.671894550323486 
-1.3067742586135864, 1.0655686855316162 
-4.006006240844727, 3.5555078983306885 
-9.459264755249023, 8.516779899597168 
4.148006916046143, -3.92497181892395 
-5.707934856414795, 5.089841365814209 
-9.775562286376953, 8.802586555480957 
-9.695548057556152, 8.72707462310791 
-3.664203405380249, 3.2524166107177734 
5.483589172363281, -5.186795711517334 
6.412421226501465, -6.007999420166016 
4.311234951019287, -4.065003395080566 
2.1373162269592285, -2.1313533782958984 
0.9417632818222046, -1.008533239364624 
-8.839046478271484, 7.942932605743408 
-6.24255895614624, 5.613528251647949 
4.406621932983398, -4.154176235198975 
-7.349040985107422, 6.599501132965088 
-8.002167701721191, 7.204840183258057 
-1.7198591232299805, 1.446781039237976 
4.4799933433532715, -4.247673511505127 
5.064436435699463, -4.775001049041748 
-5.230555057525635, 4.662295818328857 
2.071033000946045, -2.021698236465454 
5.31377649307251, -4.98779821395874 
5.266592502593994, -4.965844631195068 
4.813618183135986, -4.533088684082031 
-7.612178325653076, 6.830282688140869 
-9.270906448364258, 8.34906005859375 
-8.85701847076416, 7.983381748199463 
-8.873834609985352, 7.975137233734131 
-0.5615770220756531, 0.3889620900154114 
-6.440097332000732, 5.778912544250488 
-8.16876220703125, 7.359936237335205 
-7.971487045288086, 7.1771697998046875 
-2.318098783493042, 1.9931761026382446 
2.3108816146850586, -2.2319626808166504 
-8.953550338745117, 8.058670997619629 
5.0825514793396, -4.833093166351318 
6.405564308166504, -5.98616361618042 
3.1709823608398438, -3.0458297729492188 
-7.247799396514893, 6.520453453063965 
-6.2273335456848145, 5.569276332855225 
5.694331645965576, -5.365896701812744 
0.726984441280365, -0.756675660610199 
-4.604400157928467, 4.0783843994140625 
2.183136463165283, -2.1075215339660645 
6.0787577629089355, -5.702170372009277 
-2.344475269317627, 2.0287363529205322 
3.525590419769287, -3.3381519317626953 
6.899890899658203, -6.471083164215088 
0.09896959364414215, -0.2092999517917633 
6.586374282836914, -6.18420934677124 
6.654555320739746, -6.233076095581055 
6.936532974243164, -6.524355888366699 
-7.83681583404541, 7.041708946228027 
6.062812328338623, -5.730291843414307 
-2.2104039192199707, 1.883607268333435 
5.303173065185547, -5.028946399688721 
-7.8421173095703125, 7.042929172515869 
-7.275699138641357, 6.509956359863281 
-7.514657020568848, 6.76848840713501 
-7.2471418380737305, 6.501929759979248 
4.816465854644775, -4.5700201988220215 
-7.6993536949157715, 6.91196346282959 
5.090907573699951, -4.785681247711182 
-6.657204627990723, 5.9554548263549805 
5.858154773712158, -5.535138130187988 
-4.133659839630127, 3.6610445976257324 
-8.375078201293945, 7.522716999053955 
5.919447422027588, -5.568714618682861 
4.896468639373779, -4.645018100738525 
0.08064278960227966, -0.1496834009885788 
3.6296353340148926, -3.487032890319824 
4.921452522277832, -4.644806385040283 
-0.0028739944100379944, -0.13422808051109314 
4.694843769073486, -4.439595699310303 
-8.079349517822266, 7.243906021118164 
0.4008292555809021, -0.5111923813819885 
6.746978282928467, -6.353171348571777 
-7.351493835449219, 6.6088151931762695 
7.249195575714111, -6.796706676483154 
-3.3364925384521484, 2.8749008178710938 
-9.561466217041016, 8.60461711883545 
-5.584462642669678, 5.000476837158203 
-2.6155757904052734, 2.2952589988708496 
4.991448879241943, -4.697776794433594 
5.185400009155273, -4.8747124671936035 
-7.842606544494629, 7.045539379119873 
-7.96842622756958, 7.146565914154053 
3.2356529235839844, -3.080573797225952 
6.250755310058594, -5.902564525604248 
4.830139636993408, -4.552218437194824 
5.273917198181152, -4.992587089538574 
-5.086560249328613, 4.526044845581055 
4.139146327972412, -3.9459426403045654 
6.100739002227783, -5.784278392791748 
6.423797607421875, -6.0528459548950195 
-8.961593627929688, 8.061848640441895 
-5.892244815826416, 5.2437238693237305 
7.336009502410889, -6.870800971984863 
7.598098278045654, -7.140585422515869 
-6.263790607452393, 5.596303462982178 
4.506997585296631, -4.273699760437012 
0.6202512383460999, -0.6886675953865051 
8.350482940673828, -7.780109405517578 
-7.343135833740234, 6.586547374725342 
5.407895088195801, -5.105492115020752 
6.054014682769775, -5.696126461029053 
-6.846466541290283, 6.136463165283203 
-6.826155185699463, 6.155385494232178 
-1.5013957023620605, 1.2268470525741577 
1.8907817602157593, -1.828708291053772 
6.5831804275512695, -6.177404403686523 
-3.0747530460357666, 2.7081682682037354 
5.8706135749816895, -5.519285202026367 
-7.175947189331055, 6.4550909996032715 
-0.12208370864391327, 0.0200297012925148 
-7.7606201171875, 6.978370189666748 
-3.5207724571228027, 3.107877016067505 
-7.863749027252197, 7.085182189941406 
3.897110939025879, -3.71669602394104 
-2.512918472290039, 2.1814541816711426 
5.917787075042725, -5.617055892944336 
5.176175594329834, -4.912455081939697 
-4.4695143699646, 3.9956936836242676 
6.156643867492676, -5.807613849639893 
6.228365898132324, -5.9064130783081055 
4.410069942474365, -4.191850185394287 
6.340700626373291, -5.956910610198975 
-7.332575798034668, 6.617378234863281 
-8.73769760131836, 7.833662986755371 
-0.9535836577415466, 0.7186679244041443 
-5.380757808685303, 4.786980152130127 
-3.826570510864258, 3.3197021484375 
-9.039600372314453, 8.141627311706543 
4.358503818511963, -4.136961460113525 
2.942317008972168, -2.7870235443115234 
-7.412503242492676, 6.6581549644470215 
5.608617782592773, -5.262653350830078 
-8.825543403625488, 7.930408954620361 
-9.612798690795898, 8.641057968139648 
-6.700534343719482, 5.986115455627441 
-1.8957087993621826, 1.6498167514801025 
4.7209272384643555, -4.419994831085205 
3.89597749710083, -3.738678455352783 
5.727509021759033, -5.410101413726807 
7.937739372253418, -7.380007266998291 
5.923328399658203, -5.599497318267822 
-9.544532775878906, 8.587641716003418 
3.334878444671631, -3.2160329818725586 
-2.699409246444702, 2.366818904876709 
5.87584924697876, -5.5456671714782715 
4.391068935394287, -4.154891490936279 
-3.950145721435547, 3.526548385620117 
-3.8322434425354004, 3.4213991165161133 
5.925166130065918, -5.563921928405762 
4.996623516082764, -4.701791286468506 
4.927577495574951, -4.644904613494873 
-8.358205795288086, 7.520737171173096 
-5.165404319763184, 4.619556903839111 
3.7076830863952637, -3.5967369079589844 
-4.124335765838623, 3.621293544769287 
3.3007559776306152, -3.1764109134674072 
4.4335150718688965, -4.175383567810059 
-8.359426498413086, 7.4900593757629395 
1.8215699195861816, -1.7924903631210327 
-5.7402729988098145, 5.130050182342529 
5.789266586303711, -5.448978900909424 
4.5891547203063965, -4.362056255340576 
-7.72102689743042, 6.9241461753845215 
6.270349979400635, -5.848541259765625 
6.871924877166748, -6.4485087394714355 
-0.10931910574436188, 0.008328713476657867 
-4.535054683685303, 4.0379862785339355 
-8.840946197509766, 7.953615665435791 
5.948683261871338, -5.567087650299072 
-7.704769134521484, 6.9232563972473145 
1.4959125518798828, -1.4531117677688599 
5.06320333480835, -4.7489142417907715 
-6.979305744171143, 6.256536960601807 
6.502042293548584, -6.116760730743408 
5.80146598815918, -5.457657337188721 
6.552982807159424, -6.160982131958008 
-5.290139675140381, 4.705280303955078 
-7.710329532623291, 6.911497592926025 
7.4611592292785645, -6.992584705352783 
-7.452549457550049, 6.6796183586120605 
5.953571319580078, -5.586185455322266 
4.769071102142334, -4.514071941375732 
5.51414155960083, -5.182119846343994 
3.8386707305908203, -3.6752986907958984 
5.4960455894470215, -5.168567180633545 
-7.060884952545166, 6.35326623916626 
6.912180423736572, -6.465963840484619 
-9.241432189941406, 8.300103187561035 
5.250424861907959, -4.906075954437256 
-4.369019985198975, 3.8575704097747803 
-6.6328535079956055, 5.9491047859191895 
-6.853079795837402, 6.157285213470459 
5.427262783050537, -5.120085716247559 
-6.1966233253479, 5.5420660972595215 
4.327868461608887, -4.1410908699035645 
1.2650980949401855, -1.314461350440979 
5.726557731628418, -5.398188591003418 
-7.124094009399414, 6.400231838226318 
7.474653720855713, -7.018064498901367 
5.053117275238037, -4.787739276885986 
-8.886411666870117, 8.014966011047363 
-8.343405723571777, 7.5151543617248535 
-6.4765238761901855, 5.815671443939209 
-6.860213756561279, 6.171170234680176 
-3.4608912467956543, 3.036342144012451 
-4.221048831939697, 3.755146026611328 
-9.000831604003906, 8.07985782623291 
-0.9409196972846985, 0.7344500422477722 
-3.555414915084839, 3.097348213195801 
2.6921193599700928, -2.5928151607513428 
6.038433074951172, -5.678765773773193 
5.1275811195373535, -4.842294692993164 
-6.162635803222656, 5.518571376800537 
5.585384845733643, -5.303722858428955 
-8.947702407836914, 8.064933776855469 
-9.090784072875977, 8.151640892028809 
-2.264458417892456, 1.9698621034622192 
6.490111827850342, -6.081357002258301 
-3.589989185333252, 3.1474838256835938 
-7.966832637786865, 7.18087911605835 
3.506115198135376, -3.3116304874420166 
7.5380706787109375, -7.041611194610596 
5.8782548904418945, -5.543051242828369 
4.232557773590088, -3.993708848953247 
-5.736405849456787, 5.1280598640441895 
5.4954962730407715, -5.130630016326904 
-9.848003387451172, 8.847912788391113 
6.529748439788818, -6.144201278686523 
-7.5338521003723145, 6.773160457611084 
4.381868839263916, -4.165165424346924 
4.827403545379639, -4.550572872161865 
3.8514060974121094, -3.7281229496002197 
-6.714123249053955, 6.032259941101074 
7.626823902130127, -7.159231662750244 
-5.233917713165283, 4.6319499015808105 
6.911113262176514, -6.511484146118164 
2.62522554397583, -2.5276989936828613 
6.783098220825195, -6.3558807373046875 
-4.037290573120117, 3.589770793914795 
-5.19082498550415, 4.6240458488464355 
-7.329779148101807, 6.568865776062012 
-8.162221908569336, 7.344404697418213 
4.775750160217285, -4.502974987030029 
3.3999156951904297, -3.2395617961883545 
-7.618198871612549, 6.884525299072266 
-5.449011325836182, 4.874789714813232 
5.124139308929443, -4.835177421569824 
-9.653154373168945, 8.68281078338623 
-4.618465423583984, 4.069782257080078 
0.690735936164856, -0.7518318295478821 
-8.316093444824219, 7.454702854156494 
-6.893218040466309, 6.195163249969482 
-6.759964466094971, 6.0856547355651855 
3.696214199066162, -3.5231900215148926 
-9.394667625427246, 8.463021278381348 
-0.336409330368042, 0.20149627327919006 
1.0441958904266357, -1.0392485857009888 
-5.64204740524292, 5.038337230682373 
2.2805371284484863, -2.2245612144470215 
2.1531906127929688, -2.1017298698425293 
6.176191806793213, -5.805400371551514 
-9.658649444580078, 8.692299842834473 
6.80792760848999, -6.3635783195495605 
5.06286096572876, -4.756247520446777 
-6.667393207550049, 5.960567474365234 
-7.190491676330566, 6.469916820526123 
-3.2067766189575195, 2.817868709564209 
-6.500996112823486, 5.824872016906738 
6.684637546539307, -6.264193534851074 
0.6894000172615051, -0.8102314472198486 
-3.584918260574341, 3.1291985511779785 
7.28808069229126, -6.784843921661377 
-8.304059982299805, 7.4723920822143555 
-4.713362216949463, 4.203345775604248 
-4.04490327835083, 3.5826311111450195 
-3.8242979049682617, 3.397571086883545 
5.350677013397217, -5.031981945037842 
1.4049675464630127, -1.4104171991348267 
6.818941593170166, -6.423192024230957 
-8.361072540283203, 7.499424457550049 
4.839776039123535, -4.586917400360107 
-3.185241460800171, 2.8337035179138184 
-3.4852652549743652, 3.0744032859802246 
5.033420562744141, -4.729039669036865 
-7.838273525238037, 7.037862777709961 
-6.648089408874512, 5.951265811920166 
-6.699393272399902, 6.003942489624023 
-7.593170642852783, 6.820559501647949 
5.719796657562256, -5.392563343048096 
-9.440733909606934, 8.498831748962402 
6.4062275886535645, -6.00536584854126 
3.5249431133270264, -3.3834474086761475 
-6.488961696624756, 5.794768810272217 
4.522399425506592, -4.329491138458252 
-8.270326614379883, 7.435375213623047 
-5.8064703941345215, 5.154434680938721 
6.283952713012695, -5.912996292114258 
-4.309655666351318, 3.8057291507720947 
5.490329265594482, -5.185130596160889 
-3.286954879760742, 2.878262519836426 
-5.598000526428223, 4.9547953605651855 
-7.65540885925293, 6.850687026977539 
-8.340431213378906, 7.501186847686768 
-6.879672527313232, 6.1829609870910645 
5.858570575714111, -5.503695964813232 
0.5936672687530518, -0.6330896019935608 
-6.18889045715332, 5.546718597412109 
-8.173399925231934, 7.347083568572998 
-7.966246604919434, 7.155990123748779 
-8.910377502441406, 8.027913093566895 
-6.1284637451171875, 5.464966773986816 
-9.764382362365723, 8.786345481872559 
-6.581733226776123, 5.908888339996338 
5.499696254730225, -5.1760029792785645 
-7.95933723449707, 7.141542911529541 
5.402106761932373, -5.096139430999756 
3.593738555908203, -3.4163408279418945 
-2.5330634117126465, 2.160996675491333 
-4.276371002197266, 3.7956948280334473 
-6.73848295211792, 6.009249687194824 
-0.9626133441925049, 0.7987102270126343 
4.25529670715332, -3.9988129138946533 
-4.087021350860596, 3.6107707023620605 
-9.274518013000488, 8.334964752197266 
7.935359477996826, -7.402748107910156 
-3.9633114337921143, 3.50931453704834 
-7.331095218658447, 6.598165988922119 
-4.282581806182861, 3.8137614727020264 
4.096470832824707, -3.888270854949951 
-4.116820335388184, 3.6704108715057373 
0.2636735737323761, -0.34856799244880676 
-9.235522270202637, 8.290926933288574 
-6.767323970794678, 6.0791754722595215 
6.93259334564209, -6.448929309844971 
7.445676803588867, -6.968851566314697 
2.102113723754883, -2.0718517303466797 
4.9221978187561035, -4.6370110511779785 
4.877682209014893, -4.600379467010498 
-7.667346477508545, 6.8940110206604 
6.794081687927246, -6.35776948928833 
5.99817419052124, -5.672183513641357 
-9.684568405151367, 8.698338508605957 
-8.555827140808105, 7.68087100982666 
-8.005064964294434, 7.204509258270264 
-0.5097280144691467, 0.3592170178890228 
4.920567035675049, -4.634933948516846 
-6.690479755401611, 5.992557525634766 
5.944406032562256, -5.602241039276123 
-5.98402214050293, 5.357471466064453 
0.8175187110900879, -0.8626446723937988 
-1.249874472618103, 1.0052516460418701 
-8.045174598693848, 7.237252712249756 
-5.863098621368408, 5.229654788970947 
0.6949731707572937, -0.716616153717041 
5.661497116088867, -5.340268611907959 
6.393515110015869, -6.0116753578186035 
5.023002624511719, -4.756999492645264 
6.127872467041016, -5.762010097503662 
-8.498695373535156, 7.638429164886475 
-2.047318935394287, 1.7158316373825073 
-8.833106994628906, 7.970048427581787 
-7.980048179626465, 7.160167217254639 
4.1037750244140625, -3.942701578140259 
6.6042799949646, -6.180050373077393 
6.585891246795654, -6.182056903839111 
5.0920915603637695, -4.810708522796631 
-7.909938335418701, 7.10093879699707 
1.2640810012817383, -1.2534894943237305 
6.1002607345581055, -5.74635648727417 
-7.748920917510986, 6.950197219848633 
7.145124912261963, -6.705271244049072 
-5.363755226135254, 4.826821804046631 
-1.4484689235687256, 1.2173477411270142 
4.876814365386963, -4.580897331237793 
4.268958568572998, -4.020224094390869 
5.431251525878906, -5.119601726531982 
5.957740306854248, -5.576873302459717 
-6.5457000732421875, 5.86340856552124 
-8.968719482421875, 8.076775550842285 
4.980933666229248, -4.737302780151367 
-6.466614246368408, 5.805298328399658 
5.125946044921875, -4.8386921882629395 
-7.3434014320373535, 6.581495761871338 
7.564968109130859, -7.12463903427124 
-5.562259197235107, 4.960707187652588 
3.196465492248535, -3.0321927070617676 
-6.483339309692383, 5.818192958831787 
4.853854179382324, -4.6015849113464355 
0.9520549774169922, -0.9886625409126282 
3.1020913124084473, -2.93316650390625 
-7.265218734741211, 6.517055988311768 
-7.690206050872803, 6.909862995147705 
6.802982807159424, -6.3445210456848145 
-4.337832927703857, 3.85068416595459 
0.4268128275871277, -0.5382420420646667 
7.424015998840332, -6.946159839630127 
0.4310482442378998, -0.4801650941371918 
-7.727477550506592, 6.957170486450195 
-4.722650051116943, 4.167641639709473 
-8.478317260742188, 7.591882705688477 
-5.8492751121521, 5.214599132537842 
-8.476877212524414, 7.637943267822266 
5.337835788726807, -5.022912502288818 
6.659937381744385, -6.271272659301758 
4.747725009918213, -4.478381633758545 
0.6137272715568542, -0.6658908724784851 
5.58427095413208, -5.264438152313232 
-4.763542652130127, 4.201383590698242 
-6.681727886199951, 5.995683670043945 
-4.111827373504639, 3.6436350345611572 
-8.108270645141602, 7.271010398864746 
2.1365487575531006, -2.056864023208618 
6.078643321990967, -5.683775424957275 
0.5595147609710693, -0.5889403223991394 
6.202374458312988, -5.819225788116455 
6.350729942321777, -5.982686519622803 
-8.443258285522461, 7.57818078994751 
5.334705352783203, -5.062084674835205 
1.4477763175964355, -1.4531909227371216 
5.055900573730469, -4.804198265075684 
-8.430055618286133, 7.575805187225342 
-7.4317708015441895, 6.6652350425720215 
-8.069051742553711, 7.243021011352539 
-6.417609691619873, 5.765394687652588 
5.8144850730896, -5.4442973136901855 
2.4170687198638916, -2.3638813495635986 
-6.570254802703857, 5.88048791885376 
4.548407077789307, -4.29453706741333 
-9.893003463745117, 8.898754119873047 
2.951319932937622, -2.8544163703918457 
-8.796079635620117, 7.915212154388428 
4.114140033721924, -3.909087657928467 
-2.3371810913085938, 2.0223617553710938 
-7.944239139556885, 7.127782821655273 
5.623496055603027, -5.283264636993408 
3.945632219314575, -3.775434732437134 
-7.763646602630615, 6.98289680480957 
2.9604620933532715, -2.8971786499023438 
4.6541523933410645, -4.399598598480225 
1.4587986469268799, -1.435576319694519 
-7.336435794830322, 6.585935115814209 
4.2890143394470215, -4.064484119415283 
-4.132317066192627, 3.6564290523529053 
5.140091896057129, -4.8416972160339355 
4.555656909942627, -4.3191304206848145 
5.107208728790283, -4.825347423553467 
5.836036205291748, -5.5036540031433105 
6.2928147315979, -5.898463726043701 
5.305709362030029, -5.055835723876953 
6.594626426696777, -6.213334560394287 
-1.5182981491088867, 1.2127033472061157 
-7.768623352050781, 6.98783016204834 
5.71717643737793, -5.385958194732666 
-4.734870910644531, 4.224498271942139 
-4.315854072570801, 3.854067325592041 
4.248080730438232, -3.9904820919036865 
5.372570514678955, -5.058495044708252 
-5.101470947265625, 4.5691304206848145 
0.9395158290863037, -1.0169047117233276 
-5.364107131958008, 4.792459964752197 
-5.253780841827393, 4.679240703582764 
-4.457401752471924, 3.9454874992370605 
-2.4581003189086914, 2.1010208129882812 
5.85974645614624, -5.532669544219971 
-4.181268692016602, 3.7119858264923096 
-5.501116752624512, 4.929518699645996 
-8.214723587036133, 7.400465965270996 
-5.59648323059082, 5.009572505950928 
0.9393718242645264, -0.9627714157104492 
-7.461287975311279, 6.695799350738525 
6.807190418243408, -6.421263217926025 
6.542386531829834, -6.155840873718262 
2.960249900817871, -2.8488450050354004 
4.207032680511475, -4.00404691696167 
-2.1024723052978516, 1.826083779335022 
-4.919741630554199, 4.3748579025268555 
2.211594581604004, -2.1608879566192627 
-1.8914949893951416, 1.6057783365249634 
-5.5964155197143555, 4.976285457611084 
-2.0136280059814453, 1.6762229204177856 
-4.5480875968933105, 4.066865921020508 
0.5185888409614563, -0.6036930680274963 
-6.349865913391113, 5.691908359527588 
6.264457702636719, -5.870097637176514 
1.1402182579040527, -1.1459864377975464 
7.532063961029053, -7.046661853790283 
-6.897713661193848, 6.206921100616455 
3.6006722450256348, -3.372744560241699 
-7.495609760284424, 6.740012168884277 
-4.64544153213501, 4.098923683166504 
-8.239044189453125, 7.404838562011719 
4.877121925354004, -4.606107234954834 
4.252325057983398, -3.9998743534088135 
2.680666446685791, -2.5758321285247803 
6.670403480529785, -6.246130466461182 
-8.038591384887695, 7.228675842285156 
-7.315475940704346, 6.598452091217041 
4.794313907623291, -4.544497013092041 
-6.438666343688965, 5.755368232727051 
-3.6904187202453613, 3.2239718437194824 
6.1310601234436035, -5.746213436126709 
-8.134048461914062, 7.27770471572876 
-1.735454797744751, 1.4815807342529297 
-7.312263011932373, 6.577730655670166 
7.5914177894592285, -7.068987846374512 
3.5271873474121094, -3.347564935684204 
-7.460546493530273, 6.658376216888428 
0.472515732049942, -0.5954112410545349 
-5.131875514984131, 4.589054584503174 
-6.037147045135498, 5.355279445648193 
1.8926769495010376, -1.8933101892471313 
0.7474737167358398, -0.8165644407272339 
5.047868251800537, -4.771236896514893 
5.7584404945373535, -5.419079303741455 
-1.1120641231536865, 0.8954907655715942 
3.432189702987671, -3.2938246726989746 
-7.423612117767334, 6.644023895263672 
-4.9801506996154785, 4.46221399307251 
-6.36819314956665, 5.70507287979126 
6.529049396514893, -6.130832672119141 
6.1206536293029785, -5.7341389656066895 
-0.1620848923921585, 0.029382742941379547 
-1.9635639190673828, 1.6772875785827637 
1.8815176486968994, -1.8930842876434326 
-7.559018135070801, 6.817080974578857 
6.866368770599365, -6.478977203369141 
-0.5388842821121216, 0.3563842475414276 
5.551492214202881, -5.233094692230225 
7.27844762802124, -6.813997745513916 
-8.569884300231934, 7.723777770996094 
2.2236785888671875, -2.1378233432769775 
-1.1934139728546143, 0.9915085434913635 
-8.044761657714844, 7.24254846572876 
-7.777507305145264, 6.992593288421631 
-4.523097515106201, 4.0226311683654785 
6.678460597991943, -6.258406162261963 
-2.4233779907226562, 2.0862619876861572 
3.795234203338623, -3.60072660446167 
1.0697824954986572, -1.1022286415100098 
-8.741381645202637, 7.860384464263916 
-9.221088409423828, 8.292081832885742 
4.42350435256958, -4.135362148284912 
-9.001718521118164, 8.1011323928833 
-4.421385288238525, 3.969367027282715 
-4.959606647491455, 4.435295581817627 
2.7826457023620605, -2.704761266708374 
-7.7321248054504395, 6.972713947296143 
4.962803363800049, -4.665042400360107 
-3.2390310764312744, 2.8414697647094727 
-8.335092544555664, 7.490660667419434 
-3.825272560119629, 3.4084794521331787 
-7.834868907928467, 7.037200927734375 
6.381526470184326, -6.02005672454834 
-5.726567268371582, 5.150116443634033 
-6.903082370758057, 6.192712783813477 
3.8075904846191406, -3.6424648761749268 
-3.245169162750244, 2.8509340286254883 
-6.6162333488464355, 5.940951824188232 
-1.1715242862701416, 0.9657679200172424 
2.720320224761963, -2.657081365585327 
-3.4617974758148193, 3.0728180408477783 
5.464405536651611, -5.147440433502197 
2.874422550201416, -2.758610248565674 
-9.529483795166016, 8.567198753356934 
4.918548107147217, -4.658140182495117 
5.739273548126221, -5.406696796417236 
-2.131523609161377, 1.8433769941329956 
7.287125587463379, -6.82703971862793 
4.605849742889404, -4.358195781707764 
4.751690864562988, -4.505194187164307 
5.668436527252197, -5.344089031219482 
-2.5255775451660156, 2.200134754180908 
-3.34295916557312, 2.9261791706085205 
4.989119052886963, -4.723198413848877 
-5.736010551452637, 5.107503414154053 
-4.276136875152588, 3.811052083969116 
-8.562810897827148, 7.709715843200684 
-5.594951152801514, 4.97952127456665 
-3.9508371353149414, 3.477828025817871 
5.732201099395752, -5.430171012878418 
-6.339356899261475, 5.663628101348877 
-3.9283742904663086, 3.4944100379943848 
5.066099643707275, -4.799892902374268 
-8.430540084838867, 7.585750579833984 
-8.509469032287598, 7.657463073730469 
3.936864137649536, -3.7267959117889404 
-7.585672855377197, 6.7998576164245605 
3.9483513832092285, -3.7884204387664795 
4.950974941253662, -4.6935553550720215 
5.124291896820068, -4.856287002563477 
-8.436448097229004, 7.590551853179932 
-8.48862075805664, 7.623837947845459 
5.6798176765441895, -5.349080562591553 
-5.858051776885986, 5.219105243682861 
-8.286635398864746, 7.445465087890625 
-5.136963367462158, 4.558474540710449 
-4.586259365081787, 4.102273464202881 
-6.662994861602783, 5.992767333984375 
-3.8510336875915527, 3.3860886096954346 
4.448033809661865, -4.260772228240967 
1.4652868509292603, -1.5300464630126953 
2.837348222732544, -2.701490879058838 
-1.8871948719024658, 1.6140046119689941 
-6.151221752166748, 5.518350124359131 
5.387938976287842, -5.097872257232666 
-8.506612777709961, 7.644588470458984 
5.69773530960083, -5.3741774559021 
-4.13331937789917, 3.6208701133728027 
-7.910942554473877, 7.117223262786865 
-5.456632137298584, 4.904651165008545 
6.789855480194092, -6.360166072845459 
5.845828533172607, -5.523922443389893 
5.9519758224487305, -5.612621307373047 
0.4616387188434601, -0.545393168926239 
0.5378006100654602, -0.5971159338951111 
-9.759659767150879, 8.77886962890625 
5.009790897369385, -4.716124534606934 
3.07517147064209, -2.9825644493103027 
-0.1382729709148407, -0.04024139419198036 
-8.573667526245117, 7.706155776977539 
4.773752689361572, -4.539366245269775 
-4.090941905975342, 3.6459550857543945 
-6.71621561050415, 6.034428596496582 
-5.845803260803223, 5.233353614807129 
-2.7527928352355957, 2.4024109840393066 
-1.5125125646591187, 1.2803549766540527 
2.9901416301727295, -2.887200355529785 
-6.814180374145508, 6.116724491119385 
1.1881635189056396, -1.180930495262146 
-6.691856861114502, 5.996456623077393 
6.806262493133545, -6.3802313804626465 
6.372612953186035, -5.979727745056152 
3.8159847259521484, -3.630488157272339 
-5.920150279998779, 5.2987847328186035 
1.3507468700408936, -1.3868234157562256 
6.567944526672363, -6.18402624130249 
-8.866451263427734, 7.9709391593933105 
4.881302356719971, -4.620284557342529 
4.727972507476807, -4.442604064941406 
-5.730552673339844, 5.110893726348877 
2.661956787109375, -2.5969505310058594 
5.161038875579834, -4.842371463775635 
6.246251583099365, -5.851970195770264 
-4.386009216308594, 3.9156346321105957 
-5.185429573059082, 4.600677967071533 
5.394232273101807, -5.072579860687256 
5.44381046295166, -5.142954349517822 
-6.8332085609436035, 6.104780197143555 
-8.054914474487305, 7.2208333015441895 
-9.793203353881836, 8.838501930236816 
-6.134854793548584, 5.513595104217529 
4.663345813751221, -4.4526047706604 
-5.26568603515625, 4.693432807922363 
-3.0295417308807373, 2.6523990631103516 
-2.1211986541748047, 1.8216537237167358 
7.021669864654541, -6.566413879394531 
3.408557891845703, -3.2483091354370117 
5.563342094421387, -5.24412202835083 
4.481384754180908, -4.272500991821289 
-7.819464206695557, 7.005958557128906 
-0.6819842457771301, 0.501173734664917 
5.027294635772705, -4.751424312591553 
-9.084508895874023, 8.182211875915527 
-8.570180892944336, 7.688072681427002 
5.809733867645264, -5.473680019378662 
-9.405172348022461, 8.460942268371582 
-7.216910362243652, 6.462959289550781 
5.186845779418945, -4.8766770362854 
4.850865364074707, -4.576930999755859 
5.375475883483887, -5.075926303863525 
5.187570095062256, -4.856394290924072 
4.625878810882568, -4.40474271774292 
6.312466144561768, -5.918231964111328 
-9.61770248413086, 8.660150527954102 
-9.65850830078125, 8.67137622833252 
-5.544685363769531, 4.976864337921143 
5.628950595855713, -5.296301364898682 
6.013472557067871, -5.655429363250732 
4.70935583114624, -4.412329196929932 
6.082059860229492, -5.714085102081299 
-4.788607120513916, 4.252747535705566 
-4.765054702758789, 4.268548488616943 
-1.193312406539917, 0.9483689665794373 
-1.0090588331222534, 0.7663060426712036 
-9.165274620056152, 8.244856834411621 
-8.644855499267578, 7.773972988128662 
1.5143494606018066, -1.5190054178237915 
1.397193431854248, -1.41389000415802 
-0.302089124917984, 0.1471063196659088 
-7.307323932647705, 6.566178798675537 
6.371500015258789, -5.997872829437256 
4.804825782775879, -4.56262731552124 
-1.766708254814148, 1.4444330930709839 
6.50652551651001, -6.078269958496094 
3.5798919200897217, -3.4593088626861572 
-3.3923516273498535, 2.993814468383789 
-8.081583023071289, 7.268616199493408 
0.010295186191797256, -0.10243220627307892 
-7.174029350280762, 6.452559947967529 
-5.058093547821045, 4.54381799697876 
5.584235668182373, -5.237449645996094 
-6.574263572692871, 5.853882312774658 
0.5306313633918762, -0.5934419631958008 
0.44852346181869507, -0.5589173436164856 
5.798099517822266, -5.455726623535156 
2.9380931854248047, -2.787053346633911 
6.011412143707275, -5.6713995933532715 
-7.251724720001221, 6.508337497711182 
-4.860783100128174, 4.308042526245117 
-6.105508327484131, 5.497048377990723 
5.832850456237793, -5.480672836303711 
-6.069563388824463, 5.426663875579834 
5.372837543487549, -5.053788661956787 
-9.440494537353516, 8.4911470413208 
-7.529372692108154, 6.743276119232178 
4.604797840118408, -4.373627662658691 
5.519139766693115, -5.202186107635498 
6.101079940795898, -5.7453107833862305 
-0.43098318576812744, 0.2597034275531769 
4.490550518035889, -4.2623772621154785 
-3.583174705505371, 3.154421806335449 
-9.789880752563477, 8.81130313873291 
-8.155501365661621, 7.339384078979492 
6.255665302276611, -5.86740255355835 
-5.991694450378418, 5.375438690185547 
5.256898403167725, -4.944591999053955 
5.716578960418701, -5.37749719619751 
-5.693954944610596, 5.099369525909424 
2.143975257873535, -2.0684220790863037 
-3.0545761585235596, 2.7064170837402344 
5.456355094909668, -5.165165901184082 
2.9579973220825195, -2.831847667694092 
-7.458004474639893, 6.709460735321045 
-2.691896677017212, 2.3344616889953613 
-7.22592306137085, 6.4929046630859375 
-8.786762237548828, 7.8899922370910645 
-7.448826789855957, 6.6930155754089355 
-8.920494079589844, 8.012723922729492 
-8.958877563476562, 8.067395210266113 
-7.986268997192383, 7.142398357391357 
-6.745312213897705, 6.045315265655518 
-5.598612308502197, 5.021978855133057 
5.1595540046691895, -4.8769354820251465 
-7.686033725738525, 6.91042423248291 
-0.24432812631130219, 0.08087142556905746 
-7.88962984085083, 7.098401069641113 
-6.418271541595459, 5.74854040145874 
4.749248027801514, -4.5070624351501465 
-7.532236099243164, 6.751529693603516 
0.14699187874794006, -0.27959144115448 
-3.367189884185791, 2.976881504058838 
7.112852096557617, -6.70198917388916 
-3.6785244941711426, 3.2404632568359375 
-6.002377033233643, 5.366598606109619 
5.466516971588135, -5.134674072265625 
3.668656349182129, -3.5277559757232666 
-7.74894905090332, 6.964448928833008 
2.814516305923462, -2.6982855796813965 
-5.8517022132873535, 5.2199625968933105 
3.9706852436065674, -3.778855323791504 
-5.851871967315674, 5.233726501464844 
-0.7706650495529175, 0.6117315888404846 
-7.3904900550842285, 6.625400543212891 
5.079029560089111, -4.813077449798584 
2.1570913791656494, -2.139418601989746 
-1.934525728225708, 1.6692492961883545 
-6.748177528381348, 6.061063766479492 
5.5908331871032715, -5.221390247344971 
-9.674225807189941, 8.699414253234863 
-4.979212284088135, 4.438086032867432 
5.616111755371094, -5.270733833312988 
-5.557977199554443, 4.953257083892822 
-6.224334239959717, 5.576885223388672 
4.534351348876953, -4.276258945465088 
-2.3259894847869873, 2.015779972076416 
-8.54865837097168, 7.6624836921691895 
-6.162942409515381, 5.510793209075928 
4.4626970291137695, -4.229569911956787 
5.530362606048584, -5.234864234924316 
5.404801845550537, -5.100916862487793 
3.5101370811462402, -3.3587634563446045 
5.268347263336182, -4.943495273590088 
-1.5983178615570068, 1.3323806524276733 
-2.2195589542388916, 1.9031277894973755 
-4.266534328460693, 3.762256145477295 
-7.183891773223877, 6.434707164764404 
5.413243770599365, -5.1297831535339355 
4.9995436668396, -4.698862552642822 
-7.350512981414795, 6.578476428985596 
-8.473429679870605, 7.611560821533203 
-2.9277853965759277, 2.55991268157959 
2.232905149459839, -2.1763553619384766 
-7.586641788482666, 6.80976676940918 
-8.12468433380127, 7.301967144012451 
6.447326183319092, -6.082516193389893 
5.000633716583252, -4.709538459777832 
5.8672099113464355, -5.499748706817627 
5.834388732910156, -5.541012287139893 
-2.6881232261657715, 2.302459478378296 
2.574810743331909, -2.487765073776245 
4.7547760009765625, -4.4639458656311035 
1.5027506351470947, -1.5350306034088135 
7.06917667388916, -6.648461818695068 
-6.708995819091797, 6.006554126739502 
3.368438720703125, -3.1697981357574463 
5.19920015335083, -4.9101080894470215 
6.606539726257324, -6.208236217498779 
-4.792481899261475, 4.23602819442749 
-5.764694690704346, 5.1548943519592285 
0.5677201151847839, -0.6435697078704834 
1.9929707050323486, -1.9906286001205444 
5.519903659820557, -5.229233264923096 
-2.3635499477386475, 2.0567007064819336 
-8.314828872680664, 7.468048572540283 
5.295168876647949, -5.010449409484863 
-4.949098587036133, 4.421848773956299 
7.007763385772705, -6.573698043823242 
5.103471279144287, -4.839561939239502 
3.2823832035064697, -3.0974810123443604 
4.489099979400635, -4.255425930023193 
-8.766990661621094, 7.896763324737549 
-9.214396476745605, 8.29714298248291 
-5.07145357131958, 4.553593158721924 
5.59377908706665, -5.239712238311768 
6.711727619171143, -6.266366481781006 
-2.9134459495544434, 2.537564516067505 
-5.932368755340576, 5.347432613372803 
-3.6442036628723145, 3.181385040283203 
6.342325687408447, -5.968075275421143 
2.7377963066101074, -2.659318685531616 
5.5220561027526855, -5.233341217041016 
3.003117322921753, -2.912078380584717 
4.355815410614014, -4.152211666107178 
-0.7973416447639465, 0.6309136152267456 
-5.840433597564697, 5.209106922149658 
-5.816181659698486, 5.1991705894470215 
6.829929351806641, -6.380935192108154 
4.353668212890625, -4.147150993347168 
5.329161167144775, -5.0403733253479 
7.3760552406311035, -6.857618808746338 
7.251925945281982, -6.784005641937256 
-9.915779113769531, 8.900298118591309 
-9.481295585632324, 8.551427841186523 
-1.0658552646636963, 0.8846995830535889 
7.268536567687988, -6.835726261138916 
-7.0004563331604, 6.255688190460205 
-4.3889265060424805, 3.895376682281494 
-2.317981243133545, 1.988223910331726 
2.2325801849365234, -2.227024793624878 
-9.25039005279541, 8.293564796447754 
-6.937750816345215, 6.212313175201416 
4.052368640899658, -3.805604934692383 
6.204831123352051, -5.84113073348999 
-0.14790597558021545, -0.03323235362768173 
5.184536457061768, -4.9106831550598145 
4.4303975105285645, -4.194849014282227 
0.08338671922683716, -0.18814456462860107 
-3.299525260925293, 2.900794506072998 
-7.431516170501709, 6.668609142303467 
5.03911828994751, -4.782847881317139 
-0.38307493925094604, 0.20700237154960632 
-8.465509414672852, 7.589395999908447 
4.992506504058838, -4.711292266845703 
4.2217888832092285, -4.029388427734375 
-6.669079303741455, 5.944784641265869 
6.244588375091553, -5.907727241516113 
-8.543136596679688, 7.67300271987915 
-1.6679185628890991, 1.391821265220642 
3.1393961906433105, -3.0077548027038574 
-9.82131576538086, 8.831918716430664 
5.859623432159424, -5.5214667320251465 
6.970729351043701, -6.569144248962402 
-6.1110968589782715, 5.483510494232178 
4.735298156738281, -4.456328392028809 
5.656880855560303, -5.303444862365723 
-5.710012912750244, 5.124417781829834 
-9.451637268066406, 8.515355110168457 
6.391489028930664, -5.995326995849609 
-0.3088113069534302, 0.18739846348762512 
4.823736190795898, -4.551573276519775 
5.968296051025391, -5.60269021987915 
3.678736686706543, -3.4867663383483887 
-5.644298076629639, 5.030161380767822 
6.887538433074951, -6.449131488800049 
5.454801559448242, -5.114869594573975 
2.906365156173706, -2.77248477935791 
-2.733046531677246, 2.3916072845458984 
5.757622241973877, -5.412559986114502 
-7.7166032791137695, 6.925967216491699 
-8.193134307861328, 7.3667144775390625 
-7.1242899894714355, 6.405900478363037 
3.4654078483581543, -3.336151599884033 
-5.474324703216553, 4.909790515899658 
-6.345244884490967, 5.713215351104736 
-8.325898170471191, 7.4790849685668945 
-8.269530296325684, 7.408048629760742 
4.78237771987915, -4.535130023956299 
-8.490318298339844, 7.621262550354004 
3.6562628746032715, -3.476870536804199 
-7.105931758880615, 6.371749401092529 
3.061143159866333, -2.9484314918518066 
5.167402744293213, -4.8640971183776855 
7.381378650665283, -6.918254852294922 
-5.209822177886963, 4.636350154876709 
6.392643451690674, -5.973748683929443 
4.529725551605225, -4.2755560874938965 
7.106642723083496, -6.648746013641357 
-5.3943867683410645, 4.808199882507324 
7.199125289916992, -6.769819259643555 
3.1494064331054688, -3.041635036468506 
-8.849822998046875, 7.978747844696045 
5.556127071380615, -5.257115840911865 
-3.0795159339904785, 2.677032709121704 
-7.934617042541504, 7.122877597808838 
-8.696859359741211, 7.795723915100098 
6.3683600425720215, -5.958488464355469 
6.104565620422363, -5.751838207244873 
4.363473415374756, -4.1598358154296875 
6.45391321182251, -6.066961765289307 
-6.266560077667236, 5.5737714767456055 
-7.896193981170654, 7.0803961753845215 
5.569361209869385, -5.2695393562316895 
-4.292748928070068, 3.8033080101013184 
6.329939365386963, -5.9801025390625 
-4.63919734954834, 4.149763584136963 
4.801455974578857, -4.559643745422363 
-8.304370880126953, 7.454257011413574 
5.870711803436279, -5.497612476348877 
4.607631683349609, -4.36421012878418 
6.578517436981201, -6.1743292808532715 
-7.633183002471924, 6.856679916381836 
4.035399436950684, -3.8298263549804688 
5.556771755218506, -5.244815826416016 
-3.5929081439971924, 3.1603434085845947 
4.007198810577393, -3.829049587249756 
-7.257847785949707, 6.5197930335998535 
0.4666064977645874, -0.5153675079345703 
4.9261603355407715, -4.661215305328369 
-6.768193244934082, 6.040253639221191 
-1.0476082563400269, 0.8110394477844238 
-4.6717047691345215, 4.168155193328857 
-8.679559707641602, 7.799829006195068 
5.965211391448975, -5.62286376953125 
-6.1011433601379395, 5.45465612411499 
-6.662471294403076, 5.984434127807617 
-5.287425994873047, 4.685877323150635 
3.198720693588257, -3.103790760040283 
-1.7803449630737305, 1.4942258596420288 
-0.8881039619445801, 0.7076495289802551 
6.605556011199951, -6.195615768432617 
-8.613147735595703, 7.75004243850708 
5.896982669830322, -5.538593769073486 
-3.800156354904175, 3.3366711139678955 
6.6639018058776855, -6.268749713897705 
-5.511507511138916, 4.9446120262146 
-5.684014320373535, 5.09307336807251 
-7.415445327758789, 6.657036304473877 
6.1744256019592285, -5.803603172302246 
-2.184579610824585, 1.851265788078308 
-0.7574861645698547, 0.5351382493972778 
-4.280666828155518, 3.851400852203369 
5.71766471862793, -5.357550144195557 
-1.062734842300415, 0.845384418964386 
-9.764697074890137, 8.782593727111816 
2.939598560333252, -2.8405990600585938 
-8.610676765441895, 7.753637790679932 
-5.979465961456299, 5.368095874786377 
-7.839069843292236, 7.068329334259033 
-5.742255210876465, 5.124994277954102 
4.59225606918335, -4.297677516937256 
5.241337299346924, -4.943980693817139 
4.331596851348877, -4.133073806762695 
-9.1884183883667, 8.279006004333496 
5.04209566116333, -4.794943332672119 
-6.328708648681641, 5.697925090789795 
3.963390350341797, -3.747354030609131 
-8.226460456848145, 7.408726692199707 
-9.84145736694336, 8.85350227355957 
-6.55961799621582, 5.874755859375 
7.011931896209717, -6.567124843597412 
5.895391464233398, -5.558633327484131 
6.119740962982178, -5.752719402313232 
4.142536640167236, -3.923919200897217 
0.3468891680240631, -0.3761812746524811 
-2.718799591064453, 2.40787410736084 
4.184223651885986, -3.9316632747650146 
-7.614444255828857, 6.828470706939697 
-9.597370147705078, 8.639893531799316 
4.435702800750732, -4.223058700561523 
-4.264833927154541, 3.793330430984497 
-8.159164428710938, 7.317915439605713 
-6.105416297912598, 5.451038360595703 
4.947365760803223, -4.6442179679870605 
-5.39609956741333, 4.822689056396484 
6.365795612335205, -5.93451452255249 
-6.263912200927734, 5.672825336456299 
4.50411319732666, -4.2407097816467285 
-6.607200622558594, 5.944161891937256 
5.134470462799072, -4.844960689544678 
4.475780010223389, -4.292829513549805 
-6.396067142486572, 5.744217395782471 
0.17657795548439026, -0.2648890018463135 
6.495920658111572, -6.090096950531006 
4.218368053436279, -3.9881653785705566 
3.270814895629883, -3.154841423034668 
1.950627326965332, -1.8921387195587158 
5.39232873916626, -5.118823528289795 
6.439619064331055, -6.033314228057861 
0.20055349171161652, -0.3004316985607147 
-7.399500370025635, 6.627694606781006 
7.002523422241211, -6.567770957946777 
-4.418278694152832, 3.9376769065856934 
-7.36693000793457, 6.612625598907471 
-8.571049690246582, 7.701612949371338 
-4.503210067749023, 4.025905609130859 
4.998140811920166, -4.73805570602417 
6.09273099899292, -5.7696309089660645 
2.160184383392334, -2.088599681854248 
5.764217853546143, -5.429683685302734 
4.102818965911865, -3.9063315391540527 
-6.507907390594482, 5.834661483764648 
-5.12136173248291, 4.594520568847656 
-5.540025234222412, 4.958144664764404 
-9.02839469909668, 8.112165451049805 
-7.928675651550293, 7.143111705780029 
5.194687366485596, -4.883525371551514 
-8.190563201904297, 7.378564834594727 
-5.431019306182861, 4.828623294830322 
-9.073570251464844, 8.161543846130371 
-3.13474178314209, 2.749082565307617 
-2.992790460586548, 2.5968728065490723 
-1.3603949546813965, 1.1289633512496948 
2.8010430335998535, -2.7034831047058105 
7.006711006164551, -6.567198753356934 
-8.52867317199707, 7.655935287475586 
3.7946836948394775, -3.6425704956054688 
-3.2343380451202393, 2.8738441467285156 
-6.169196128845215, 5.552641868591309 
-2.8530540466308594, 2.5261476039886475 
4.1971635818481445, -3.947730541229248 
-0.21527567505836487, 0.10452064126729965 
-8.072709083557129, 7.292117595672607 
7.532554626464844, -7.036154270172119 
-7.948821544647217, 7.145079612731934 
-6.24469518661499, 5.578998565673828 
-8.00680923461914, 7.184520721435547 
2.769605875015259, -2.6304259300231934 
-8.428150177001953, 7.599490165710449 
1.2556228637695312, -1.2630208730697632 
7.677682876586914, -7.209024429321289 
5.353947162628174, -5.03747034072876 
-8.754037857055664, 7.8731770515441895 
5.946927070617676, -5.585087776184082 
-7.533677101135254, 6.723715305328369 
-7.96602201461792, 7.172845840454102 
3.3155312538146973, -3.176570177078247 
2.0830187797546387, -2.0491561889648438 
6.2235541343688965, -5.853410243988037 
6.364413738250732, -5.941643238067627 
5.371104717254639, -5.0868916511535645 
4.811618804931641, -4.574802398681641 
-0.22014836966991425, 0.0865640863776207 
-6.529651165008545, 5.8371710777282715 
-5.857560634613037, 5.230508804321289 
4.733292102813721, -4.442525863647461 
-7.7251434326171875, 6.925827503204346 
3.457519769668579, -3.298123359680176 
5.707977771759033, -5.372808933258057 
3.82845401763916, -3.6606857776641846 
4.526766300201416, -4.2518134117126465 
4.692348480224609, -4.4483113288879395 
-3.115574836730957, 2.709501266479492 
-7.606388092041016, 6.840106010437012 
5.065804958343506, -4.786522388458252 
-5.689444541931152, 5.074901103973389 
-3.496267318725586, 3.108342170715332 
-8.019704818725586, 7.212404727935791 
3.70186448097229, -3.507152557373047 
-0.8312974572181702, 0.6146317720413208 
2.048767566680908, -2.01346492767334 
-0.4464499056339264, 0.2903636395931244 
-7.959438800811768, 7.154636859893799 
-8.474364280700684, 7.61063814163208 
-8.188912391662598, 7.368894100189209 
3.77352237701416, -3.5448358058929443 
4.249227523803711, -4.058588027954102 
5.854533672332764, -5.523285388946533 
5.385427951812744, -5.042308807373047 
0.7157420516014099, -0.774946391582489 
5.528191566467285, -5.211965084075928 
5.285508632659912, -4.960074424743652 
3.745738983154297, -3.5394136905670166 
-8.538261413574219, 7.679523944854736 
2.484302520751953, -2.367823600769043 
-3.65451717376709, 3.182812213897705 
-2.8337810039520264, 2.4103808403015137 
4.053578853607178, -3.799734115600586 
0.7963016629219055, -0.8350375890731812 
1.3416330814361572, -1.4327398538589478 
1.1838321685791016, -1.2107023000717163 
5.867788791656494, -5.544393062591553 
2.859217643737793, -2.757167339324951 
5.653844356536865, -5.326337814331055 
-1.0264832973480225, 0.8217784762382507 
-6.3545918464660645, 5.690639495849609 
-7.533189296722412, 6.771526336669922 
4.38400936126709, -4.130803108215332 
-4.528862476348877, 4.032074451446533 
3.3332314491271973, -3.192854166030884 
-3.5838420391082764, 3.143831729888916 
4.381306171417236, -4.156137943267822 
-7.581148624420166, 6.829482078552246 
4.841003894805908, -4.601039409637451 
-4.567210674285889, 4.064077854156494 
3.4637765884399414, -3.2965476512908936 
-9.885534286499023, 8.882412910461426 
6.755339622497559, -6.3183183670043945 
-6.479856014251709, 5.77286434173584 
-6.865006923675537, 6.1956048011779785 
-8.266623497009277, 7.440516948699951 
6.030764102935791, -5.684876918792725 
0.58091801404953, -0.6566744446754456 
-7.583637714385986, 6.785017490386963 
4.264340877532959, -4.050904273986816 
6.429452896118164, -6.050358295440674 
5.631093502044678, -5.334372043609619 
5.850042819976807, -5.478575229644775 
-6.90156888961792, 6.143307685852051 
-2.5312647819519043, 2.1861865520477295 
-8.469358444213867, 7.624892711639404 
-1.2968698740005493, 1.066271185874939 
-1.0806019306182861, 0.872255802154541 
-6.816417217254639, 6.131082057952881 
-9.187751770019531, 8.2520112991333 
-8.795660018920898, 7.909901142120361 
-2.3415961265563965, 1.9738472700119019 
5.3734211921691895, -5.058505535125732 
4.762856960296631, -4.477735996246338 
-9.55634593963623, 8.584763526916504 
-9.61866569519043, 8.656262397766113 
4.5710272789001465, -4.340235710144043 
2.2858190536499023, -2.2247962951660156 
5.768256664276123, -5.448581218719482 
-6.732910633087158, 6.038715839385986 
6.268735408782959, -5.892921447753906 
0.14461371302604675, -0.3001508116722107 
0.6340022683143616, -0.6782159209251404 
7.2754292488098145, -6.840250492095947 
-9.560012817382812, 8.600542068481445 
7.500411510467529, -7.032567024230957 
2.863626480102539, -2.7551567554473877 
-4.869108200073242, 4.340953350067139 
4.352718830108643, -4.116796970367432 
-2.8008813858032227, 2.4296209812164307 
4.9272589683532715, -4.695035934448242 
5.6462812423706055, -5.3417229652404785 
-0.9264722466468811, 0.7229739427566528 
-4.45341157913208, 3.9642677307128906 
-8.921133041381836, 8.051109313964844 
5.202572822570801, -4.917878150939941 
5.119009494781494, -4.83114767074585 
4.605724811553955, -4.38340425491333 
3.6048083305358887, -3.4262099266052246 
6.228288650512695, -5.832760334014893 
-5.0509490966796875, 4.471245288848877 
-4.494726181030273, 3.949441909790039 
-8.110013961791992, 7.302342891693115 
3.2729640007019043, -3.1418652534484863 
5.9052252769470215, -5.584899425506592 
-7.920611381530762, 7.1266326904296875 
-1.9413869380950928, 1.6583219766616821 
6.131504058837891, -5.7734856605529785 
-8.136075973510742, 7.293049335479736 
-6.0292158126831055, 5.383524417877197 
0.7672697901725769, -0.8781470656394958 
-7.585832118988037, 6.781836986541748 
-5.891448497772217, 5.259756565093994 
-6.255456447601318, 5.601461410522461 
6.002457141876221, -5.631368160247803 
-2.2936184406280518, 2.000493049621582 
7.577115535736084, -7.117170810699463 
7.306968688964844, -6.807858943939209 
-6.512120723724365, 5.7911458015441895 
-4.130039691925049, 3.693690776824951 
-6.032676696777344, 5.3681769371032715 
-4.61113977432251, 4.0877299308776855 
-8.52825927734375, 7.681169509887695 
-8.046619415283203, 7.206809997558594 
6.6877055168151855, -6.236948490142822 
2.852227210998535, -2.7463371753692627 
5.261711597442627, -4.957470417022705 
5.6423797607421875, -5.31012487411499 
0.24973070621490479, -0.37716779112815857 
-8.359098434448242, 7.516419410705566 
5.786818027496338, -5.4438581466674805 
5.841281414031982, -5.450785160064697 
7.298060894012451, -6.83124303817749 
-3.745542049407959, 3.294308662414551 
-6.843485355377197, 6.155391216278076 
-2.2050020694732666, 1.9252809286117554 
5.267761707305908, -5.000814914703369 
-7.266346454620361, 6.545853137969971 
-7.319944381713867, 6.581119537353516 
4.827982425689697, -4.5383992195129395 
6.965808391571045, -6.52185583114624 
4.955006122589111, -4.703322410583496 
1.6653472185134888, -1.6206570863723755 
-7.6401777267456055, 6.856696605682373 
5.335797309875488, -5.0118279457092285 
-7.179948806762695, 6.451948642730713 
-7.652376174926758, 6.857600212097168 
-3.917027473449707, 3.479451894760132 
5.344333171844482, -4.988765239715576 
3.505258560180664, -3.333101511001587 
1.8481208086013794, -1.823477864265442 
-9.831048965454102, 8.839370727539062 
-5.833628177642822, 5.209317207336426 
4.971549987792969, -4.6645989418029785 
1.5960733890533447, -1.6308170557022095 
-4.604717254638672, 4.101574420928955 
-6.208513259887695, 5.554156303405762 
-3.0733726024627686, 2.636436939239502 
-3.842921257019043, 3.347156047821045 
-4.232973575592041, 3.785184383392334 
6.83323335647583, -6.43246603012085 
4.7506303787231445, -4.491124629974365 
1.938337802886963, -1.925401210784912 
-2.704854726791382, 2.384063720703125 
5.8928022384643555, -5.513498306274414 
-1.7473313808441162, 1.483772873878479 
-4.406251907348633, 3.9152722358703613 
4.988986492156982, -4.738945484161377 
-2.137230157852173, 1.8446109294891357 
6.18773889541626, -5.825417995452881 
6.58148717880249, -6.169093608856201 
-8.377510070800781, 7.526055812835693 
-4.870372772216797, 4.340457916259766 
6.588428020477295, -6.22199010848999 
-9.561028480529785, 8.597548484802246 
-6.3447442054748535, 5.665097713470459 
6.186336994171143, -5.806056499481201 
-1.2738523483276367, 1.044594645500183 
3.832104206085205, -3.6205360889434814 
5.1958746910095215, -4.906879901885986 
2.8971776962280273, -2.784057140350342 
3.6962718963623047, -3.5408074855804443 
-6.756789207458496, 6.061732292175293 
-9.99041748046875, 8.99393367767334 
-2.1036791801452637, 1.7866694927215576 
3.215549945831299, -3.0579357147216797 
0.0410698838531971, -0.1786072850227356 
6.628170490264893, -6.211549282073975 
-7.650854587554932, 6.868678569793701 
1.2808561325073242, -1.3077119588851929 
-7.151054859161377, 6.431891441345215 
4.713281154632568, -4.483428478240967 
4.135879039764404, -3.8824350833892822 
-6.940425395965576, 6.215524196624756 
4.527679920196533, -4.289401531219482 
7.266803741455078, -6.801180362701416 
-7.222107887268066, 6.477417945861816 
5.15077543258667, -4.8770222663879395 
6.43265962600708, -6.047493934631348 
6.550698757171631, -6.115634441375732 
1.712151288986206, -1.6630779504776 
-8.509888648986816, 7.6284403800964355 
-6.53530740737915, 5.84321928024292 
-2.4458556175231934, 2.121450424194336 
7.228994369506836, -6.779008865356445 
-3.367152690887451, 2.9877164363861084 
-8.374557495117188, 7.5331645011901855 
-4.327777862548828, 3.8277409076690674 
-3.876650810241699, 3.4108927249908447 
6.149963855743408, -5.772915363311768 
5.687782287597656, -5.363948345184326 
7.369349002838135, -6.912285327911377 
6.477100849151611, -6.087258815765381 
5.651757717132568, -5.303778171539307 
-8.666204452514648, 7.794682502746582 
6.819823265075684, -6.379279613494873 
-9.042112350463867, 8.136545181274414 
-0.0774310827255249, -0.04906829074025154 
5.8142313957214355, -5.4799370765686035 
-3.185504913330078, 2.8132200241088867 
-8.030815124511719, 7.229670524597168 
-7.737990856170654, 6.967704772949219 
-5.024783611297607, 4.505772113800049 
-7.6734795570373535, 6.902182579040527 
-9.238945960998535, 8.308367729187012 
4.005023002624512, -3.781292676925659 
-7.9275593757629395, 7.112440586090088 
-3.307495594024658, 2.9240026473999023 
-8.147140502929688, 7.291325092315674 
-8.466156005859375, 7.643716812133789 
6.522830486297607, -6.117225170135498 
-6.333146095275879, 5.68682336807251 
-6.888574123382568, 6.192498683929443 
-9.409067153930664, 8.444897651672363 
1.7446173429489136, -1.712465524673462 
-8.277475357055664, 7.448410987854004 
-3.0414822101593018, 2.6703872680664062 
0.23526552319526672, -0.3520355522632599 
-4.379835605621338, 3.883258581161499 
5.839237689971924, -5.489772319793701 
3.667306423187256, -3.4622530937194824 
-8.536642074584961, 7.708440780639648 
-2.6275436878204346, 2.2831649780273438 
-8.234082221984863, 7.39166784286499 
6.246616840362549, -5.867846965789795 
-3.147735595703125, 2.7616844177246094 
-5.890186786651611, 5.294931888580322 
-1.540568470954895, 1.2880278825759888 
-5.817040920257568, 5.1995158195495605 
6.800992488861084, -6.429050445556641 
0.12066413462162018, -0.2805365324020386 
-4.268847942352295, 3.7645814418792725 
-6.482402324676514, 5.816582202911377 
-3.743162155151367, 3.3157436847686768 
6.820427894592285, -6.3988142013549805 
-9.788036346435547, 8.798452377319336 
-5.9019012451171875, 5.322155952453613 
0.8733612895011902, -0.914057195186615 
-3.9066107273101807, 3.4626169204711914 
-7.700064182281494, 6.8989434242248535 
6.488626480102539, -6.093141078948975 
-5.227780342102051, 4.641102313995361 
6.165988445281982, -5.789900302886963 
-9.666059494018555, 8.690442085266113 
-6.2806878089904785, 5.629214763641357 
7.045248508453369, -6.6361517906188965 
-1.2432594299316406, 1.0072065591812134 
1.3947322368621826, -1.3966678380966187 
-1.0196396112442017, 0.8138219118118286 
-3.337913990020752, 2.9765775203704834 
-5.131341457366943, 4.564371585845947 
2.9750547409057617, -2.867385149002075 
6.335207462310791, -5.927428722381592 
4.475134372711182, -4.263491153717041 
-8.719165802001953, 7.840365886688232 
7.974258899688721, -7.449771404266357 
0.7488121390342712, -0.8030784726142883 
3.523071765899658, -3.362480640411377 
1.4236760139465332, -1.478656530380249 
1.0572125911712646, -1.087579607963562 
5.079263687133789, -4.801692485809326 
-1.812954306602478, 1.4691158533096313 
5.847132682800293, -5.525921821594238 
-3.6883530616760254, 3.274547576904297 
-3.232865810394287, 2.882107734680176 
-7.4705023765563965, 6.71500301361084 
4.136475086212158, -3.8952815532684326 
5.989302635192871, -5.663060665130615 
-8.736305236816406, 7.886302471160889 
4.6057868003845215, -4.351311683654785 
5.4532084465026855, -5.156435489654541 
5.659836769104004, -5.3786396980285645 
-5.385838985443115, 4.83344030380249 
6.291009426116943, -5.920182704925537 
5.934046745300293, -5.6333136558532715 
-2.4199843406677246, 2.159668445587158 
0.4691833555698395, -0.56794273853302 
5.44937801361084, -5.154682636260986 
6.1304707527160645, -5.779199600219727 
5.739155292510986, -5.357472896575928 
-6.793587684631348, 6.074822902679443 
-1.9135674238204956, 1.6429775953292847 
4.985607147216797, -4.698770046234131 
4.463551998138428, -4.227944850921631 
2.3514537811279297, -2.28633451461792 
-3.7267608642578125, 3.2888131141662598 
-8.599979400634766, 7.735384464263916 
-4.318666458129883, 3.829888343811035 
-5.886868000030518, 5.256482124328613 
5.029090404510498, -4.695828914642334 
2.4079370498657227, -2.367349624633789 
-3.335648536682129, 2.946014404296875 
-5.44639253616333, 4.872520446777344 
-6.16765022277832, 5.525222301483154 
4.941005229949951, -4.664799213409424 
-3.079275369644165, 2.661217212677002 
6.3521552085876465, -5.953541278839111 
3.601818561553955, -3.394559383392334 
6.181856632232666, -5.82145357131958 
-7.477565765380859, 6.7097978591918945 
-6.841319561004639, 6.11892557144165 
-7.809241771697998, 7.018006801605225 
-8.628253936767578, 7.746859550476074 
-6.416126251220703, 5.743337154388428 
-7.666957378387451, 6.899325847625732 
-6.198174953460693, 5.5473103523254395 
-5.285038471221924, 4.731940746307373 
-8.364853858947754, 7.515700817108154 
7.386646747589111, -6.910525321960449 
5.552006244659424, -5.205272197723389 
-9.198984146118164, 8.274209976196289 
-2.6122260093688965, 2.2782139778137207 
-8.785740852355957, 7.89821195602417 
