1.8154916763305664, -1.807454228401184 
-0.061331525444984436, -0.08519694209098816 
3.7109375, -3.5523242950439453 
3.8781700134277344, -3.702998638153076 
3.4640703201293945, -3.3327248096466064 
-4.287900447845459, 3.807813882827759 
-0.6202667951583862, 0.4626027047634125 
0.3147900402545929, -0.40947017073631287 
2.238574743270874, -2.177339553833008 
-1.2091618776321411, 0.9828243255615234 
3.4680352210998535, -3.342297077178955 
1.3520411252975464, -1.3819618225097656 
3.5026159286499023, -3.3612916469573975 
3.587270975112915, -3.4599759578704834 
-4.44569206237793, 3.9316887855529785 
-1.4852665662765503, 1.2258700132369995 
1.454278588294983, -1.4463423490524292 
3.3789889812469482, -3.254204034805298 
2.4950480461120605, -2.4230074882507324 
-3.000370502471924, 2.6179568767547607 
-0.48596468567848206, 0.3288821280002594 
4.028896808624268, -3.84455943107605 
-0.9918504953384399, 0.8251110315322876 
-4.980546951293945, 4.419078826904297 
-5.829759120941162, 5.173182010650635 
-1.3667552471160889, 1.1317393779754639 
3.0573973655700684, -2.9758338928222656 
-1.3522948026657104, 1.1135708093643188 
-0.35740506649017334, 0.1888311803340912 
-1.8722589015960693, 1.5901072025299072 
-3.793689250946045, 3.323925018310547 
2.956839084625244, -2.854550838470459 
1.887750267982483, -1.879661202430725 
-1.7887399196624756, 1.5461074113845825 
2.467048406600952, -2.401432991027832 
-5.1750640869140625, 4.616316795349121 
3.910458564758301, -3.7345211505889893 
-1.7206052541732788, 1.4072260856628418 
3.5791966915130615, -3.42289400100708 
-0.7890938520431519, 0.6102949380874634 
3.9980554580688477, -3.8231914043426514 
3.2872519493103027, -3.169377326965332 
1.8627969026565552, -1.8539127111434937 
1.700989007949829, -1.6891664266586304 
-3.732475757598877, 3.2926220893859863 
-3.7599706649780273, 3.3357248306274414 
-2.4260785579681396, 2.1138882637023926 
-2.9888498783111572, 2.606011390686035 
-4.0529584884643555, 3.585354804992676 
-3.6363987922668457, 3.1992650032043457 
2.7400174140930176, -2.673365592956543 
2.0982561111450195, -2.071276903152466 
-2.4272868633270264, 2.109592914581299 
1.8714667558670044, -1.8561996221542358 
-5.06525182723999, 4.514956951141357 
3.0889360904693604, -3.0016160011291504 
-2.9264490604400635, 2.573392868041992 
-4.821148872375488, 4.260396480560303 
0.9793756604194641, -1.005449891090393 
-2.913686752319336, 2.5361080169677734 
-3.4752211570739746, 3.044893741607666 
2.8770689964294434, -2.8117475509643555 
0.26707276701927185, -0.37589749693870544 
-0.6854574084281921, 0.5189658403396606 
2.6414473056793213, -2.5787367820739746 
-1.7965646982192993, 1.5419646501541138 
2.947082281112671, -2.842623472213745 
-2.358173131942749, 2.0325608253479004 
-4.486145973205566, 3.9900875091552734 
1.3376036882400513, -1.3725703954696655 
3.2123374938964844, -3.084181308746338 
-2.6784021854400635, 2.3344287872314453 
-3.3297386169433594, 2.9463911056518555 
2.4320642948150635, -2.355224847793579 
3.09419322013855, -2.983687400817871 
-1.3850517272949219, 1.1556916236877441 
3.120615243911743, -3.0299015045166016 
-0.004528770223259926, -0.14395520091056824 
-4.799551010131836, 4.228395462036133 
4.597779750823975, -4.3834919929504395 
3.669212818145752, -3.5341720581054688 
-5.397467613220215, 4.779427528381348 
-2.140133857727051, 1.8404873609542847 
-2.8041865825653076, 2.460235118865967 
-3.8919429779052734, 3.4460597038269043 
1.7527508735656738, -1.7388747930526733 
2.84314227104187, -2.7699124813079834 
-2.6565847396850586, 2.303068161010742 
-5.0420989990234375, 4.474775314331055 
-0.05365791916847229, -0.06228075176477432 
3.7560675144195557, -3.590057373046875 
-1.4631086587905884, 1.2566949129104614 
-1.3424862623214722, 1.1085008382797241 
-3.785195827484131, 3.326434373855591 
-2.9753634929656982, 2.5670535564422607 
4.211248397827148, -4.026622295379639 
4.096680641174316, -3.908806562423706 
4.185669422149658, -3.9980392456054688 
-2.2390027046203613, 1.9074691534042358 
2.843658447265625, -2.7549867630004883 
-0.8317601680755615, 0.6240400075912476 
3.148441791534424, -3.015695095062256 
-0.7127684950828552, 0.5235335826873779 
-4.088598251342773, 3.6324429512023926 
2.639892816543579, -2.557460308074951 
2.7821784019470215, -2.696582078933716 
-4.96278190612793, 4.414433479309082 
4.876093864440918, -4.636784553527832 
-2.229893684387207, 1.91482675075531 
-1.9579592943191528, 1.673927664756775 
-4.527663230895996, 4.008060455322266 
2.3568639755249023, -2.304534435272217 
-3.496809482574463, 3.0812768936157227 
0.016351206228137016, -0.16258536279201508 
2.988196611404419, -2.892772674560547 
0.16357149183750153, -0.2916017174720764 
-3.909403085708618, 3.4595954418182373 
-2.615098476409912, 2.2638139724731445 
-3.0425667762756348, 2.6780011653900146 
-2.920229434967041, 2.5565261840820312 
-4.29746150970459, 3.8133463859558105 
-3.0482680797576904, 2.684335470199585 
2.1257548332214355, -2.0659656524658203 
3.9101665019989014, -3.7537317276000977 
3.3545162677764893, -3.2127532958984375 
-3.8595471382141113, 3.3941493034362793 
3.2139835357666016, -3.0784056186676025 
-1.0514286756515503, 0.8352710008621216 
0.38707244396209717, -0.5006256103515625 
2.8207902908325195, -2.733746290206909 
0.27124693989753723, -0.3752134144306183 
3.257066011428833, -3.1129138469696045 
-2.67598295211792, 2.3245186805725098 
-2.690229892730713, 2.349843978881836 
2.619591236114502, -2.5476279258728027 
-2.735058069229126, 2.3737335205078125 
3.6736202239990234, -3.5103001594543457 
-3.7146079540252686, 3.2835471630096436 
-2.8818984031677246, 2.535275936126709 
-3.0979270935058594, 2.6830637454986572 
4.070697784423828, -3.869070053100586 
3.3265609741210938, -3.1847400665283203 
4.567774295806885, -4.36580228805542 
4.640772819519043, -4.413581848144531 
-3.478604793548584, 3.0463037490844727 
-1.7407293319702148, 1.4887127876281738 
-5.422501564025879, 4.808778762817383 
3.3254382610321045, -3.231323003768921 
-2.3820552825927734, 2.0512099266052246 
1.9789692163467407, -1.9297579526901245 
-5.119049072265625, 4.5507402420043945 
-2.96478271484375, 2.5633578300476074 
-2.770033359527588, 2.4220142364501953 
3.379261016845703, -3.257822036743164 
-5.084228038787842, 4.5281877517700195 
-2.8139638900756836, 2.4646263122558594 
0.9797558188438416, -1.051474690437317 
1.9450945854187012, -1.9231172800064087 
-4.690853118896484, 4.161330699920654 
-5.653702735900879, 5.040109634399414 
-1.2248320579528809, 0.9697518348693848 
-3.8976235389709473, 3.431561231613159 
-2.2956387996673584, 1.979348063468933 
-2.581387758255005, 2.259556770324707 
-5.201596260070801, 4.61572265625 
-0.7172797322273254, 0.5035287141799927 
-2.6906180381774902, 2.359811782836914 
2.4658589363098145, -2.43733549118042 
1.1626859903335571, -1.20540452003479 
3.6782913208007812, -3.5312538146972656 
4.077908515930176, -3.9238884449005127 
0.6930275559425354, -0.7323943376541138 
3.0173051357269287, -2.9004244804382324 
1.4339827299118042, -1.470483422279358 
-1.5648574829101562, 1.2884482145309448 
-1.3137191534042358, 1.0898734331130981 
-2.663935422897339, 2.3094286918640137 
-3.9148268699645996, 3.422800064086914 
3.8713760375976562, -3.6974782943725586 
-2.410102367401123, 2.1035916805267334 
3.329965353012085, -3.2021899223327637 
-1.4510334730148315, 1.2023650407791138 
-2.4096474647521973, 2.083017587661743 
-4.003397464752197, 3.5274486541748047 
2.889312982559204, -2.791429281234741 
4.034050464630127, -3.837630033493042 
2.4390225410461426, -2.391371250152588 
2.779621124267578, -2.6731414794921875 
-3.2747421264648438, 2.882089376449585 
-4.368105411529541, 3.878056049346924 
3.22422456741333, -3.108400344848633 
1.7126072645187378, -1.7354103326797485 
3.269599437713623, -3.146456718444824 
3.0906033515930176, -2.964336633682251 
-0.33364856243133545, 0.19806227087974548 
-0.6994789838790894, 0.5089918375015259 
0.05771954357624054, -0.17189434170722961 
-2.582350254058838, 2.239177703857422 
-3.13689923286438, 2.768458843231201 
3.192023515701294, -3.0883302688598633 
-3.869783639907837, 3.414135456085205 
-3.0728278160095215, 2.6962366104125977 
-1.4167671203613281, 1.1518454551696777 
2.7382166385650635, -2.6664414405822754 
2.0307536125183105, -1.9886075258255005 
4.283560752868652, -4.107043743133545 
-1.0547510385513306, 0.8250452280044556 
4.166613578796387, -3.9805378913879395 
-0.40993696451187134, 0.24665924906730652 
0.04335761070251465, -0.13158828020095825 
-1.160207748413086, 0.936456561088562 
-0.6046540141105652, 0.44437530636787415 
3.8954451084136963, -3.7199063301086426 
1.7068687677383423, -1.709187388420105 
-1.7704498767852783, 1.4791752099990845 
4.362665176391602, -4.132676601409912 
3.674696922302246, -3.53259015083313 
-3.2319133281707764, 2.8404765129089355 
1.9110811948776245, -1.933242678642273 
-0.7236192226409912, 0.5428636074066162 
-2.6013665199279785, 2.242295742034912 
-1.5456479787826538, 1.2930724620819092 
-3.1654038429260254, 2.7555978298187256 
-4.850440502166748, 4.284849643707275 
-1.6540703773498535, 1.386372447013855 
-0.09795861691236496, -0.032595470547676086 
-4.042859077453613, 3.597064971923828 
3.7833290100097656, -3.6125075817108154 
-3.0710387229919434, 2.6728672981262207 
1.45049250125885, -1.4615329504013062 
1.1610568761825562, -1.1961045265197754 
0.4490623474121094, -0.5235069990158081 
1.9980884790420532, -1.9737387895584106 
-2.0614616870880127, 1.7521930932998657 
-4.581911087036133, 4.0582170486450195 
3.4712343215942383, -3.3336100578308105 
2.9103050231933594, -2.813261032104492 
-5.9590535163879395, 5.3193440437316895 
-2.265089511871338, 1.9396709203720093 
-1.8472169637680054, 1.5663164854049683 
-0.7815940976142883, 0.6059589385986328 
-1.1236790418624878, 0.8872406482696533 
0.3714239299297333, -0.46347576379776 
3.720874786376953, -3.5854392051696777 
-2.5510172843933105, 2.2065820693969727 
3.7241621017456055, -3.5497419834136963 
-5.111301898956299, 4.545395851135254 
1.7343171834945679, -1.7342578172683716 
-5.336909294128418, 4.733489036560059 
3.9877724647521973, -3.799469470977783 
3.3492894172668457, -3.2278308868408203 
-2.566603899002075, 2.2272086143493652 
-4.134116172790527, 3.6297943592071533 
2.566619396209717, -2.4772040843963623 
-4.009769916534424, 3.5712087154388428 
-4.826556205749512, 4.263033866882324 
-3.068729877471924, 2.6483936309814453 
3.3111634254455566, -3.1977663040161133 
4.457304954528809, -4.248909950256348 
3.896069049835205, -3.725903272628784 
-4.03980827331543, 3.563037872314453 
0.6309210062026978, -0.7038966417312622 
-4.496696472167969, 3.979963779449463 
0.8001623749732971, -0.8539007902145386 
4.096807956695557, -3.9241340160369873 
0.5118655562400818, -0.6419678926467896 
-1.8661668300628662, 1.5672293901443481 
-1.496836543083191, 1.2545822858810425 
-2.0012409687042236, 1.6773815155029297 
3.32918381690979, -3.176971197128296 
-2.592195749282837, 2.274043083190918 
2.6398086547851562, -2.55800199508667 
-5.075200080871582, 4.532886981964111 
-3.8993210792541504, 3.431107521057129 
-4.391796112060547, 3.8950555324554443 
3.663072109222412, -3.540987968444824 
-3.223869800567627, 2.832159996032715 
-3.4230594635009766, 3.004793405532837 
0.07539904117584229, -0.2346256673336029 
-0.7422783970832825, 0.5288598537445068 
-3.4873385429382324, 3.074941635131836 
3.2449235916137695, -3.104221820831299 
2.039144515991211, -1.9858421087265015 
3.4276328086853027, -3.308223247528076 
-1.2456499338150024, 0.996329665184021 
0.7778965830802917, -0.8035862445831299 
1.446784496307373, -1.4588807821273804 
3.880676507949829, -3.718381404876709 
-5.515949726104736, 4.914407730102539 
0.8276400566101074, -0.8891751766204834 
2.0122015476226807, -1.9987460374832153 
0.2974640130996704, -0.4224151074886322 
3.080702066421509, -2.989060401916504 
3.61517333984375, -3.4849853515625 
-3.3098812103271484, 2.9125704765319824 
2.3183374404907227, -2.2874412536621094 
-3.0402443408966064, 2.6576128005981445 
4.107691287994385, -3.946063280105591 
-2.3874387741088867, 2.045924186706543 
-0.4572518467903137, 0.3184839189052582 
4.387627124786377, -4.1706647872924805 
-1.7346750497817993, 1.4715417623519897 
-4.650187969207764, 4.144843101501465 
-3.996647357940674, 3.5213892459869385 
3.6706628799438477, -3.5259995460510254 
2.552671194076538, -2.4708259105682373 
-1.4468592405319214, 1.1623988151550293 
3.3265843391418457, -3.2305424213409424 
2.255648374557495, -2.2177364826202393 
4.683945178985596, -4.455477714538574 
4.273082256317139, -4.103761672973633 
1.6799598932266235, -1.6996773481369019 
2.9946179389953613, -2.8824877738952637 
-2.251842498779297, 1.9009650945663452 
3.72308087348938, -3.5744471549987793 
1.9955965280532837, -1.9592870473861694 
-2.6955339908599854, 2.363034725189209 
3.117933988571167, -3.012449264526367 
4.168417930603027, -3.988703489303589 
-3.4856224060058594, 3.0447912216186523 
-4.388139724731445, 3.9021167755126953 
2.524446487426758, -2.447300434112549 
3.1643640995025635, -3.0396833419799805 
0.8227181434631348, -0.8778849840164185 
2.6897404193878174, -2.6107311248779297 
-3.209773540496826, 2.7982845306396484 
3.245915651321411, -3.1403026580810547 
-3.8781590461730957, 3.423614740371704 
0.2522347867488861, -0.37999626994132996 
-1.5182431936264038, 1.2657722234725952 
3.289214849472046, -3.133340835571289 
-2.1962852478027344, 1.8881837129592896 
-2.7490153312683105, 2.3976032733917236 
-4.302862167358398, 3.8124542236328125 
-3.3432955741882324, 2.9121499061584473 
-2.1732687950134277, 1.885812759399414 
-1.281429409980774, 1.0581415891647339 
-4.127077102661133, 3.6495418548583984 
1.3973604440689087, -1.4096511602401733 
-2.521265983581543, 2.179091453552246 
0.5650266408920288, -0.6465812921524048 
3.578211784362793, -3.405233383178711 
2.4024477005004883, -2.347085952758789 
-2.7579989433288574, 2.369277238845825 
2.4153199195861816, -2.3567543029785156 
1.995888352394104, -1.9584697484970093 
3.0925486087799072, -2.974924325942993 
2.3937695026397705, -2.328871726989746 
1.9587640762329102, -1.9342107772827148 
3.4099245071411133, -3.2697997093200684 
3.6277823448181152, -3.4787039756774902 
2.559572219848633, -2.4932546615600586 
1.5382314920425415, -1.5433615446090698 
-2.977318286895752, 2.5971474647521973 
2.895869493484497, -2.811061382293701 
1.5146914720535278, -1.4946807622909546 
-5.492401123046875, 4.902020454406738 
-4.745859146118164, 4.202420711517334 
-1.6915076971054077, 1.4304227828979492 
-5.570683479309082, 4.9538702964782715 
3.0371594429016113, -2.9267539978027344 
1.672778606414795, -1.6635907888412476 
1.8092286586761475, -1.8043467998504639 
-3.50051212310791, 3.0737335681915283 
1.8069695234298706, -1.7965952157974243 
-2.5559275150299072, 2.2176623344421387 
2.1420488357543945, -2.104161024093628 
-4.478840351104736, 3.9588165283203125 
-4.2690043449401855, 3.7949323654174805 
-2.201223850250244, 1.8702539205551147 
3.811206817626953, -3.657504081726074 
-3.719189405441284, 3.2543091773986816 
-0.9160000681877136, 0.7134970426559448 
4.490909576416016, -4.27036190032959 
-2.533601760864258, 2.2096445560455322 
-1.0831241607666016, 0.8865675926208496 
-2.5838561058044434, 2.251941442489624 
-2.5126233100891113, 2.1627068519592285 
2.686685800552368, -2.6239733695983887 
2.877448558807373, -2.7993013858795166 
3.4822540283203125, -3.340188503265381 
3.083444118499756, -2.9761600494384766 
3.6295361518859863, -3.4907097816467285 
-3.5901975631713867, 3.1748645305633545 
-4.224094390869141, 3.7272849082946777 
-0.4410175383090973, 0.2809690237045288 
-1.7808384895324707, 1.4675076007843018 
2.0399746894836426, -2.014910936355591 
0.017340051010251045, -0.15744343400001526 
3.328897714614868, -3.225238561630249 
3.137760639190674, -3.024616241455078 
2.4943065643310547, -2.4425508975982666 
-2.205615520477295, 1.8931363821029663 
-3.520801544189453, 3.1041462421417236 
3.732008934020996, -3.5733835697174072 
2.0027897357940674, -1.9684011936187744 
-4.698102951049805, 4.177539825439453 
-1.261529564857483, 1.0273584127426147 
1.1817091703414917, -1.2082325220108032 
2.7334232330322266, -2.627821445465088 
-1.314728021621704, 1.0826956033706665 
3.8787248134613037, -3.7438249588012695 
-3.552327871322632, 3.1044509410858154 
2.596890449523926, -2.5021302700042725 
-4.992435455322266, 4.433976650238037 
-3.9966988563537598, 3.538649082183838 
-0.996577799320221, 0.7974200248718262 
1.439725399017334, -1.4847382307052612 
2.7408671379089355, -2.6725010871887207 
-2.24831223487854, 1.889111876487732 
-3.350590705871582, 2.92122220993042 
3.313830852508545, -3.1652214527130127 
-4.0076422691345215, 3.554999351501465 
-0.056033603847026825, -0.07169514149427414 
3.0767765045166016, -2.9681613445281982 
0.26809364557266235, -0.38053473830223083 
-5.151906967163086, 4.564664840698242 
-2.900324821472168, 2.5271494388580322 
0.649550199508667, -0.7056264877319336 
-4.621825218200684, 4.09873628616333 
3.6376001834869385, -3.4865424633026123 
-1.9522507190704346, 1.6312299966812134 
-4.991341590881348, 4.4471025466918945 
-4.090297698974609, 3.6258933544158936 
2.5267696380615234, -2.481095314025879 
-0.9801425933837891, 0.7646496295928955 
2.5478270053863525, -2.5121331214904785 
-4.46140193939209, 3.958561897277832 
1.0819755792617798, -1.1654726266860962 
4.636684417724609, -4.427741050720215 
-3.3592469692230225, 2.9467992782592773 
2.8881101608276367, -2.793342113494873 
2.8484561443328857, -2.760283946990967 
2.1269752979278564, -2.087479829788208 
3.3405613899230957, -3.220939874649048 
-2.9424045085906982, 2.5772764682769775 
-0.43277037143707275, 0.29395994544029236 
-2.1314144134521484, 1.8114116191864014 
-1.4816136360168457, 1.2469369173049927 
2.907865524291992, -2.7938055992126465 
-0.46803444623947144, 0.296792596578598 
-3.817434787750244, 3.369823455810547 
-2.9571340084075928, 2.5781257152557373 
1.9699426889419556, -1.938693881034851 
3.814680337905884, -3.6396889686584473 
4.54667854309082, -4.331315040588379 
1.669106364250183, -1.65080988407135 
-4.882551670074463, 4.335051536560059 
1.2688193321228027, -1.2914186716079712 
1.873326063156128, -1.8534173965454102 
-3.645514965057373, 3.2255918979644775 
-3.177605628967285, 2.752530574798584 
3.806593656539917, -3.648470878601074 
-0.9269196391105652, 0.6808798313140869 
-4.88999605178833, 4.339417934417725 
0.17066891491413116, -0.28407108783721924 
-4.764196872711182, 4.210275650024414 
3.788327932357788, -3.614786386489868 
2.780120372772217, -2.719775676727295 
4.271175384521484, -4.084822654724121 
3.2546582221984863, -3.1273651123046875 
1.9941045045852661, -1.9686524868011475 
-1.9094194173812866, 1.629218578338623 
-4.822566509246826, 4.27161169052124 
-1.275950312614441, 1.0569499731063843 
-3.33754563331604, 2.9169957637786865 
-2.28240704536438, 1.9594186544418335 
3.5429484844207764, -3.3910932540893555 
3.8678407669067383, -3.687648296356201 
1.9237778186798096, -1.9044475555419922 
0.6739299297332764, -0.7530521154403687 
-5.097501754760742, 4.5202531814575195 
-0.38587406277656555, 0.23854735493659973 
4.259302139282227, -4.077515125274658 
4.065898895263672, -3.890991449356079 
3.3074703216552734, -3.190659523010254 
-5.417148590087891, 4.803651332855225 
4.592136383056641, -4.3482794761657715 
-1.7559423446655273, 1.4673486948013306 
3.7888360023498535, -3.609403371810913 
-2.850621223449707, 2.514435291290283 
2.785550117492676, -2.6753485202789307 
0.7349948883056641, -0.8202136754989624 
3.5870442390441895, -3.466766357421875 
1.2937783002853394, -1.286512017250061 
-2.065150737762451, 1.7541677951812744 
-1.4933511018753052, 1.1999659538269043 
3.1963002681732178, -3.0723705291748047 
-4.743285179138184, 4.210931777954102 
-3.2133564949035645, 2.839390277862549 
-2.3638453483581543, 2.0458602905273438 
-1.6477729082107544, 1.383305311203003 
3.821291446685791, -3.6464266777038574 
-1.5023198127746582, 1.233085036277771 
-4.747955322265625, 4.21275520324707 
-0.31482771039009094, 0.1397441178560257 
1.2415199279785156, -1.2994197607040405 
-2.8794124126434326, 2.505012035369873 
1.8248010873794556, -1.8263577222824097 
-3.4850125312805176, 3.0648365020751953 
2.5991742610931396, -2.5358691215515137 
-4.1705169677734375, 3.696167469024658 
-1.9927335977554321, 1.693758249282837 
-1.3458359241485596, 1.0953664779663086 
2.978760004043579, -2.8797967433929443 
3.6284801959991455, -3.480806827545166 
-4.928099155426025, 4.36171817779541 
0.6650230288505554, -0.7451344728469849 
-0.19339758157730103, 0.047482192516326904 
-1.321416974067688, 1.0542799234390259 
3.956331253051758, -3.788705825805664 
3.1534926891326904, -3.015507221221924 
0.1567223072052002, -0.26875877380371094 
-3.9312427043914795, 3.4466793537139893 
-3.547250509262085, 3.117182493209839 
2.007063627243042, -1.9820375442504883 
3.0092225074768066, -2.904153823852539 
-0.5318341851234436, 0.38658520579338074 
-0.6713066697120667, 0.4877369701862335 
3.7147703170776367, -3.560152530670166 
-1.7611337900161743, 1.5080801248550415 
2.7124228477478027, -2.629051685333252 
-0.6244675517082214, 0.4214976131916046 
-3.397824764251709, 2.9930131435394287 
-1.0761550664901733, 0.8746601343154907 
-1.0149074792861938, 0.7518978118896484 
-0.1808585226535797, 0.015049070119857788 
2.9796841144561768, -2.906991958618164 
-1.6529821157455444, 1.3788719177246094 
2.231348752975464, -2.211042881011963 
-1.4128087759017944, 1.1479336023330688 
0.13810031116008759, -0.28099513053894043 
-3.5495269298553467, 3.13844633102417 
2.213534355163574, -2.1780402660369873 
3.526820182800293, -3.394474983215332 
3.415466070175171, -3.2781896591186523 
1.1044774055480957, -1.147404670715332 
3.908742904663086, -3.7559938430786133 
4.103706359863281, -3.9163665771484375 
-2.093977212905884, 1.7841838598251343 
-3.854867458343506, 3.3915605545043945 
3.8080058097839355, -3.6352720260620117 
-2.7739758491516113, 2.3911612033843994 
2.520082950592041, -2.4739975929260254 
3.229759693145752, -3.1160340309143066 
-4.930683135986328, 4.389460563659668 
3.4565365314483643, -3.29840087890625 
-5.019471168518066, 4.465468406677246 
4.005624294281006, -3.818580150604248 
-2.1697912216186523, 1.8613073825836182 
-0.9497420787811279, 0.7658125162124634 
3.0919830799102783, -2.948939323425293 
3.077160358428955, -2.96844482421875 
-3.385374069213867, 2.9483203887939453 
3.103634834289551, -2.964998960494995 
-4.0433855056762695, 3.6040596961975098 
-1.9435796737670898, 1.6411761045455933 
3.172945261001587, -3.089695453643799 
1.7465687990188599, -1.7641440629959106 
-2.627368927001953, 2.2893218994140625 
-4.651481628417969, 4.121222972869873 
0.5983112454414368, -0.7053124904632568 
4.355142116546631, -4.165142059326172 
3.8670432567596436, -3.6952972412109375 
-0.8880173563957214, 0.6869897842407227 
0.43390747904777527, -0.5556483864784241 
3.0970458984375, -2.9712228775024414 
-0.10383827239274979, -0.06002231314778328 
-2.469449520111084, 2.1273345947265625 
3.101746082305908, -2.993391990661621 
2.9618799686431885, -2.8589720726013184 
2.7457926273345947, -2.66502046585083 
-2.8806381225585938, 2.541246175765991 
2.4629077911376953, -2.404688596725464 
0.5483013987541199, -0.6369292736053467 
-4.535890579223633, 4.002924919128418 
0.7785677313804626, -0.8557151556015015 
-1.2949975728988647, 1.0813583135604858 
-0.6294916868209839, 0.4576131999492645 
0.04157251864671707, -0.1782800257205963 
4.240978240966797, -4.060420513153076 
2.532815933227539, -2.4767813682556152 
-3.7449851036071777, 3.3078908920288086 
-2.7276673316955566, 2.3974013328552246 
-5.709101676940918, 5.089818000793457 
3.345956802368164, -3.22519850730896 
-0.32662954926490784, 0.16294148564338684 
-5.071145057678223, 4.506672382354736 
1.9052997827529907, -1.8760052919387817 
-3.036792278289795, 2.637498378753662 
2.8602852821350098, -2.785667896270752 
3.9040331840515137, -3.7008912563323975 
1.791381597518921, -1.771241545677185 
-3.484623670578003, 3.078009605407715 
3.347288131713867, -3.182891845703125 
-1.9205223321914673, 1.643611192703247 
-1.6236118078231812, 1.3758299350738525 
-0.061172209680080414, -0.06941314786672592 
-5.4498515129089355, 4.846580505371094 
2.375946044921875, -2.307253837585449 
-1.230290174484253, 0.9967906475067139 
-5.433568954467773, 4.8378376960754395 
-5.185180187225342, 4.599256992340088 
-1.3544433116912842, 1.1203378438949585 
2.998457908630371, -2.9214794635772705 
3.08103346824646, -2.952521800994873 
0.6933018565177917, -0.7540159225463867 
1.3405004739761353, -1.398821473121643 
0.9267311096191406, -1.0045747756958008 
-4.5405592918396, 4.014265060424805 
-2.0356791019439697, 1.7448511123657227 
2.3671679496765137, -2.294253349304199 
-2.2576613426208496, 1.9408396482467651 
-3.404050588607788, 2.99068021774292 
-1.1885501146316528, 0.9528709650039673 
2.9704606533050537, -2.883594036102295 
3.1356112957000732, -3.0255117416381836 
-0.24232642352581024, 0.0908106118440628 
0.4605073034763336, -0.5630201697349548 
3.3078432083129883, -3.1654348373413086 
3.6766104698181152, -3.5179193019866943 
2.478001832962036, -2.4105539321899414 
-3.5487968921661377, 3.113319158554077 
-5.2471208572387695, 4.672049522399902 
-4.105362415313721, 3.659043073654175 
-4.379790306091309, 3.8781280517578125 
-0.9967662692070007, 0.7785139083862305 
-3.1459546089172363, 2.7481589317321777 
-3.5703537464141846, 3.152876377105713 
-3.9211223125457764, 3.469621181488037 
-0.9209176301956177, 0.698110818862915 
1.847005009651184, -1.8361090421676636 
-4.531003952026367, 4.017164707183838 
3.567549228668213, -3.4253909587860107 
3.9443960189819336, -3.758443593978882 
1.8124245405197144, -1.8128912448883057 
-1.4043887853622437, 1.1615315675735474 
-2.0967462062835693, 1.7818080186843872 
2.8607423305511475, -2.7661337852478027 
-1.0166095495224, 0.8209788799285889 
-1.7577039003372192, 1.4588518142700195 
-1.3115694522857666, 1.0642179250717163 
4.042872428894043, -3.855201482772827 
-0.9429445862770081, 0.728008508682251 
2.3138070106506348, -2.2522034645080566 
3.482684373855591, -3.354907989501953 
0.2546638548374176, -0.3602215051651001 
3.7523133754730225, -3.5892744064331055 
3.790574550628662, -3.6204328536987305 
4.063194751739502, -3.8878321647644043 
-3.6118879318237305, 3.176699638366699 
3.3589234352111816, -3.2491202354431152 
-1.1860207319259644, 0.9328479766845703 
3.308321952819824, -3.2003321647644043 
-3.6255364418029785, 3.1902737617492676 
-3.159122943878174, 2.754974126815796 
-3.38805890083313, 2.993190288543701 
-2.9373412132263184, 2.5733652114868164 
3.0652318000793457, -2.9656550884246826 
-3.697807788848877, 3.256558895111084 
3.3155713081359863, -3.1808505058288574 
-3.485356569290161, 3.0385265350341797 
3.8856234550476074, -3.725313425064087 
-1.5061324834823608, 1.2364851236343384 
-4.071285247802734, 3.596550941467285 
3.3193559646606445, -3.2015156745910645 
2.5495235919952393, -2.5067944526672363 
-1.2055385112762451, 0.9902632236480713 
2.919618606567383, -2.8315136432647705 
2.6566543579101562, -2.5734293460845947 
1.3976430892944336, -1.4277852773666382 
1.9687142372131348, -1.9496493339538574 
-4.2204484939575195, 3.716464042663574 
1.865562915802002, -1.8574882745742798 
3.703911304473877, -3.565159797668457 
-2.645535469055176, 2.3068060874938965 
3.7776196002960205, -3.611095428466797 
-1.8564594984054565, 1.5401490926742554 
-5.558884620666504, 4.953937530517578 
-2.113147258758545, 1.8038592338562012 
-0.9114833474159241, 0.7241785526275635 
3.1649155616760254, -3.033259868621826 
2.9460220336914062, -2.8501076698303223 
-2.5114073753356934, 2.169689655303955 
-4.509626388549805, 3.9746828079223633 
1.1448172330856323, -1.1847138404846191 
4.080886363983154, -3.9059855937957764 
2.233454465866089, -2.197666645050049 
3.2437028884887695, -3.138603448867798 
-1.271260142326355, 1.0380901098251343 
2.6713860034942627, -2.605207681655884 
4.087402820587158, -3.925210952758789 
3.8152389526367188, -3.653888463973999 
-4.610443592071533, 4.091037750244141 
-1.9416579008102417, 1.6358839273452759 
4.29655647277832, -4.083706855773926 
4.511582374572754, -4.313779354095459 
-2.8989949226379395, 2.5075948238372803 
2.8818516731262207, -2.791381597518921 
1.2248941659927368, -1.259131908416748 
5.062407970428467, -4.784268856048584 
-2.695127010345459, 2.331937789916992 
3.1471405029296875, -3.028697967529297 
2.704219341278076, -2.6268086433410645 
-2.0475711822509766, 1.7368754148483276 
-2.919914484024048, 2.5584793090820312 
0.34002435207366943, -0.45856544375419617 
0.3940068185329437, -0.47057434916496277 
4.273368835449219, -4.060708045959473 
-1.5943280458450317, 1.329243779182434 
2.930295944213867, -2.83054780960083 
-2.765664577484131, 2.408203601837158 
0.8935422897338867, -0.9396651983261108 
-4.051433563232422, 3.5826196670532227 
-0.49246570467948914, 0.32890161871910095 
-2.9507570266723633, 2.5920634269714355 
1.0350078344345093, -1.0903480052947998 
-1.314747929573059, 1.0700722932815552 
3.3961362838745117, -3.2998290061950684 
2.689183235168457, -2.6337013244628906 
-2.609218120574951, 2.272200107574463 
4.193922519683838, -4.01192045211792 
4.081428527832031, -3.9366846084594727 
3.3975119590759277, -3.255514144897461 
4.117796897888184, -3.924060344696045 
-2.9727487564086914, 2.6192381381988525 
-4.253986835479736, 3.7262964248657227 
-1.7760932445526123, 1.4703528881072998 
-2.007723093032837, 1.6878612041473389 
-0.186212956905365, -0.01344539225101471 
-5.415536403656006, 4.829476356506348 
2.915729522705078, -2.819065570831299 
0.4258250594139099, -0.508820652961731 
-3.0339200496673584, 2.655226230621338 
2.921449661254883, -2.821054220199585 
-4.7225751876831055, 4.173460960388184 
-6.140928268432617, 5.475223541259766 
-3.4079041481018066, 2.9782705307006836 
0.4040941298007965, -0.49255070090293884 
1.4262278079986572, -1.4194447994232178 
2.283618450164795, -2.2558178901672363 
3.4370970726013184, -3.3216915130615234 
3.96006441116333, -3.755582094192505 
3.931036949157715, -3.7767181396484375 
-5.23304557800293, 4.647195339202881 
2.6210479736328125, -2.569704055786133 
-1.0566012859344482, 0.8312771320343018 
3.71366286277771, -3.562187433242798 
2.771664619445801, -2.668102264404297 
-3.3923540115356445, 2.999195098876953 
-0.05595889687538147, -0.07437263429164886 
3.773664712905884, -3.6011557579040527 
2.039584159851074, -2.006195306777954 
2.8619256019592285, -2.761892318725586 
-3.685263156890869, 3.248802423477173 
-1.4990286827087402, 1.2574506998062134 
2.4144296646118164, -2.4027929306030273 
-2.194540023803711, 1.8544667959213257 
2.6005775928497314, -2.541217565536499 
0.601479709148407, -0.6571997404098511 
-3.1200265884399414, 2.7162086963653564 
0.9441021084785461, -0.993829607963562 
-1.0946322679519653, 0.8885468244552612 
3.6871418952941895, -3.5316665172576904 
3.008512020111084, -2.9213955402374268 
-3.012376070022583, 2.6143312454223633 
2.6536829471588135, -2.5546927452087402 
4.3193159103393555, -4.106952667236328 
-1.335455060005188, 1.106650710105896 
-2.227484703063965, 1.927878499031067 
-4.258221626281738, 3.763221025466919 
2.625796318054199, -2.536858081817627 
-3.9339826107025146, 3.466623544692993 
-0.3226199150085449, 0.18775826692581177 
1.1402231454849243, -1.1669886112213135 
-1.6133157014846802, 1.3608044385910034 
4.118253231048584, -3.9353203773498535 
2.889366626739502, -2.811812400817871 
4.110729217529297, -3.936023473739624 
-2.562527894973755, 2.207038402557373 
-3.6479907035827637, 3.1856272220611572 
4.682352542877197, -4.444329261779785 
-3.02398681640625, 2.618089199066162 
3.199205160140991, -3.0710644721984863 
3.3323802947998047, -3.2090799808502197 
3.0322346687316895, -2.9163599014282227 
2.7322800159454346, -2.658869504928589 
3.606387138366699, -3.451251268386841 
-2.8541975021362305, 2.497985363006592 
4.507009506225586, -4.273502349853516 
-5.292128086090088, 4.695697784423828 
0.021962160244584084, -0.13891339302062988 
0.45959824323654175, -0.564437210559845 
-3.3222427368164062, 2.9115238189697266 
-2.864147186279297, 2.4894025325775146 
2.8535447120666504, -2.772923231124878 
-2.858689546585083, 2.4723143577575684 
2.2706096172332764, -2.2408318519592285 
0.44008809328079224, -0.5815355777740479 
3.7185707092285156, -3.556091547012329 
-2.9291939735412598, 2.551985263824463 
4.110269546508789, -3.933330535888672 
3.3681435585021973, -3.2389719486236572 
-4.148407936096191, 3.6790149211883545 
-4.151237487792969, 3.679753303527832 
-2.5263357162475586, 2.194148063659668 
-2.600043296813965, 2.2679049968719482 
-1.0149574279785156, 0.7916589975357056 
-1.1251956224441528, 0.9056150913238525 
-4.568900108337402, 4.01475715637207 
0.13443443179130554, -0.2612048387527466 
0.09070698916912079, -0.23571492731571198 
2.5921125411987305, -2.5171468257904053 
3.860218048095703, -3.6826083660125732 
3.1100990772247314, -2.984833002090454 
-2.2975900173187256, 1.981681227684021 
3.365241527557373, -3.2632644176483154 
-4.5182905197143555, 4.01391077041626 
-4.746099948883057, 4.172542572021484 
-0.06320810317993164, -0.06207078695297241 
3.2687761783599854, -3.1392383575439453 
-1.840546727180481, 1.5301661491394043 
-5.4729509353637695, 4.88048791885376 
2.7065768241882324, -2.594273567199707 
4.65022087097168, -4.417920112609863 
3.5355539321899414, -3.403831958770752 
2.7253828048706055, -2.636556625366211 
0.04660263657569885, -0.18525952100753784 
1.238251805305481, -1.2686148881912231 
-5.43480110168457, 4.813058853149414 
3.75394344329834, -3.613966464996338 
-3.8682918548583984, 3.42303729057312 
3.1704440116882324, -3.0696566104888916 
3.1726579666137695, -3.037228584289551 
2.680506467819214, -2.636627674102783 
-2.431796073913574, 2.1086785793304443 
4.532110214233398, -4.323549270629883 
-2.1247551441192627, 1.7775928974151611 
3.9930357933044434, -3.826066017150879 
0.7111450433731079, -0.7881025075912476 
3.437969207763672, -3.28071928024292 
-1.7355116605758667, 1.4617964029312134 
-1.5019727945327759, 1.2397502660751343 
-2.938547372817993, 2.541236162185669 
-3.9297566413879395, 3.475433826446533 
3.3241448402404785, -3.1854279041290283 
3.0047388076782227, -2.8945326805114746 
-3.8428795337677, 3.4245762825012207 
-3.1312437057495117, 2.7348039150238037 
3.6552317142486572, -3.504269599914551 
-5.541086673736572, 4.931049346923828 
-1.8731874227523804, 1.5699166059494019 
0.8779302835464478, -0.9420301914215088 
-4.4053497314453125, 3.8890323638916016 
-3.361661911010742, 2.962233304977417 
-2.7431414127349854, 2.41062593460083 
0.5712042450904846, -0.6692928075790405 
-5.062806129455566, 4.50545597076416 
-0.7077894806861877, 0.549141526222229 
0.5013319849967957, -0.5607328414916992 
-3.0150094032287598, 2.6233744621276855 
2.7008423805236816, -2.6154634952545166 
2.579901933670044, -2.506464719772339 
3.475527286529541, -3.3356292247772217 
-5.257053852081299, 4.675405502319336 
3.902660608291626, -3.707428216934204 
1.8111926317214966, -1.793989896774292 
-2.998417854309082, 2.6009957790374756 
-3.9406793117523193, 3.488077163696289 
-1.810895562171936, 1.5301848649978638 
-2.212524890899658, 1.8973618745803833 
3.973351001739502, -3.801184892654419 
0.4242370128631592, -0.5610628128051758 
-1.6190683841705322, 1.3243144750595093 
3.981105327606201, -3.766561269760132 
-4.042409896850586, 3.577042818069458 
-2.590066909790039, 2.24263334274292 
-0.5260236263275146, 0.35249343514442444 
-2.730775833129883, 2.379563331604004 
1.9100531339645386, -1.8711469173431396 
0.0015654247254133224, -0.1424383819103241 
3.356614828109741, -3.247889757156372 
-4.089887619018555, 3.587754011154175 
2.8511390686035156, -2.769744396209717 
-0.6219480633735657, 0.4666108191013336 
-0.3122883141040802, 0.17380473017692566 
3.1751596927642822, -3.0313668251037598 
-5.09892463684082, 4.5317888259887695 
-3.818173885345459, 3.3563621044158936 
-3.0344419479370117, 2.6425371170043945 
-3.734760284423828, 3.281426429748535 
3.7957730293273926, -3.640549421310425 
-5.177204132080078, 4.58189058303833 
3.3581643104553223, -3.2194252014160156 
2.42557954788208, -2.3815457820892334 
-2.2571258544921875, 1.9247955083847046 
3.2293992042541504, -3.13828444480896 
-3.943803310394287, 3.4628429412841797 
-2.56040358543396, 2.1838204860687256 
2.7247700691223145, -2.6494455337524414 
-2.3536746501922607, 2.0011987686157227 
2.864084482192993, -2.7728772163391113 
-0.5369634032249451, 0.3491339087486267 
-2.2317278385162354, 1.8776397705078125 
-3.171971321105957, 2.764409303665161 
-3.5397870540618896, 3.1200177669525146 
-4.430055618286133, 3.9335145950317383 
3.219322681427002, -3.104966640472412 
0.6153127551078796, -0.674064040184021 
-3.1296274662017822, 2.750060558319092 
-3.5819497108459473, 3.152960777282715 
-4.299812316894531, 3.8019282817840576 
-4.129319667816162, 3.665555715560913 
-2.422008991241455, 2.0801444053649902 
-5.563338279724121, 4.941898822784424 
-1.2378591299057007, 1.0233891010284424 
3.5683541297912598, -3.423830509185791 
-4.082015514373779, 3.5887250900268555 
3.2819437980651855, -3.157026767730713 
2.4107728004455566, -2.3554797172546387 
0.21474462747573853, -0.36956122517585754 
-2.166646957397461, 1.8496936559677124 
-3.4793736934661865, 3.036618232727051 
1.8164576292037964, -1.7829954624176025 
1.4656304121017456, -1.46985924243927 
-1.477000117301941, 1.2087427377700806 
-5.098034858703613, 4.524858474731445 
4.505267143249512, -4.272292137145996 
-2.7451953887939453, 2.3784542083740234 
-3.9472219944000244, 3.487414598464966 
-1.912109375, 1.6267098188400269 
2.3354332447052, -2.285667896270752 
-1.727184534072876, 1.4604517221450806 
0.15407654643058777, -0.27323493361473083 
-4.9648237228393555, 4.385007858276367 
-1.952194333076477, 1.6694868803024292 
3.5285205841064453, -3.3535399436950684 
3.7269349098205566, -3.5704660415649414 
1.9094047546386719, -1.895870327949524 
2.806445598602295, -2.70320987701416 
2.7786521911621094, -2.6948065757751465 
-3.7863874435424805, 3.348378896713257 
4.458820819854736, -4.230768203735352 
3.350560188293457, -3.2448995113372803 
-5.866389274597168, 5.208666801452637 
-3.880551815032959, 3.4243197441101074 
-3.7265496253967285, 3.2890701293945312 
-0.23816442489624023, 0.11122703552246094 
3.2528228759765625, -3.1205692291259766 
-3.057291030883789, 2.6680216789245605 
3.7478156089782715, -3.5804247856140137 
-1.2119430303573608, 0.9956755638122559 
0.41226649284362793, -0.5040208101272583 
-0.9705947041511536, 0.747702956199646 
-3.925347328186035, 3.47346568107605 
-2.3363566398620605, 2.0118165016174316 
-2.440516948699951, 2.1292474269866943 
3.342602252960205, -3.227572441101074 
3.644023895263672, -3.4957432746887207 
3.301882266998291, -3.192525625228882 
3.9116110801696777, -3.729616165161133 
-4.339578628540039, 3.8290741443634033 
-1.0894768238067627, 0.8375555276870728 
-4.459707260131836, 3.9658803939819336 
-3.889894485473633, 3.41363525390625 
3.0634758472442627, -2.9710254669189453 
3.878391981124878, -3.696624279022217 
3.6877856254577637, -3.529313087463379 
2.622809886932373, -2.5493359565734863 
-4.036325454711914, 3.543848752975464 
0.6065006852149963, -0.68869948387146 
3.5187041759490967, -3.382018804550171 
-3.664339542388916, 3.2257862091064453 
3.8237595558166504, -3.652467966079712 
-2.5140085220336914, 2.189396381378174 
-2.9840407371520996, 2.616185188293457 
3.452545642852783, -3.2901368141174316 
0.9155539870262146, -0.9481445550918579 
3.314859390258789, -3.197903633117676 
3.53842830657959, -3.366267204284668 
-2.8347346782684326, 2.4553794860839844 
-5.022937774658203, 4.468544960021973 
3.3513975143432617, -3.24290132522583 
-1.551374077796936, 1.2938193082809448 
3.19275164604187, -3.079306125640869 
-2.6902003288269043, 2.3359575271606445 
4.070603370666504, -3.9147045612335205 
-2.0952701568603516, 1.7893990278244019 
1.1300181150436401, -1.1455051898956299 
-2.6766130924224854, 2.320284605026245 
3.5712013244628906, -3.42726469039917 
1.3346236944198608, -1.369091272354126 
-0.6046088337898254, 0.44586625695228577 
-5.035922050476074, 4.475560188293457 
-3.8604788780212402, 3.400897264480591 
3.228181838989258, -3.084846019744873 
-1.6492875814437866, 1.371498703956604 
0.7544501423835754, -0.832607626914978 
3.9479856491088867, -3.764974355697632 
-2.81569766998291, 2.462333917617798 
-2.83016300201416, 2.474391460418701 
-0.49623921513557434, 0.3030593693256378 
-4.625110626220703, 4.076835632324219 
-3.2972569465637207, 2.887108325958252 
-3.835373878479004, 3.389333724975586 
3.037917137145996, -2.929795742034912 
4.5400071144104, -4.328709125518799 
2.4837794303894043, -2.4194107055664062 
-1.172176480293274, 0.9487782716751099 
2.2533416748046875, -2.2105414867401123 
-1.935209035873413, 1.6192377805709839 
-4.356366157531738, 3.863405704498291 
-3.5065958499908447, 3.0856943130493164 
-4.320374488830566, 3.8011388778686523 
0.19249099493026733, -0.29742228984832764 
3.1709485054016113, -3.042356252670288 
0.02756080962717533, -0.13556469976902008 
3.0602450370788574, -2.9387431144714355 
3.3308169841766357, -3.2197723388671875 
-3.7123677730560303, 3.2493598461151123 
3.4660093784332275, -3.3478455543518066 
1.6104196310043335, -1.6154028177261353 
3.2032058238983154, -3.1072511672973633 
-4.287113189697266, 3.7878482341766357 
-3.664989471435547, 3.2060699462890625 
-3.7253665924072266, 3.287679672241211 
-2.2702925205230713, 1.9664896726608276 
2.829465866088867, -2.7238693237304688 
2.207503318786621, -2.1740975379943848 
-3.6272335052490234, 3.1751768589019775 
-0.2742446959018707, 0.13185840845108032 
-5.618317604064941, 4.987705230712891 
2.7801222801208496, -2.711699962615967 
-4.212796211242676, 3.7119674682617188 
1.3000260591506958, -1.3621819019317627 
-1.5509374141693115, 1.2874566316604614 
-3.9425392150878906, 3.4653263092041016 
3.381798267364502, -3.2286925315856934 
2.502871513366699, -2.454345703125 
-3.4298529624938965, 3.0054101943969727 
2.1539435386657715, -2.157649040222168 
2.9341604709625244, -2.844268798828125 
-0.17638911306858063, 0.047716960310935974 
-3.9340038299560547, 3.4849815368652344 
3.060943126678467, -2.9441304206848145 
-0.882128894329071, 0.6816184520721436 
3.3159141540527344, -3.1855504512786865 
2.2149276733398438, -2.174030303955078 
1.6565759181976318, -1.658896565437317 
3.826660394668579, -3.6622939109802246 
3.6985645294189453, -3.527848482131958 
3.6842193603515625, -3.5610129833221436 
2.71636962890625, -2.6457300186157227 
-1.1137112379074097, 0.8522343635559082 
-3.793957233428955, 3.359055519104004 
2.551875114440918, -2.4745101928710938 
-1.1307698488235474, 0.9117224216461182 
-0.6253056526184082, 0.4741540253162384 
1.2877293825149536, -1.3037365674972534 
3.6747045516967773, -3.5040698051452637 
-2.026238441467285, 1.727980375289917 
1.796400785446167, -1.8011780977249146 
-3.151228904724121, 2.756708860397339 
-3.0025722980499268, 2.6270506381988525 
-1.7375503778457642, 1.442853569984436 
-1.0218663215637207, 0.7775375843048096 
3.9192068576812744, -3.7409117221832275 
-3.448702812194824, 3.0307278633117676 
-1.7642337083816528, 1.5082941055297852 
-3.884446620941162, 3.4436445236206055 
-0.19959314167499542, 0.060595184564590454 
0.7891035676002502, -0.8337429761886597 
-3.9276676177978516, 3.4563376903533936 
3.9282426834106445, -3.7740020751953125 
4.022011756896973, -3.843573570251465 
2.5105338096618652, -2.451821804046631 
3.30188250541687, -3.1773014068603516 
-0.9153372645378113, 0.7371611595153809 
-2.5495595932006836, 2.2161262035369873 
0.9524728655815125, -1.0218931436538696 
-1.7260421514511108, 1.4404088258743286 
-2.099371910095215, 1.7822893857955933 
0.26640579104423523, -0.4116697907447815 
-0.8546389937400818, 0.6724555492401123 
0.5744938254356384, -0.662848711013794 
-2.848329544067383, 2.497041702270508 
3.6077702045440674, -3.447965621948242 
-0.5659589171409607, 0.4056462347507477 
4.447941303253174, -4.234718322753906 
-3.034024953842163, 2.66998291015625 
2.0970048904418945, -2.0309929847717285 
-5.170831680297852, 4.606997489929199 
-0.8192864060401917, 0.5831130743026733 
-4.107929229736328, 3.636080026626587 
3.2322402000427246, -3.105076313018799 
2.1939480304718018, -2.138129234313965 
1.2454017400741577, -1.268426537513733 
4.03147029876709, -3.8376917839050293 
-3.6472115516662598, 3.2171833515167236 
-4.778473854064941, 4.259027481079102 
3.4178824424743652, -3.28208065032959 
-3.428438663482666, 2.991194486618042 
-2.2053873538970947, 1.8638042211532593 
3.6953699588775635, -3.5171732902526855 
-3.9464192390441895, 3.456852674484253 
-3.7274742126464844, 3.276197671890259 
-3.6119728088378906, 3.194075584411621 
4.372812271118164, -4.1353840827941895 
2.4077415466308594, -2.3441202640533447 
-3.5624473094940186, 3.091144561767578 
0.590474009513855, -0.6921424865722656 
-2.4250242710113525, 2.0933871269226074 
-1.0751980543136597, 0.8084201812744141 
0.6027598977088928, -0.7053688764572144 
0.06391309201717377, -0.18064230680465698 
1.3447866439819336, -1.3667277097702026 
3.3321638107299805, -3.20192289352417 
-3.1513500213623047, 2.740633249282837 
2.6071743965148926, -2.5515499114990234 
-3.2069387435913086, 2.7944860458374023 
-2.497635841369629, 2.184962511062622 
-2.472349166870117, 2.121450901031494 
4.040487289428711, -3.8545126914978027 
3.2835922241210938, -3.148406505584717 
1.642033338546753, -1.6306425333023071 
-0.564775288105011, 0.3915591537952423 
1.9695273637771606, -1.972426176071167 
-4.032437324523926, 3.579371213912964 
4.278924942016602, -4.094990253448486 
-0.47217240929603577, 0.2842167019844055 
3.622480630874634, -3.4787096977233887 
3.3071718215942383, -3.1836776733398438 
-4.195199012756348, 3.7080705165863037 
1.1386994123458862, -1.1695629358291626 
0.33180922269821167, -0.41125720739364624 
-3.748858690261841, 3.3110523223876953 
-3.8894219398498535, 3.4386448860168457 
-2.1174769401550293, 1.821590781211853 
3.257071018218994, -3.139655590057373 
0.7663065791130066, -0.8432691097259521 
3.0781192779541016, -2.963303327560425 
1.7185295820236206, -1.7101842164993286 
-4.8326311111450195, 4.284451007843018 
-5.180339813232422, 4.601418972015381 
0.5734506249427795, -0.6448352336883545 
-4.839438438415527, 4.29433012008667 
-0.1703072041273117, 0.04472646117210388 
-2.7985615730285645, 2.4488673210144043 
2.249270439147949, -2.218855381011963 
-5.038946151733398, 4.49992036819458 
3.2846174240112305, -3.15535831451416 
-0.6859536170959473, 0.5034557580947876 
-4.09821891784668, 3.614701747894287 
-3.3335444927215576, 2.9304490089416504 
-3.6862969398498535, 3.245717763900757 
3.624925136566162, -3.4880614280700684 
-1.3311508893966675, 1.0975464582443237 
-3.521885871887207, 3.1023216247558594 
0.7635179162025452, -0.8461549282073975 
-1.500494360923767, 1.265302062034607 
-2.931849718093872, 2.554551601409912 
0.7183732390403748, -0.7858656644821167 
1.9930492639541626, -1.991888403892517 
-1.5283440351486206, 1.2954596281051636 
2.296517848968506, -2.2482123374938965 
0.08970492333173752, -0.2328755259513855 
-5.2762651443481445, 4.667973041534424 
3.0680713653564453, -2.957972526550293 
3.632546901702881, -3.476642608642578 
0.8405632376670837, -0.8927702903747559 
3.5714659690856934, -3.4330673217773438 
2.501283645629883, -2.437814712524414 
3.1625499725341797, -3.0533156394958496 
2.570836067199707, -2.5103583335876465 
-1.304039478302002, 1.0654467344284058 
-0.9199535250663757, 0.6875714063644409 
2.4547083377838135, -2.414315700531006 
-2.392890214920044, 2.043309211730957 
-4.217709541320801, 3.7303664684295654 
-5.205074310302734, 4.629295349121094 
-2.584467887878418, 2.2182931900024414 
-2.8940632343292236, 2.504375457763672 
3.0184168815612793, -2.927435874938965 
-2.217733144760132, 1.8990678787231445 
-2.577737331390381, 2.2493057250976562 
3.437122106552124, -3.3124945163726807 
-4.2274394035339355, 3.728300094604492 
-4.318924903869629, 3.8127083778381348 
1.8343690633773804, -1.8076677322387695 
-3.6038243770599365, 3.150722026824951 
2.864210844039917, -2.773616075515747 
2.0720038414001465, -2.0621700286865234 
2.9885644912719727, -2.902416229248047 
-4.731736660003662, 4.208654403686523 
-4.746102809906006, 4.194011688232422 
3.9146811962127686, -3.736722946166992 
-1.2916131019592285, 1.0619789361953735 
-4.4180402755737305, 3.90244197845459 
-1.9626473188400269, 1.6723668575286865 
-2.577219009399414, 2.24692440032959 
-2.084458827972412, 1.8014487028121948 
-0.9684640765190125, 0.7420154809951782 
2.970165729522705, -2.8999667167663574 
1.4110149145126343, -1.4739140272140503 
-0.9874313473701477, 0.796371579170227 
-1.88772714138031, 1.5965996980667114 
-1.0139268636703491, 0.8303413391113281 
2.6697254180908203, -2.6149685382843018 
-4.383597373962402, 3.8697824478149414 
3.716527223587036, -3.5523054599761963 
-1.7485853433609009, 1.428458333015442 
-4.070172309875488, 3.598909378051758 
-4.453435897827148, 3.9737606048583984 
4.266617298126221, -4.054929733276367 
4.006108283996582, -3.8403024673461914 
2.1921284198760986, -2.1749446392059326 
0.6386730670928955, -0.7197636365890503 
-2.226119041442871, 1.9237266778945923 
-5.481319427490234, 4.877280235290527 
3.503237724304199, -3.3396706581115723 
2.7655563354492188, -2.698465347290039 
0.4344424307346344, -0.56138014793396 
-5.234782695770264, 4.641691207885742 
3.4335274696350098, -3.3054068088531494 
-0.9182722568511963, 0.7336899042129517 
-3.710305690765381, 3.2682175636291504 
-1.5955959558486938, 1.3292789459228516 
-2.248713493347168, 1.929925560951233 
-0.1840498447418213, 0.04877340793609619 
2.1179213523864746, -2.0970261096954346 
-3.8913235664367676, 3.422370195388794 
-1.8971666097640991, 1.6346088647842407 
-3.001018762588501, 2.623377561569214 
4.309271335601807, -4.102785110473633 
3.78163480758667, -3.612294912338257 
2.6143431663513184, -2.545361280441284 
-1.7772330045700073, 1.4956409931182861 
0.9263575673103333, -0.9971586465835571 
4.0306901931762695, -3.861616611480713 
-4.866666793823242, 4.328785419464111 
2.680021286010742, -2.605431079864502 
0.9134879112243652, -0.9753855466842651 
-1.6208947896957397, 1.3663952350616455 
2.860602378845215, -2.773324966430664 
2.0801897048950195, -2.032904624938965 
3.972878932952881, -3.789760112762451 
-1.5268574953079224, 1.2773467302322388 
-2.199721336364746, 1.8686838150024414 
1.2974512577056885, -1.3171285390853882 
3.5534396171569824, -3.4113197326660156 
-3.2721893787384033, 2.8384146690368652 
-3.5882937908172607, 3.145883083343506 
-5.358569145202637, 4.78533411026001 
-2.724543333053589, 2.379110813140869 
2.7158496379852295, -2.6735239028930664 
-1.400661826133728, 1.154079556465149 
-2.8291783332824707, 2.4491329193115234 
-2.569115400314331, 2.2220120429992676 
3.7621958255767822, -3.5827009677886963 
1.5989806652069092, -1.5922940969467163 
3.094938278198242, -2.994539737701416 
3.421351671218872, -3.298372507095337 
-3.6215949058532715, 3.1738548278808594 
-2.0590882301330566, 1.7590349912643433 
3.3465588092803955, -3.220104455947876 
-4.723701477050781, 4.206879615783691 
-4.792285919189453, 4.232936859130859 
3.5162627696990967, -3.376089572906494 
-5.3661298751831055, 4.761819839477539 
-3.757415771484375, 3.2955756187438965 
3.0050292015075684, -2.88909912109375 
3.0549745559692383, -2.9413394927978516 
3.320827007293701, -3.2012081146240234 
2.7845659255981445, -2.6927387714385986 
3.154702663421631, -3.0684218406677246 
3.968277931213379, -3.777484178543091 
-5.117478847503662, 4.53798770904541 
-5.527627944946289, 4.9073591232299805 
-3.5028772354125977, 3.090510845184326 
3.902817726135254, -3.728304386138916 
3.4362101554870605, -3.2945404052734375 
2.022376298904419, -1.9678497314453125 
3.994279384613037, -3.8090741634368896 
-0.8755291104316711, 0.6570528745651245 
-0.20048265159130096, 0.07650502026081085 
-0.9267272353172302, 0.7065081596374512 
-0.5650925040245056, 0.3575967252254486 
-4.971004962921143, 4.421514987945557 
-4.40920352935791, 3.9130773544311523 
-0.24739742279052734, 0.08058157563209534 
0.03927129507064819, -0.1953352987766266 
0.2941892445087433, -0.4134989082813263 
-2.8975439071655273, 2.519320249557495 
3.3431694507598877, -3.2266461849212646 
3.495760679244995, -3.3655765056610107 
0.11608901619911194, -0.27695560455322266 
3.8965024948120117, -3.697333574295044 
2.3053064346313477, -2.279303550720215 
-1.2257245779037476, 0.9922250509262085 
-3.8702168464660645, 3.420191526412964 
-0.060247667133808136, -0.04846128076314926 
-2.771718978881836, 2.428774118423462 
-1.5460126399993896, 1.304376244544983 
3.05711030960083, -2.9402222633361816 
-3.0365381240844727, 2.6273162364959717 
-3.169820785522461, 2.786036729812622 
-0.37390556931495667, 0.21498075127601624 
3.941136360168457, -3.759094715118408 
1.7103984355926514, -1.6891961097717285 
3.3950438499450684, -3.284641742706299 
-2.842297077178955, 2.4839870929718018 
-1.6570773124694824, 1.3647992610931396 
-3.959486484527588, 3.5216968059539795 
3.0959582328796387, -2.9847750663757324 
-1.8918009996414185, 1.5975687503814697 
3.146754264831543, -3.0251457691192627 
-5.4065399169921875, 4.810725212097168 
-3.8414998054504395, 3.3705451488494873 
2.9834508895874023, -2.889261245727539 
3.4244327545166016, -3.288166046142578 
2.651502847671509, -2.5894675254821777 
0.07279772311449051, -0.2056296169757843 
1.1346793174743652, -1.1846338510513306 
-3.1114814281463623, 2.7212603092193604 
-5.380647659301758, 4.782329559326172 
-3.812213897705078, 3.37074875831604 
3.6036758422851562, -3.454967498779297 
-2.564876079559326, 2.2389297485351562 
2.212395191192627, -2.1580209732055664 
3.5933632850646973, -3.445054292678833 
-2.0210330486297607, 1.7393795251846313 
2.157001495361328, -2.116853713989258 
0.010981542989611626, -0.12282596528530121 
3.1012043952941895, -2.9982943534851074 
2.7303667068481445, -2.647721767425537 
-4.104478359222412, 3.636258602142334 
-0.15296408534049988, 0.010160841047763824 
-3.4571797847747803, 3.041624069213867 
-4.080121994018555, 3.603092670440674 
-3.079364061355591, 2.6997251510620117 
-4.8826398849487305, 4.335757255554199 
-4.126395225524902, 3.656191825866699 
-4.179216384887695, 3.67470121383667 
-2.3366754055023193, 2.01812481880188 
-1.9433380365371704, 1.6652368307113647 
3.196615219116211, -3.088864326477051 
-3.5975961685180664, 3.176992654800415 
-1.1531866788864136, 0.9132729768753052 
-3.5722715854644775, 3.1274595260620117 
-2.5210988521575928, 2.184034585952759 
3.28055477142334, -3.1661369800567627 
-3.7427539825439453, 3.2874999046325684 
-0.8826568722724915, 0.6565327644348145 
-0.9400516152381897, 0.7402056455612183 
4.596780300140381, -4.390164375305176 
-1.5063257217407227, 1.239753246307373 
-2.4265987873077393, 2.0829973220825195 
1.5733591318130493, -1.5728979110717773 
2.2082741260528564, -2.2027316093444824 
-3.501650333404541, 3.084343194961548 
-1.126006841659546, 0.8982923030853271 
-3.064189910888672, 2.652083396911621 
2.547670364379883, -2.485599994659424 
-2.380417823791504, 2.04826021194458 
-0.7438914179801941, 0.570533037185669 
-2.8234925270080566, 2.4416723251342773 
2.847295045852661, -2.771026134490967 
2.5012309551239014, -2.456427574157715 
0.3685157001018524, -0.4451064169406891 
-1.9854646921157837, 1.6806471347808838 
2.1763429641723633, -2.110264778137207 
-5.624007225036621, 4.999847412109375 
-2.7281103134155273, 2.358342170715332 
3.54290771484375, -3.384641408920288 
-2.4217352867126465, 2.0778279304504395 
-2.3835253715515137, 2.06158709526062 
2.6444149017333984, -2.540469169616699 
-1.9694271087646484, 1.6726993322372437 
-4.349081039428711, 3.820706605911255 
-2.4339077472686768, 2.084111213684082 
2.430480480194092, -2.3732051849365234 
3.844618320465088, -3.697697162628174 
2.9636528491973877, -2.863934278488159 
1.5555189847946167, -1.569790005683899 
3.488572597503662, -3.3266661167144775 
-0.2768618166446686, 0.11083456873893738 
-0.5946228504180908, 0.3904872238636017 
-1.23261559009552, 0.9722806215286255 
-2.513813018798828, 2.1672120094299316 
3.2604355812072754, -3.1570253372192383 
1.057324767112732, -1.1036123037338257 
-3.8971354961395264, 3.414790391921997 
-4.155143737792969, 3.6683602333068848 
-0.688203752040863, 0.4901130497455597 
2.272202491760254, -2.2281312942504883 
-3.794865369796753, 3.336350202560425 
-4.028141975402832, 3.556014060974121 
4.258573532104492, -4.082783222198486 
2.937770128250122, -2.820528030395508 
3.523775577545166, -3.3546688556671143 
3.9150173664093018, -3.7767574787139893 
0.5256659388542175, -0.6630719900131226 
1.4542912244796753, -1.4603673219680786 
2.836158514022827, -2.733353853225708 
0.9334445595741272, -0.9968575239181519 
3.933480739593506, -3.767524480819702 
-2.274360179901123, 1.9405237436294556 
-2.4649720191955566, 2.1473917961120605 
3.2285211086273193, -3.108896017074585 
3.9437272548675537, -3.7632529735565186 
-2.4330954551696777, 2.077756404876709 
-1.7780177593231201, 1.4953536987304688 
-2.534115791320801, 2.1820671558380127 
0.5946556925773621, -0.7119498252868652 
3.75919246673584, -3.619171380996704 
0.4307979643344879, -0.5230995416641235 
-3.3405423164367676, 2.913984537124634 
3.359877824783325, -3.2420568466186523 
-2.1564152240753174, 1.867466926574707 
4.5965704917907715, -4.365325927734375 
3.477445125579834, -3.360137462615967 
1.7697268724441528, -1.73598051071167 
3.3715250492095947, -3.2347562313079834 
-4.4068145751953125, 3.915259838104248 
-5.059257507324219, 4.506706714630127 
-3.589137554168701, 3.184311866760254 
3.0503501892089844, -2.9255781173706055 
2.648836851119995, -2.5601470470428467 
0.36591508984565735, -0.49333375692367554 
-1.5967718362808228, 1.3562248945236206 
-1.3213309049606323, 1.0559406280517578 
3.614208698272705, -3.4743566513061523 
2.2435495853424072, -2.2128100395202637 
3.8362045288085938, -3.6802237033843994 
2.0538785457611084, -2.0498220920562744 
1.92064368724823, -1.921366572380066 
-0.39637982845306396, 0.24137690663337708 
-1.7970548868179321, 1.489176869392395 
-2.634012460708618, 2.291710376739502 
3.3088955879211426, -3.1695363521575928 
3.0281946659088135, -2.9412693977355957 
2.9720442295074463, -2.8773131370544434 
3.4247565269470215, -3.2612357139587402 
3.8665363788604736, -3.6917004585266113 
-5.69049596786499, 5.050845146179199 
-5.018557071685791, 4.473477363586426 
-1.989423155784607, 1.7067899703979492 
4.049459934234619, -3.8818910121917725 
-3.5379903316497803, 3.0910515785217285 
-2.863295316696167, 2.5150978565216064 
0.525090754032135, -0.5985531806945801 
1.5046731233596802, -1.5373326539993286 
-4.7557501792907715, 4.203333377838135 
-2.4235713481903076, 2.0847129821777344 
-0.19521868228912354, 0.06172272562980652 
3.461972236633301, -3.337005853652954 
-1.2964144945144653, 1.0279937982559204 
2.7079172134399414, -2.6423583030700684 
2.7043819427490234, -2.627254009246826 
1.2298449277877808, -1.264562726020813 
-0.7296799421310425, 0.5433831214904785 
-3.237243175506592, 2.83709716796875 
3.303717613220215, -3.1863813400268555 
0.16811251640319824, -0.3072364628314972 
-4.20527458190918, 3.686292886734009 
2.9446516036987305, -2.8365731239318848 
2.758380889892578, -2.6946191787719727 
-2.28823184967041, 1.9487131834030151 
3.85314679145813, -3.710627317428589 
-4.379858016967773, 3.8775041103363037 
0.4037197232246399, -0.5266205072402954 
1.7069637775421143, -1.7042251825332642 
-5.294952392578125, 4.702492713928223 
3.009674072265625, -2.9159088134765625 
3.9358339309692383, -3.7801642417907715 
-2.480409622192383, 2.159954071044922 
-0.6732826232910156, 0.4967680871486664 
3.4369354248046875, -3.281559467315674 
-2.9567575454711914, 2.5886588096618652 
-4.90000057220459, 4.368891716003418 
3.536489963531494, -3.3850138187408447 
1.494801640510559, -1.4902981519699097 
1.22710382938385, -1.2488538026809692 
3.656548500061035, -3.4975266456604004 
2.214756488800049, -2.1533203125 
-2.9124484062194824, 2.532963514328003 
4.59352970123291, -4.351602077484131 
1.6934601068496704, -1.6685776710510254 
0.5581238865852356, -0.6313955783843994 
-1.1245745420455933, 0.9160631895065308 
3.8709356784820557, -3.6927952766418457 
-3.118373394012451, 2.7300500869750977 
-3.420302152633667, 3.0071189403533936 
-3.1350395679473877, 2.746335983276367 
1.8213142156600952, -1.8216453790664673 
-1.781624436378479, 1.5195966958999634 
-1.845640778541565, 1.5948232412338257 
-4.406184196472168, 3.904543876647949 
-4.17380428314209, 3.663804292678833 
2.514133930206299, -2.4629557132720947 
-4.249130725860596, 3.7376394271850586 
2.680013656616211, -2.6026229858398438 
-3.9778964519500732, 3.4956443309783936 
2.4329848289489746, -2.373844623565674 
3.7139265537261963, -3.5504324436187744 
4.364608287811279, -4.165340900421143 
-0.9967578053474426, 0.7764283418655396 
4.212276935577393, -3.982138156890869 
2.625737190246582, -2.541189432144165 
3.9208567142486572, -3.738615036010742 
-2.388338088989258, 2.042609691619873 
4.774509429931641, -4.5394744873046875 
1.5496464967727661, -1.5625920295715332 
-5.119476318359375, 4.567839622497559 
3.6889824867248535, -3.5430688858032227 
-1.6560477018356323, 1.3954275846481323 
-3.1207494735717773, 2.7243614196777344 
-4.411771774291992, 3.8849337100982666 
3.107269525527954, -2.974341869354248 
3.7299866676330566, -3.584716320037842 
2.489868640899658, -2.444244861602783 
3.634274959564209, -3.481436014175415 
-2.847282648086548, 2.4486446380615234 
-2.810422658920288, 2.4341392517089844 
3.8412599563598633, -3.696789503097534 
-1.9794642925262451, 1.6773813962936401 
3.3833205699920654, -3.2638516426086426 
-3.3793022632598877, 2.9581093788146973 
2.8772730827331543, -2.812539577484131 
-4.3364057540893555, 3.825535774230957 
2.8620948791503906, -2.7603859901428223 
2.943674087524414, -2.847870349884033 
3.019245147705078, -2.9176671504974365 
-3.0522003173828125, 2.666998863220215 
2.753563404083252, -2.6668388843536377 
2.3316943645477295, -2.283811092376709 
-1.1853712797164917, 0.9597406387329102 
2.705394744873047, -2.6424202919006348 
-2.715076446533203, 2.3805441856384277 
1.0157692432403564, -1.0453346967697144 
2.962461471557617, -2.8681628704071045 
-2.7531495094299316, 2.3807485103607178 
-0.19014288485050201, 0.022388450801372528 
-3.1040918827056885, 2.7200052738189697 
-4.648221015930176, 4.105607986450195 
3.6884100437164307, -3.5474767684936523 
-3.082794666290283, 2.7048299312591553 
-1.830178141593933, 1.5379160642623901 
-2.3439700603485107, 1.9890514612197876 
2.4108080863952637, -2.3750619888305664 
0.0216501597315073, -0.1696312427520752 
-1.9675651788711548, 1.6862151622772217 
4.313779830932617, -4.104076385498047 
-4.44161319732666, 3.935349464416504 
3.7282536029815674, -3.559298515319824 
0.4922177493572235, -0.6175036430358887 
3.778003215789795, -3.6266167163848877 
-1.8775039911270142, 1.6287763118743896 
-1.7911289930343628, 1.517234206199646 
-3.8473377227783203, 3.3891708850860596 
3.8757858276367188, -3.700662136077881 
-1.0079762935638428, 0.7742433547973633 
0.8360867500305176, -0.9245496988296509 
-2.4189889430999756, 2.1025562286376953 
3.1812381744384766, -3.0501883029937744 
-0.009803490713238716, -0.11861632019281387 
-5.376354217529297, 4.7863616943359375 
1.908168911933899, -1.896480917930603 
-3.802456855773926, 3.3542721271514893 
-3.6993749141693115, 3.274834632873535 
-3.792884588241577, 3.371385335922241 
-1.7044326066970825, 1.4530366659164429 
1.3371564149856567, -1.341565728187561 
1.2282224893569946, -1.2739232778549194 
2.244879722595215, -2.237805128097534 
-4.644410133361816, 4.141331672668457 
3.274775743484497, -3.170840263366699 
-1.9002766609191895, 1.6350640058517456 
2.421642541885376, -2.3511080741882324 
-4.324357986450195, 3.8425192832946777 
-5.277809143066406, 4.67691707611084 
-2.067779541015625, 1.7692482471466064 
3.682352304458618, -3.5278918743133545 
3.887894630432129, -3.7201032638549805 
4.3018412590026855, -4.09230375289917 
2.7176995277404785, -2.61683988571167 
0.15141832828521729, -0.2521495223045349 
0.21230274438858032, -0.2987973690032959 
2.800915479660034, -2.6980042457580566 
-2.917105197906494, 2.5306100845336914 
-5.507149696350098, 4.902349472045898 
3.4310946464538574, -3.3114113807678223 
-0.9852724075317383, 0.7905546426773071 
-4.275887489318848, 3.7589404582977295 
-2.4783198833465576, 2.1355278491973877 
3.5960469245910645, -3.4229464530944824 
-2.2307028770446777, 1.9068142175674438 
3.3094139099121094, -3.156893730163574 
-2.1387619972229004, 1.8712122440338135 
2.400196075439453, -2.333927631378174 
-0.2839983403682709, 0.1444559544324875 
3.6797642707824707, -3.5246143341064453 
3.1458797454833984, -3.063447952270508 
-2.224008321762085, 1.8995440006256104 
-0.10414741933345795, -0.038358546793460846 
4.093634605407715, -3.8940443992614746 
3.014004707336426, -2.892238140106201 
1.952755093574524, -1.9467525482177734 
1.1342133283615112, -1.1771103143692017 
3.7586283683776855, -3.617060661315918 
2.6280410289764404, -2.5570249557495117 
-0.03451600670814514, -0.10605613887310028 
-3.9564714431762695, 3.4785573482513428 
3.592592239379883, -3.4539430141448975 
-1.6705293655395508, 1.4071582555770874 
-2.5810062885284424, 2.22918701171875 
-4.518436431884766, 4.012392997741699 
-1.4478660821914673, 1.2114332914352417 
3.1782357692718506, -3.069179058074951 
3.723419427871704, -3.5938615798950195 
0.02933649905025959, -0.15267686545848846 
3.813140869140625, -3.6515915393829346 
3.402761697769165, -3.283762216567993 
-3.7663748264312744, 3.314974069595337 
-3.7124991416931152, 3.282703161239624 
-2.395610809326172, 2.073697090148926 
-4.365666389465332, 3.8448944091796875 
-3.5805916786193848, 3.1535770893096924 
3.0848846435546875, -2.973731517791748 
-3.567939281463623, 3.159971237182617 
-2.755049705505371, 2.373415946960449 
-5.118785858154297, 4.555944442749023 
-3.4515833854675293, 3.022376537322998 
-1.1304346323013306, 0.8927003145217896 
-0.5891619324684143, 0.40820756554603577 
1.345083475112915, -1.3755558729171753 
3.2330358028411865, -3.1149191856384277 
-4.805356025695801, 4.242166519165039 
1.8389087915420532, -1.854034662246704 
-2.241553544998169, 1.9535211324691772 
-3.6052098274230957, 3.198728322982788 
-3.087822437286377, 2.708564281463623 
2.295675754547119, -2.2302794456481934 
-0.8010923266410828, 0.6264047622680664 
-5.039740085601807, 4.511868953704834 
4.3180389404296875, -4.096804618835449 
-3.6619760990142822, 3.2148003578186035 
-3.6714253425598145, 3.228116273880005 
-2.799070119857788, 2.426292896270752 
1.728240728378296, -1.7069377899169922 
-4.517683029174805, 4.015084266662598 
0.7852129936218262, -0.851582407951355 
4.964783191680908, -4.72860050201416 
1.7009550333023071, -1.6978105306625366 
-4.627303600311279, 4.092179298400879 
3.4787869453430176, -3.3458147048950195 
-3.6506502628326416, 3.1797094345092773 
-5.029165267944336, 4.474307060241699 
2.14700984954834, -2.114309310913086 
2.2195658683776855, -2.1871731281280518 
3.8708343505859375, -3.6900320053100586 
2.680936574935913, -2.588613748550415 
2.826227903366089, -2.744157552719116 
3.3082022666931152, -3.191330671310425 
0.5124550461769104, -0.6009500026702881 
-2.137059211730957, 1.8348721265792847 
-0.8605635762214661, 0.6597542762756348 
1.0538023710250854, -1.1044427156448364 
-2.189462184906006, 1.8420674800872803 
1.9004030227661133, -1.8937727212905884 
3.1795005798339844, -3.0632314682006836 
2.178881883621216, -2.153876781463623 
0.990800678730011, -1.0134392976760864 
2.6997222900390625, -2.6337006092071533 
-1.4431058168411255, 1.1768118143081665 
-1.1764360666275024, 0.9286479949951172 
3.7154858112335205, -3.5502090454101562 
-2.4171226024627686, 2.072824478149414 
-2.0102412700653076, 1.7269591093063354 
-3.4432311058044434, 3.036391258239746 
1.742418885231018, -1.7175852060317993 
-0.3579117953777313, 0.17931672930717468 
1.183698296546936, -1.22768235206604 
-0.9979531168937683, 0.7765105962753296 
-3.3953585624694824, 2.9751341342926025 
-4.060879707336426, 3.57951021194458 
-3.4478859901428223, 3.0378129482269287 
-0.07081446796655655, -0.040670230984687805 
2.5311927795410156, -2.4933266639709473 
3.5073466300964355, -3.3751564025878906 
3.0077974796295166, -2.8894717693328857 
0.9685060381889343, -1.0195409059524536 
3.732503890991211, -3.5647292137145996 
2.9564034938812256, -2.829301595687866 
1.164289116859436, -1.1811696290969849 
-4.015374660491943, 3.5534493923187256 
0.35130903124809265, -0.4261605441570282 
0.636271059513092, -0.7499490976333618 
-0.5153543949127197, 0.2917851209640503 
3.1074464321136475, -2.962310791015625 
-0.6446198225021362, 0.46083953976631165 
0.19941926002502441, -0.3608306348323822 
1.0601012706756592, -1.09714937210083 
3.487497568130493, -3.3798341751098633 
1.6401152610778809, -1.6523774862289429 
3.846034049987793, -3.6710257530212402 
-1.3592911958694458, 1.1054381132125854 
-1.0155346393585205, 0.7777359485626221 
-3.225221633911133, 2.843109130859375 
2.559910297393799, -2.486546277999878 
-2.696096897125244, 2.349851131439209 
2.505073308944702, -2.4398512840270996 
-0.9672044515609741, 0.7464290857315063 
2.6835074424743652, -2.601499557495117 
-3.515072822570801, 3.1072885990142822 
3.1205859184265137, -3.0261471271514893 
-2.808335304260254, 2.456789016723633 
2.0445988178253174, -2.0085413455963135 
-5.4782938957214355, 4.8554229736328125 
3.3977150917053223, -3.2522921562194824 
-3.3317675590515137, 2.891486644744873 
-2.751445770263672, 2.4332494735717773 
-4.227135181427002, 3.733403444290161 
3.893387794494629, -3.721240758895874 
0.7935031652450562, -0.8464155197143555 
0.0008360464125871658, -0.14508941769599915 
1.9101072549819946, -1.9000648260116577 
3.7156920433044434, -3.56054949760437 
3.3854899406433105, -3.2705376148223877 
3.49410343170166, -3.3415300846099854 
-3.290342092514038, 2.841914653778076 
-0.2750056982040405, 0.1164034903049469 
-3.960716962814331, 3.498713254928589 
0.7623005509376526, -0.8309271335601807 
0.059369221329689026, -0.18188390135765076 
-5.085956573486328, 4.539276123046875 
-5.133172988891602, 4.552733421325684 
-4.784838676452637, 4.2382683753967285 
0.06291145086288452, -0.22483712434768677 
3.495203733444214, -3.343991756439209 
0.7811402678489685, -0.8545349836349487 
-5.402851104736328, 4.788259506225586 
-5.637330055236816, 5.018290042877197 
2.7035369873046875, -2.6339545249938965 
1.6424682140350342, -1.6667042970657349 
3.8697242736816406, -3.710582971572876 
-2.7847018241882324, 2.4347431659698486 
3.9257845878601074, -3.7586781978607178 
-0.06475378572940826, -0.08492964506149292 
0.2584995925426483, -0.36116263270378113 
4.00652551651001, -3.8411386013031006 
-5.36984395980835, 4.783365249633789 
4.246487140655518, -4.050446510314941 
2.136956214904785, -2.094223976135254 
-1.6012362241744995, 1.3371459245681763 
2.8313770294189453, -2.742748737335205 
-2.6286373138427734, 2.273589611053467 
2.8047101497650146, -2.746011734008789 
3.3371918201446533, -3.2145557403564453 
0.8944272994995117, -0.954033374786377 
-2.201781749725342, 1.889258861541748 
-4.88352108001709, 4.347465991973877 
3.236442804336548, -3.124053955078125 
2.133490562438965, -2.102238655090332 
2.6569347381591797, -2.587584972381592 
1.2423956394195557, -1.2697488069534302 
3.600712776184082, -3.441840648651123 
-1.1736106872558594, 0.9149916172027588 
-2.9606103897094727, 2.5427405834198 
-4.001131057739258, 3.5330183506011963 
1.927897572517395, -1.9114611148834229 
3.7831451892852783, -3.6326541900634766 
-3.1609463691711426, 2.7733044624328613 
-3.0992543697357178, 2.7114295959472656 
3.3455400466918945, -3.2316064834594727 
-4.002031326293945, 3.5092620849609375 
-3.6108858585357666, 3.1694016456604004 
0.8600267767906189, -0.941349983215332 
-1.839304804801941, 1.5252407789230347 
-1.9905792474746704, 1.6926058530807495 
-1.6025869846343994, 1.3319494724273682 
3.7498888969421387, -3.5732061862945557 
-1.8821707963943481, 1.6037070751190186 
3.9623000621795654, -3.8137905597686768 
4.095236778259277, -3.879359245300293 
-2.718688488006592, 2.340427875518799 
-1.9362229108810425, 1.649766445159912 
-2.1252055168151855, 1.773935317993164 
-3.2769389152526855, 2.8713293075561523 
-4.492148399353027, 3.9895782470703125 
-3.8965601921081543, 3.411306381225586 
3.445679187774658, -3.2910726070404053 
1.4067115783691406, -1.4374147653579712 
2.212362766265869, -2.166351795196533 
3.426400661468506, -3.2890260219573975 
0.016555247828364372, -0.1453513503074646 
-3.365976333618164, 2.955109119415283 
2.5149245262145996, -2.4535274505615234 
3.337217330932617, -3.191683769226074 
3.7828845977783203, -3.620648145675659 
-0.338375985622406, 0.18299800157546997 
-3.5813169479370117, 3.1563878059387207 
-1.0968307256698608, 0.8903931379318237 
2.8861608505249023, -2.8069794178009033 
-3.481600522994995, 3.0716145038604736 
-3.257937431335449, 2.8652000427246094 
3.2259984016418457, -3.093687057495117 
3.958153009414673, -3.7741305828094482 
3.415515422821045, -3.296992778778076 
-0.4914676249027252, 0.3301393687725067 
-3.434654712677002, 3.014702320098877 
1.3031810522079468, -1.3165329694747925 
-3.0622222423553467, 2.679659605026245 
-3.561911106109619, 3.108487844467163 
-2.541790723800659, 2.1992545127868652 
2.5932095050811768, -2.490569591522217 
1.7071853876113892, -1.690477728843689 
1.176153302192688, -1.2282607555389404 
-5.765256881713867, 5.126978397369385 
-2.6138241291046143, 2.262375593185425 
0.7292712926864624, -0.7719491720199585 
1.6475547552108765, -1.6782169342041016 
-1.5415068864822388, 1.2850209474563599 
-2.4749574661254883, 2.132406234741211 
-2.36376953125, 1.9960278272628784 
-0.3034789264202118, 0.13561208546161652 
-1.9603289365768433, 1.6717860698699951 
4.46358060836792, -4.254382133483887 
2.9871585369110107, -2.892554759979248 
2.480849266052246, -2.436009168624878 
-0.8865286707878113, 0.7002648115158081 
2.4604058265686035, -2.3896665573120117 
-0.9161768555641174, 0.7098789215087891 
-3.237809896469116, 2.838404893875122 
2.7544636726379395, -2.680274248123169 
-3.2001333236694336, 2.8008053302764893 
3.6198136806488037, -3.480574607849121 
3.8801424503326416, -3.712571382522583 
-3.5808329582214355, 3.1456329822540283 
-1.2996712923049927, 1.054792046546936 
3.536027669906616, -3.427718162536621 
-5.367001533508301, 4.7687225341796875 
-1.1924301385879517, 0.9477807283401489 
3.4548397064208984, -3.311583995819092 
-0.13594168424606323, -0.012082606554031372 
-2.061558723449707, 1.7443978786468506 
3.1956238746643066, -3.0841917991638184 
2.3332509994506836, -2.2758030891418457 
2.4694156646728516, -2.4277503490448 
-3.7093732357025146, 3.2818689346313477 
-6.057574272155762, 5.393540382385254 
-0.8784432411193848, 0.6550416946411133 
0.4151242673397064, -0.5069133043289185 
0.8245568871498108, -0.9094287157058716 
3.380908489227295, -3.2484781742095947 
-3.350229263305664, 2.9553418159484863 
1.7226086854934692, -1.7346659898757935 
-2.997504711151123, 2.617555856704712 
2.7941699028015137, -2.7333269119262695 
1.0478214025497437, -1.066589117050171 
-2.899892568588257, 2.5055088996887207 
3.121328353881836, -3.0022544860839844 
4.377200603485107, -4.151071071624756 
-3.654348850250244, 3.2104578018188477 
3.290870189666748, -3.189535140991211 
3.4779438972473145, -3.339965343475342 
2.974557399749756, -2.847003936767578 
0.10044628381729126, -0.2118089348077774 
-4.735622406005859, 4.181157112121582 
-2.1145458221435547, 1.7968937158584595 
-3.0338053703308105, 2.647780179977417 
4.115724563598633, -3.9299402236938477 
-1.0838745832443237, 0.8734532594680786 
-4.131780624389648, 3.6511993408203125 
-1.3576573133468628, 1.1010318994522095 
-1.9312313795089722, 1.6273142099380493 
3.1070609092712402, -2.988335609436035 
2.558366298675537, -2.50705885887146 
4.412538051605225, -4.207277774810791 
3.6748206615448, -3.5269088745117188 
2.583745002746582, -2.493824005126953 
-4.018477916717529, 3.5489912033081055 
4.188636779785156, -3.9804515838623047 
-4.448745250701904, 3.9377918243408203 
-2.71045184135437, 2.3584628105163574 
3.2993381023406982, -3.1803855895996094 
-1.036826491355896, 0.825485348701477 
-5.295497894287109, 4.720179557800293 
-4.0618438720703125, 3.6001973152160645 
-3.115351915359497, 2.7427871227264404 
-3.127077579498291, 2.738734722137451 
-5.183688640594482, 4.613776683807373 
2.018033027648926, -1.9828195571899414 
-3.784576892852783, 3.3165721893310547 
-1.3912581205368042, 1.166864275932312 
-4.451341152191162, 3.9106526374816895 
-3.542128801345825, 3.13714599609375 
3.4522595405578613, -3.313955307006836 
-2.7738189697265625, 2.433605194091797 
-3.5748538970947266, 3.142050266265869 
-5.6063408851623535, 4.986021995544434 
0.23583075404167175, -0.32890334725379944 
-3.5883593559265137, 3.1625490188598633 
-1.0859965085983276, 0.8656572103500366 
-0.08885270357131958, -0.052338846027851105 
-3.274129867553711, 2.8635799884796143 
3.445462226867676, -3.2997241020202637 
-0.3105672001838684, 0.15740925073623657 
-3.6742160320281982, 3.265455484390259 
-2.2378640174865723, 1.9128831624984741 
-3.7270212173461914, 3.273624897003174 
4.207405090332031, -4.002049922943115 
-1.9869580268859863, 1.690409541130066 
-3.173020362854004, 2.7822179794311523 
-1.4490102529525757, 1.192395567893982 
-1.8794461488723755, 1.5883846282958984 
4.188045501708984, -4.02490758895874 
-0.0263679102063179, -0.12527409195899963 
-1.8135913610458374, 1.5198155641555786 
-2.410487651824951, 2.080329418182373 
-0.408487468957901, 0.2451147735118866 
3.749000072479248, -3.5934371948242188 
-5.386737823486328, 4.774348258972168 
-1.8991602659225464, 1.6282531023025513 
1.4154483079910278, -1.42831552028656 
-1.5999611616134644, 1.3396085500717163 
-2.8359580039978027, 2.4293644428253174 
4.213979721069336, -4.016147136688232 
-3.4523677825927734, 3.018609046936035 
3.425543785095215, -3.2939271926879883 
-5.550959587097168, 4.937628746032715 
-3.4515583515167236, 3.0244083404541016 
4.326489448547363, -4.1327972412109375 
-1.0111010074615479, 0.776136040687561 
0.40930837392807007, -0.49265915155410767 
0.11745068430900574, -0.23368820548057556 
-1.4156055450439453, 1.1820417642593384 
-0.8358848690986633, 0.626869797706604 
2.2089710235595703, -2.182447671890259 
3.985062599182129, -3.7827508449554443 
2.4104418754577637, -2.3725316524505615 
-4.960761070251465, 4.409879684448242 
4.69072151184082, -4.436184883117676 
0.48634347319602966, -0.5755763053894043 
-0.08841188251972198, -0.04514835774898529 
2.3274145126342773, -2.296142101287842 
-1.2126787900924683, 0.9774637222290039 
3.225551128387451, -3.116257429122925 
0.6214737296104431, -0.754989743232727 
3.3452963829040527, -3.2286465167999268 
-1.9702802896499634, 1.6858667135238647 
-1.356772541999817, 1.1256380081176758 
-3.328733444213867, 2.909914016723633 
1.9525192975997925, -1.913317084312439 
3.619650363922119, -3.487609624862671 
-5.314729690551758, 4.74323034286499 
3.5089824199676514, -3.346290111541748 
3.319472312927246, -3.2035887241363525 
3.523547410964966, -3.4171409606933594 
-1.6423500776290894, 1.3892379999160767 
3.724674701690674, -3.5726470947265625 
3.5368261337280273, -3.437312602996826 
-0.784178614616394, 0.6284830570220947 
1.0731381177902222, -1.1338468790054321 
3.702779769897461, -3.5557873249053955 
4.1268181800842285, -3.932586193084717 
1.4303933382034302, -1.42104172706604 
-1.8306078910827637, 1.510034441947937 
-3.0326240062713623, 2.6515626907348633 
3.6241393089294434, -3.4615516662597656 
2.680199146270752, -2.603618860244751 
1.4396259784698486, -1.4580705165863037 
-0.3322504460811615, 0.1651519536972046 
-4.549765110015869, 4.034552097320557 
-2.7278997898101807, 2.36704421043396 
-1.965990662574768, 1.6543391942977905 
0.6500604748725891, -0.7141985893249512 
2.2870664596557617, -2.263418674468994 
-0.8423139452934265, 0.6425808668136597 
-2.4492664337158203, 2.1088321208953857 
-4.609078407287598, 4.090763568878174 
2.411123752593994, -2.3539113998413086 
-2.345158576965332, 1.9979790449142456 
3.3667263984680176, -3.2330005168914795 
1.9239747524261475, -1.881518006324768 
3.8380422592163086, -3.6748013496398926 
-4.333113670349121, 3.8307597637176514 
-3.084198474884033, 2.691096305847168 
-3.50943660736084, 3.096959114074707 
-4.1516923904418945, 3.663989782333374 
-2.846219778060913, 2.485281229019165 
-2.99186110496521, 2.63332462310791 
-1.7046313285827637, 1.4455026388168335 
-2.593801498413086, 2.2467451095581055 
-3.2309789657592773, 2.830113410949707 
4.124734401702881, -3.934122085571289 
2.7432398796081543, -2.633664131164551 
-4.934946537017822, 4.383261203765869 
0.6798906922340393, -0.7591218948364258 
-5.262763977050781, 4.677563667297363 
