5.499383926391602, -5.185320854187012 
-5.064564228057861, 4.475894927978516 
8.655487060546875, -8.085330963134766 
8.157001495361328, -7.636837482452393 
7.835622310638428, -7.344076156616211 
-8.680513381958008, 7.791973114013672 
-3.9368224143981934, 3.4876534938812256 
-2.029620409011841, 1.7225838899612427 
7.508453369140625, -7.0269036293029785 
-3.6203479766845703, 3.1675832271575928 
8.378997802734375, -7.876055717468262 
4.604543685913086, -4.369392395019531 
8.005532264709473, -7.500316619873047 
7.623551845550537, -7.170036315917969 
-8.74400520324707, 7.831130027770996 
-2.513446092605591, 2.1683080196380615 
7.6088361740112305, -7.086071968078613 
7.176139831542969, -6.747271537780762 
7.323601245880127, -6.860195636749268 
-0.3104154169559479, 0.16406838595867157 
2.502185583114624, -2.4185268878936768 
9.084304809570312, -8.493696212768555 
-3.595466375350952, 3.219386100769043 
-9.053487777709961, 8.1140718460083 
-9.495086669921875, 8.508685111999512 
-3.225259304046631, 2.8200759887695312 
7.663904666900635, -7.226065158843994 
-3.608182430267334, 3.1476693153381348 
2.4772329330444336, -2.3962864875793457 
-6.075079441070557, 5.41523551940918 
-9.005054473876953, 8.066216468811035 
7.297421455383301, -6.829602241516113 
5.657121658325195, -5.341521739959717 
-4.665907382965088, 4.155519485473633 
6.744220733642578, -6.35401725769043 
-5.786962985992432, 5.168770790100098 
8.159507751464844, -7.648860931396484 
-7.654379844665527, 6.815744876861572 
8.4400634765625, -7.887018203735352 
-1.0021826028823853, 0.8144855499267578 
8.66183853149414, -8.113574028015137 
7.024988651275635, -6.614489555358887 
1.792922019958496, -1.7853738069534302 
1.7983291149139404, -1.7733763456344604 
-6.782690048217773, 6.078202247619629 
-7.690154075622559, 6.899445533752441 
-0.6481605172157288, 0.5005041360855103 
-6.7058610916137695, 5.9886698722839355 
-5.670153617858887, 5.058101654052734 
-6.832597255706787, 6.111083984375 
7.843662261962891, -7.358390808105469 
6.408445358276367, -6.020188808441162 
-5.527506351470947, 4.939817428588867 
2.1873674392700195, -2.136760711669922 
-6.647650241851807, 5.9570488929748535 
6.869694232940674, -6.467472076416016 
-5.341632843017578, 4.757559776306152 
-9.259068489074707, 8.30022144317627 
-1.8041598796844482, 1.5473185777664185 
-7.63848876953125, 6.832601547241211 
-8.10187816619873, 7.251639366149902 
0.08456483483314514, -0.2541719675064087 
2.483004570007324, -2.410468339920044 
-6.058982849121094, 5.44094705581665 
6.639474868774414, -6.246753692626953 
-2.272412061691284, 1.9398962259292603 
6.640719413757324, -6.230746746063232 
-7.646687030792236, 6.841595649719238 
-7.4934282302856445, 6.726402282714844 
-3.476078510284424, 3.022279739379883 
7.0030412673950195, -6.5548882484436035 
-5.974708557128906, 5.340174674987793 
-7.211097240447998, 6.475701332092285 
4.138800621032715, -3.9090864658355713 
6.753126621246338, -6.341309547424316 
-5.953474998474121, 5.315855026245117 
7.8910627365112305, -7.41016149520874 
-1.7449634075164795, 1.4514604806900024 
-9.367729187011719, 8.401881217956543 
8.384632110595703, -7.866060256958008 
8.100101470947266, -7.604311943054199 
-9.669364929199219, 8.6760835647583 
-0.8980556130409241, 0.7067148685455322 
-7.3897271156311035, 6.632969379425049 
-8.745059967041016, 7.852062702178955 
4.934581756591797, -4.6849870681762695 
7.914651870727539, -7.446454048156738 
-8.423595428466797, 7.563926696777344 
-9.111330032348633, 8.185154914855957 
4.326840400695801, -4.0573272705078125 
9.643776893615723, -9.01734447479248 
-6.111830711364746, 5.516857624053955 
-5.759030342102051, 5.14748477935791 
-9.008771896362305, 8.082258224487305 
-7.91044807434082, 7.069732666015625 
8.797440528869629, -8.233481407165527 
8.035364151000977, -7.52557373046875 
8.560580253601074, -8.041315078735352 
-3.497668743133545, 3.0502264499664307 
7.6693854331970215, -7.180237293243408 
2.3700265884399414, -2.325486183166504 
8.316308975219727, -7.755713939666748 
-3.314713954925537, 2.9040913581848145 
-3.782093048095703, 3.358065128326416 
6.68758487701416, -6.279645919799805 
4.826152801513672, -4.572372913360596 
-9.556644439697266, 8.581130981445312 
10.42489242553711, -9.740326881408691 
0.7006565928459167, -0.7694193720817566 
-7.594281196594238, 6.822416305541992 
-7.439007759094238, 6.65740966796875 
6.48799991607666, -6.10811710357666 
-7.014774322509766, 6.288678169250488 
4.830880165100098, -4.581028461456299 
6.203376293182373, -5.852170944213867 
-6.618213176727295, 5.884865760803223 
-3.5094797611236572, 3.0838451385498047 
-6.299553394317627, 5.625308036804199 
-7.738539218902588, 6.939584255218506 
-5.8319783210754395, 5.206770420074463 
-7.974848747253418, 7.16057825088501 
-7.2805280685424805, 6.53397798538208 
6.3058929443359375, -5.900742530822754 
7.513179779052734, -7.066777229309082 
7.119226932525635, -6.662803649902344 
-8.998645782470703, 8.057819366455078 
7.374235153198242, -6.886862754821777 
-7.238990783691406, 6.4853410720825195 
-6.479910850524902, 5.773918151855469 
7.148981094360352, -6.7194719314575195 
-3.3529725074768066, 2.9369544982910156 
7.267965316772461, -6.7889299392700195 
-4.123993396759033, 3.6431257724761963 
-4.38465690612793, 3.8901994228363037 
4.438858509063721, -4.189520835876465 
-8.462173461914062, 7.588682174682617 
8.117925643920898, -7.592546463012695 
-8.479047775268555, 7.61236572265625 
-8.084146499633789, 7.263505935668945 
-8.47165584564209, 7.575569152832031 
7.445075988769531, -6.95911169052124 
7.807675361633301, -7.29732608795166 
9.448234558105469, -8.851529121398926 
9.578712463378906, -8.944260597229004 
-7.69856595993042, 6.880302906036377 
-5.181705474853516, 4.625150203704834 
-9.121806144714355, 8.174969673156738 
8.634617805480957, -8.116584777832031 
-6.936670303344727, 6.211430072784424 
6.488620758056641, -6.077592849731445 
-9.1535062789917, 8.21593189239502 
-8.472092628479004, 7.572897434234619 
-5.774019718170166, 5.156040191650391 
8.205971717834473, -7.6909565925598145 
-6.624460220336914, 5.9245452880859375 
-5.669133186340332, 5.066420555114746 
1.1418397426605225, -1.2068501710891724 
2.4738645553588867, -2.400247097015381 
-8.319223403930664, 7.454639434814453 
-9.657583236694336, 8.67331314086914 
-6.308733940124512, 5.612225532531738 
-8.167622566223145, 7.330961227416992 
-7.759110450744629, 6.941592216491699 
-8.261316299438477, 7.443385601043701 
-9.275262832641602, 8.331059455871582 
-4.40700626373291, 3.874636650085449 
-6.129626750946045, 5.492647647857666 
6.326292991638184, -5.99824333190918 
-2.921006202697754, 2.529231548309326 
8.14013385772705, -7.641275405883789 
8.331258773803711, -7.838703155517578 
-3.4800519943237305, 3.1052584648132324 
7.452864646911621, -6.960177898406982 
4.989912509918213, -4.721706390380859 
-3.834505796432495, 3.3569517135620117 
-6.705032825469971, 6.029866695404053 
-4.11015510559082, 3.62656831741333 
-8.783209800720215, 7.837911605834961 
9.495261192321777, -8.861919403076172 
-2.766636848449707, 2.426008462905884 
7.839141845703125, -7.34499454498291 
-5.443964958190918, 4.844717502593994 
-2.028926372528076, 1.7299338579177856 
-6.737273216247559, 6.00244140625 
4.549346923828125, -4.33327054977417 
9.576753616333008, -8.936237335205078 
4.779567241668701, -4.550695419311523 
8.1683349609375, -7.609801769256592 
-8.701814651489258, 7.80922794342041 
-8.753202438354492, 7.857719421386719 
6.253244400024414, -5.902359485626221 
7.430042266845703, -7.008634567260742 
6.56919002532959, -6.171106338500977 
6.541988372802734, -6.13714599609375 
2.341780662536621, -2.2625131607055664 
-6.542140960693359, 5.836020469665527 
-5.274387359619141, 4.688080787658691 
-8.068641662597656, 7.242656707763672 
-7.360325813293457, 6.608222007751465 
7.341026306152344, -6.898583889007568 
-8.028514862060547, 7.191443920135498 
-6.602459907531738, 5.906170845031738 
-6.0109076499938965, 5.360465049743652 
6.01853609085083, -5.690422058105469 
6.075544357299805, -5.689271926879883 
9.015270233154297, -8.453413963317871 
-4.210465908050537, 3.6946003437042236 
8.469964981079102, -7.936999320983887 
6.685046672821045, -6.253487586975098 
0.5243460536003113, -0.5512952208518982 
-0.25612711906433105, 0.13822460174560547 
1.4778276681900024, -1.4603533744812012 
8.175588607788086, -7.6557440757751465 
7.731245994567871, -7.22805118560791 
-2.6051435470581055, 2.2461390495300293 
8.911256790161133, -8.317978858947754 
7.818820953369141, -7.361166000366211 
-5.496565341949463, 4.895871162414551 
2.041727304458618, -2.0452897548675537 
-6.39345645904541, 5.726107120513916 
-6.795339107513428, 6.075552940368652 
-2.5114529132843018, 2.1786386966705322 
-7.241857051849365, 6.479416847229004 
-7.973331451416016, 7.12871789932251 
-4.996868133544922, 4.417125225067139 
-7.883622169494629, 7.068412780761719 
-3.0639514923095703, 2.698791980743408 
8.749473571777344, -8.17585277557373 
-7.320794582366943, 6.536100387573242 
3.7749991416931152, -3.5899603366851807 
6.77424955368042, -6.339300155639648 
7.046391487121582, -6.600915908813477 
5.749178886413574, -5.421320915222168 
-5.6008734703063965, 4.982946395874023 
-8.475008010864258, 7.592770099639893 
7.418313503265381, -6.947048664093018 
9.134502410888672, -8.5519437789917 
-9.35751724243164, 8.405091285705566 
-5.6065449714660645, 4.970831871032715 
-3.9870543479919434, 3.5358972549438477 
-6.849785804748535, 6.120185375213623 
-5.271909713745117, 4.698276519775391 
-4.047615051269531, 3.595480442047119 
8.54649543762207, -8.031386375427246 
-4.8372416496276855, 4.287627220153809 
8.191411972045898, -7.646415710449219 
-8.64980697631836, 7.754723072052002 
6.652742385864258, -6.236496448516846 
-8.790864944458008, 7.880903244018555 
8.255382537841797, -7.71440315246582 
7.488973140716553, -7.029496192932129 
-3.701810359954834, 3.246492624282837 
-7.786593437194824, 6.948525428771973 
8.536279678344727, -7.973815441131592 
-9.145441055297852, 8.218445777893066 
-9.067068099975586, 8.113892555236816 
-8.352067947387695, 7.47481632232666 
8.280988693237305, -7.761956214904785 
9.445158004760742, -8.837350845336914 
7.914065837860107, -7.421605110168457 
-6.914505958557129, 6.184084892272949 
1.8223518133163452, -1.841253638267517 
-8.99161148071289, 8.058572769165039 
4.168948173522949, -3.9446630477905273 
8.403751373291016, -7.890143394470215 
-4.4114089012146, 3.8651936054229736 
-5.396732807159424, 4.794584274291992 
-1.4649888277053833, 1.2092310190200806 
-1.5749940872192383, 1.2959471940994263 
8.29317855834961, -7.727747917175293 
-7.366935729980469, 6.621252059936523 
7.248875141143799, -6.790850639343262 
-7.2474565505981445, 6.509675025939941 
-8.160062789916992, 7.320380210876465 
-7.634136199951172, 6.851995468139648 
8.108229637145996, -7.644403457641602 
-7.46792459487915, 6.6988396644592285 
-8.863536834716797, 7.9582719802856445 
-0.6415305137634277, 0.3891010284423828 
-6.211875915527344, 5.535400390625 
-7.1661248207092285, 6.418341636657715 
7.771339416503906, -7.256161212921143 
4.16411018371582, -3.922701835632324 
8.18234634399414, -7.668125152587891 
-7.287010192871094, 6.520928382873535 
-4.750574588775635, 4.234859943389893 
4.042201042175293, -3.8554012775421143 
9.010848999023438, -8.45059871673584 
-8.860466957092285, 7.95395565032959 
2.0790610313415527, -2.034681797027588 
4.9000091552734375, -4.638467788696289 
2.0200839042663574, -2.025022268295288 
8.753204345703125, -8.210287094116211 
7.734370231628418, -7.282032012939453 
-6.22387170791626, 5.554274559020996 
6.271539688110352, -5.9118781089782715 
-6.983824729919434, 6.243080139160156 
9.037481307983398, -8.487521171569824 
-7.185347557067871, 6.411569595336914 
-4.38319206237793, 3.8884639739990234 
9.445276260375977, -8.812378883361816 
-3.0230860710144043, 2.66178035736084 
-6.6657938957214355, 5.9729228019714355 
-8.530252456665039, 7.648378849029541 
8.207586288452148, -7.687675476074219 
5.768032073974609, -5.42335319519043 
-6.335625171661377, 5.620267391204834 
7.844953536987305, -7.383711814880371 
6.809330940246582, -6.393385887145996 
9.743965148925781, -9.108996391296387 
8.500802993774414, -7.9997453689575195 
2.798856496810913, -2.7122323513031006 
6.1826019287109375, -5.815242767333984 
-7.20408821105957, 6.417799472808838 
7.648530006408691, -7.186401844024658 
7.860121250152588, -7.347585678100586 
-3.13810396194458, 2.7590065002441406 
8.272992134094238, -7.745827674865723 
7.7483086585998535, -7.297175884246826 
-8.10822582244873, 7.26499605178833 
-8.989219665527344, 8.06941032409668 
5.631875038146973, -5.2827911376953125 
8.826610565185547, -8.242363929748535 
5.15324068069458, -4.847995758056641 
7.171240329742432, -6.721747398376465 
-7.705630779266357, 6.874265670776367 
6.841610431671143, -6.4379472732543945 
-6.783771514892578, 6.07961368560791 
-3.761537551879883, 3.271273136138916 
-2.876178741455078, 2.5135178565979004 
5.08796501159668, -4.773021697998047 
-7.045502662658691, 6.3133158683776855 
-6.314184665679932, 5.655052661895752 
-9.713057518005371, 8.728949546813965 
-8.32851505279541, 7.444888114929199 
0.012520136311650276, -0.14251188933849335 
2.7483537197113037, -2.6358485221862793 
-7.866036891937256, 7.057082176208496 
4.3354973793029785, -4.098227500915527 
-5.444106101989746, 4.844871520996094 
5.569320201873779, -5.22669792175293 
8.576777458190918, -7.993099212646484 
6.654806613922119, -6.251554012298584 
-7.82866096496582, 7.000400066375732 
1.308607816696167, -1.313494086265564 
5.549227714538574, -5.250600814819336 
6.293141841888428, -5.9223222732543945 
7.220611095428467, -6.769250869750977 
7.125796318054199, -6.667760848999023 
7.6728410720825195, -7.191417217254639 
6.415963649749756, -6.051332473754883 
3.259002208709717, -3.1204726696014404 
1.9382139444351196, -1.8925738334655762 
-7.074039936065674, 6.341224193572998 
7.993767738342285, -7.493750095367432 
0.30555179715156555, -0.37534844875335693 
-7.165244102478027, 6.4310102462768555 
-9.50908374786377, 8.529595375061035 
-7.1344428062438965, 6.403356552124023 
-9.185117721557617, 8.247750282287598 
7.172082901000977, -6.722911357879639 
3.6563596725463867, -3.472609043121338 
4.120185852050781, -3.9157063961029053 
-7.5582427978515625, 6.767938137054443 
3.556300640106201, -3.401843547821045 
-4.333738327026367, 3.8311405181884766 
5.8075032234191895, -5.4791340827941895 
-9.117337226867676, 8.17706298828125 
-9.086812019348145, 8.165274620056152 
-6.457455635070801, 5.756807804107666 
8.742280006408691, -8.194636344909668 
-8.59949779510498, 7.702627182006836 
1.913576602935791, -1.8769832849502563 
9.032349586486816, -8.449329376220703 
1.3058631420135498, -1.2975636720657349 
-5.94417667388916, 5.328685760498047 
-1.9607213735580444, 1.6857959032058716 
-2.965249538421631, 2.5732998847961426 
6.89415979385376, -6.493686676025391 
6.740793704986572, -6.346795558929443 
7.432624816894531, -6.955749034881592 
8.364788055419922, -7.8268208503723145 
7.140613555908203, -6.710506439208984 
-5.863401412963867, 5.2555060386657715 
-8.655172348022461, 7.754195213317871 
5.252193450927734, -4.923306465148926 
-6.503361225128174, 5.771117210388184 
4.996382713317871, -4.742530822753906 
-4.983585834503174, 4.415411949157715 
7.101798057556152, -6.684744834899902 
7.8191657066345215, -7.324453353881836 
5.816121578216553, -5.515686511993408 
-0.20795445144176483, 0.06008179485797882 
-5.989051818847656, 5.359375476837158 
7.95382833480835, -7.470205307006836 
5.974815368652344, -5.6152424812316895 
-8.718624114990234, 7.833898544311523 
-3.979567766189575, 3.5172903537750244 
0.41027286648750305, -0.5045185685157776 
6.778681755065918, -6.335306167602539 
-5.550084114074707, 4.951729774475098 
8.071768760681152, -7.5989670753479 
-8.024324417114258, 7.185133934020996 
7.9181742668151855, -7.378351211547852 
-9.617059707641602, 8.651885986328125 
-8.436044692993164, 7.568962097167969 
-3.842527389526367, 3.4025719165802 
2.5911641120910645, -2.540465831756592 
7.597792148590088, -7.143828868865967 
-8.531064987182617, 7.616530895233154 
-7.073301792144775, 6.30281925201416 
7.892828464508057, -7.372878074645996 
-8.700878143310547, 7.805903434753418 
-3.7827017307281494, 3.332627296447754 
6.991720199584961, -6.555055141448975 
5.703273773193359, -5.356024742126465 
-9.173725128173828, 8.215741157531738 
-6.811648368835449, 6.0923261642456055 
5.034483909606934, -4.740085601806641 
-9.66783618927002, 8.678330421447754 
7.611110210418701, -7.137638092041016 
-7.441384315490723, 6.642394065856934 
-8.807311058044434, 7.914436340332031 
-2.7356865406036377, 2.3929882049560547 
7.042131423950195, -6.6457109451293945 
-4.170243263244629, 3.663201332092285 
5.595288276672363, -5.307082176208496 
-8.29598617553711, 7.4326982498168945 
1.8937766551971436, -1.9361356496810913 
9.931197166442871, -9.298433303833008 
-8.656210899353027, 7.755845546722412 
6.651460647583008, -6.259285926818848 
6.641648769378662, -6.232455253601074 
8.540225982666016, -7.979535102844238 
6.853857517242432, -6.450057029724121 
-5.676300048828125, 5.071369171142578 
-1.5350356101989746, 1.2658767700195312 
-6.6131696701049805, 5.904384136199951 
-4.63300085067749, 4.107771396636963 
6.976687431335449, -6.520248889923096 
0.18741317093372345, -0.3018907904624939 
-8.592802047729492, 7.711288928985596 
-5.7421064376831055, 5.1241374015808105 
6.09143590927124, -5.725475788116455 
8.981183052062988, -8.383788108825684 
9.833242416381836, -9.1998872756958 
4.532719612121582, -4.28471565246582 
-8.928930282592773, 8.017719268798828 
5.504166126251221, -5.175680160522461 
5.364881992340088, -5.052736759185791 
-8.91179084777832, 8.009194374084473 
-8.245356559753418, 7.371190071105957 
7.684561729431152, -7.221128940582275 
0.9463018774986267, -1.0282548666000366 
-9.31761360168457, 8.37348461151123 
2.978025197982788, -2.8507986068725586 
-9.46414566040039, 8.488713264465332 
8.545498847961426, -7.975077152252197 
4.974494934082031, -4.728800296783447 
9.45479965209961, -8.848450660705566 
8.615411758422852, -8.057398796081543 
3.5927226543426514, -3.4484610557556152 
-1.9419052600860596, 1.6504616737365723 
-9.717576026916504, 8.7240629196167 
-4.750757217407227, 4.21249532699585 
-6.823148727416992, 6.091696739196777 
-6.017951011657715, 5.363324165344238 
6.234200477600098, -5.8242692947387695 
9.114461898803711, -8.503554344177246 
1.8876702785491943, -1.8676729202270508 
5.722455024719238, -5.391794204711914 
-8.753156661987305, 7.858916282653809 
0.3650674521923065, -0.4592028260231018 
8.471940994262695, -7.96500825881958 
8.673686981201172, -8.12936782836914 
7.926370143890381, -7.4276604652404785 
-9.269211769104004, 8.318312644958496 
9.335249900817871, -8.706082344055176 
-4.818426132202148, 4.263766288757324 
7.895193576812744, -7.38228702545166 
-1.0785307884216309, 0.8930933475494385 
6.782218933105469, -6.328297138214111 
4.5643134117126465, -4.32796049118042 
8.540907859802246, -8.033659934997559 
2.8923537731170654, -2.742844581604004 
-6.713092803955078, 5.964799404144287 
-7.600334644317627, 6.791408538818359 
6.921714782714844, -6.471478462219238 
-9.171669006347656, 8.220279693603516 
-5.366538047790527, 4.799881458282471 
-8.033636093139648, 7.2083845138549805 
-8.099559783935547, 7.260338306427002 
6.9515275955200195, -6.518357753753662 
-7.89595890045166, 7.060072422027588 
-8.071317672729492, 7.244708061218262 
-4.220747947692871, 3.7092373371124268 
5.302582740783691, -5.0263471603393555 
-6.95102071762085, 6.210322380065918 
-1.1756134033203125, 0.9260326623916626 
-5.968355178833008, 5.325440883636475 
6.956123352050781, -6.539856433868408 
-8.129509925842285, 7.287752628326416 
-7.111172199249268, 6.339314937591553 
-5.6673784255981445, 5.03153133392334 
8.331789016723633, -7.785096645355225 
8.596792221069336, -8.044713020324707 
-9.475935935974121, 8.492243766784668 
0.47523021697998047, -0.5652388334274292 
1.7119189500808716, -1.6975337266921997 
-5.231983184814453, 4.636577606201172 
8.745643615722656, -8.19739055633545 
7.3690900802612305, -6.889354705810547 
-1.4190261363983154, 1.162621259689331 
-9.089031219482422, 8.131443977355957 
-6.807368278503418, 6.082127571105957 
6.601874351501465, -6.201250076293945 
7.887258529663086, -7.380108833312988 
6.201667785644531, -5.778885841369629 
-5.792351245880127, 5.175118446350098 
8.062353134155273, -7.5460076332092285 
-3.8073556423187256, 3.342941999435425 
6.16383695602417, -5.787483215332031 
-4.703360557556152, 4.145177364349365 
-6.464948654174805, 5.773427963256836 
-1.77726149559021, 1.4886020421981812 
1.3748514652252197, -1.4206292629241943 
0.4717307686805725, -0.6107181310653687 
6.043459892272949, -5.736762046813965 
-3.7029592990875244, 3.250894069671631 
3.7282063961029053, -3.5943422317504883 
1.9390802383422852, -1.9041951894760132 
-4.609086990356445, 4.050889015197754 
-6.756465435028076, 6.053096771240234 
3.432725667953491, -3.2946081161499023 
8.262853622436523, -7.750791072845459 
7.10505485534668, -6.670589923858643 
2.263578414916992, -2.2107930183410645 
9.263748168945312, -8.674128532409668 
8.300668716430664, -7.766438961029053 
-8.979267120361328, 8.04195499420166 
-7.921314239501953, 7.102322101593018 
7.911230087280273, -7.410038948059082 
-4.721165657043457, 4.174856662750244 
4.799178123474121, -4.5739946365356445 
6.05413818359375, -5.719032287597656 
-7.086226940155029, 6.351011276245117 
7.127523422241211, -6.652872085571289 
-9.202980041503906, 8.26516056060791 
8.077929496765137, -7.562906742095947 
-1.6159613132476807, 1.343468427658081 
-6.00748348236084, 5.378468990325928 
7.967016220092773, -7.425809860229492 
6.021607398986816, -5.6792192459106445 
-8.348605155944824, 7.462902545928955 
7.01909065246582, -6.564379692077637 
-8.020849227905273, 7.2144999504089355 
-7.456365585327148, 6.660996913909912 
7.30171537399292, -6.89816951751709 
-0.36451277136802673, 0.15821366012096405 
-7.255817413330078, 6.502439498901367 
-8.945781707763672, 8.026299476623535 
-2.0879178047180176, 1.734216332435608 
8.43336296081543, -7.926793098449707 
9.098790168762207, -8.514744758605957 
-5.394274711608887, 4.800341606140137 
-3.7120587825775146, 3.2436161041259766 
6.5593037605285645, -6.159475803375244 
-2.7936134338378906, 2.395352840423584 
-4.377506256103516, 3.8593952655792236 
6.3046674728393555, -5.926839351654053 
8.075684547424316, -7.5609941482543945 
6.878050804138184, -6.452333927154541 
-7.390411376953125, 6.6377153396606445 
2.731184244155884, -2.645799160003662 
-3.468419075012207, 3.0434107780456543 
-9.050304412841797, 8.11196517944336 
1.2976799011230469, -1.3194947242736816 
-7.57135009765625, 6.814614295959473 
-3.244119644165039, 2.8519105911254883 
-1.1610918045043945, 0.9111770391464233 
8.383621215820312, -7.873769760131836 
6.199694633483887, -5.847352981567383 
-8.345104217529297, 7.497038841247559 
-6.3505940437316895, 5.689852714538574 
-9.074951171875, 8.142334938049316 
8.200758934020996, -7.679749965667725 
-1.4385093450546265, 1.1904181241989136 
-8.119656562805176, 7.281006336212158 
6.735403060913086, -6.31655740737915 
-7.911366939544678, 7.061280727386475 
6.6024627685546875, -6.21928596496582 
8.641961097717285, -8.050835609436035 
4.139447212219238, -3.9303319454193115 
-6.427859306335449, 5.753748416900635 
7.357831954956055, -6.863425254821777 
-7.937802791595459, 7.115562915802002 
-0.3606930077075958, 0.17273472249507904 
-2.4071733951568604, 2.0716793537139893 
-9.359307289123535, 8.407059669494629 
6.850534915924072, -6.4249773025512695 
-2.952540636062622, 2.548696994781494 
-9.37513542175293, 8.424263954162598 
-8.83071517944336, 7.920758247375488 
-6.618736267089844, 5.932926654815674 
8.764998435974121, -8.207738876342773 
7.802829742431641, -7.294485569000244 
6.919864654541016, -6.476733207702637 
3.402697801589966, -3.3064770698547363 
0.06444548070430756, -0.215155690908432 
-8.513696670532227, 7.636146068572998 
-6.7435455322265625, 6.039279937744141 
6.232486724853516, -5.85060453414917 
-7.4515228271484375, 6.677118301391602 
-6.388731002807617, 5.714581489562988 
1.831932783126831, -1.8146077394485474 
6.624961853027344, -6.23284387588501 
6.937385082244873, -6.50262975692749 
-5.9470601081848145, 5.2895355224609375 
3.060668468475342, -2.9446072578430176 
7.602652549743652, -7.101358413696289 
7.262833595275879, -6.811914443969727 
6.207171440124512, -5.82010555267334 
-8.53195571899414, 7.639630317687988 
-9.15722370147705, 8.229823112487793 
-8.11778736114502, 7.295339107513428 
-8.618486404418945, 7.724782943725586 
3.0467798709869385, -2.915647506713867 
-5.678457260131836, 5.070925712585449 
-6.931136131286621, 6.214059829711914 
-8.174581527709961, 7.330355644226074 
-6.13815975189209, 5.459939479827881 
-1.600813388824463, 1.333356499671936 
-8.046072006225586, 7.21061897277832 
7.440284729003906, -7.012388229370117 
8.931047439575195, -8.331944465637207 
3.715622901916504, -3.562912940979004 
-6.0608954429626465, 5.4247541427612305 
-7.479997634887695, 6.693772315979004 
7.490544319152832, -7.013843536376953 
4.086897850036621, -3.8465943336486816 
-8.375564575195312, 7.4996232986450195 
-0.35762009024620056, 0.2031935304403305 
8.51453971862793, -7.9619927406311035 
-3.6533288955688477, 3.197843074798584 
5.381217956542969, -5.056987285614014 
9.238807678222656, -8.631343841552734 
4.7689056396484375, -4.5131635665893555 
8.962102890014648, -8.375967979431152 
8.330015182495117, -7.785633087158203 
9.828217506408691, -9.197121620178223 
-7.843666076660156, 7.022164344787598 
7.780240535736084, -7.318097114562988 
-5.251406192779541, 4.647817611694336 
7.326995372772217, -6.897689342498779 
-8.372618675231934, 7.505807876586914 
-8.01950454711914, 7.175413131713867 
-6.526287078857422, 5.852591514587402 
-6.841418266296387, 6.112641334533691 
7.944518566131592, -7.456878185272217 
-8.11044692993164, 7.267460823059082 
6.791600227355957, -6.361469268798828 
-7.905138969421387, 7.062690734863281 
8.12059211730957, -7.62576961517334 
-7.095003128051758, 6.347889423370361 
-7.8654561042785645, 7.048908710479736 
8.282694816589355, -7.753940582275391 
7.675662994384766, -7.2148237228393555 
3.7915830612182617, -3.582315683364868 
6.272980690002441, -5.920037269592285 
4.747801780700684, -4.49139404296875 
-4.027037620544434, 3.5334622859954834 
6.516430854797363, -6.1182169914245605 
-8.558719635009766, 7.652381896972656 
-0.5803937315940857, 0.371271550655365 
9.076950073242188, -8.51891040802002 
-5.317787170410156, 4.7385430335998535 
9.435503005981445, -8.824110984802246 
-5.717423915863037, 5.041733741760254 
-9.539222717285156, 8.565495491027832 
-3.9146783351898193, 3.468506097793579 
0.24552662670612335, -0.3356918692588806 
7.308755874633789, -6.840240478515625 
6.186768531799316, -5.814323902130127 
-7.8655805587768555, 7.040942192077637 
-8.934228897094727, 8.006731033325195 
5.129194259643555, -4.835306167602539 
8.630082130432129, -8.099749565124512 
6.810379981994629, -6.3948774337768555 
6.943899631500244, -6.529908180236816 
-4.283199310302734, 3.7709641456604004 
5.940253257751465, -5.6062469482421875 
8.203325271606445, -7.723644256591797 
8.551345825195312, -8.011597633361816 
-8.830606460571289, 7.925286293029785 
-7.274941444396973, 6.496217250823975 
9.251974105834961, -8.649144172668457 
9.498642921447754, -8.895654678344727 
-7.985321998596191, 7.14947509765625 
6.304649353027344, -5.946846008300781 
-5.2127532958984375, 4.643106460571289 
10.446698188781738, -9.731999397277832 
-8.760915756225586, 7.844834327697754 
8.493865966796875, -7.963253974914551 
8.193432807922363, -7.689713954925537 
-8.50495719909668, 7.6186089515686035 
-8.783056259155273, 7.892779350280762 
-5.895352363586426, 5.232405185699463 
3.677295684814453, -3.4877166748046875 
8.554986000061035, -7.994037628173828 
-4.964391708374023, 4.408136367797852 
6.999289035797119, -6.560866355895996 
-8.563453674316406, 7.694141864776611 
6.309322834014893, -5.904052257537842 
-8.773042678833008, 7.869876861572266 
-4.40534782409668, 3.9056859016418457 
-8.037355422973633, 7.2186994552612305 
4.717878818511963, -4.479927062988281 
-0.9534909129142761, 0.7348939180374146 
8.62429141998291, -8.116311073303223 
6.994878768920898, -6.584210395812988 
-3.0402870178222656, 2.6718974113464355 
8.068595886230469, -7.567385673522949 
8.066400527954102, -7.60285758972168 
5.633331298828125, -5.320116996765137 
8.953086853027344, -8.368657112121582 
-8.314210891723633, 7.472789287567139 
-9.311027526855469, 8.33430290222168 
-3.852689266204834, 3.359570026397705 
-7.795314311981201, 6.9677839279174805 
-6.800540924072266, 6.0389533042907715 
-9.174047470092773, 8.23891544342041 
6.0666632652282715, -5.720678329467773 
4.029736518859863, -3.8133177757263184 
-6.75093936920166, 6.035851001739502 
7.953548431396484, -7.439441680908203 
-9.468692779541016, 8.49740982055664 
-9.443543434143066, 8.472977638244629 
-6.844993591308594, 6.102256774902344 
-4.588428497314453, 4.08741569519043 
5.601964473724365, -5.235830307006836 
7.173196792602539, -6.776957988739014 
7.681872367858887, -7.219820976257324 
9.729081153869629, -9.04244327545166 
8.53403091430664, -8.018552780151367 
-8.827144622802734, 7.913639068603516 
1.5598700046539307, -1.6076468229293823 
-6.210099697113037, 5.542191028594971 
6.8734660148620605, -6.468701362609863 
8.026199340820312, -7.523184299468994 
-3.4990897178649902, 3.09843111038208 
-6.14977502822876, 5.514958381652832 
7.968411445617676, -7.451305389404297 
6.775061130523682, -6.361854553222656 
6.739562034606934, -6.322038173675537 
-8.392327308654785, 7.523796081542969 
-5.491034507751465, 4.896608352661133 
3.4752357006073, -3.4008193016052246 
-6.057260513305664, 5.368084907531738 
4.808612823486328, -4.557650566101074 
6.792153835296631, -6.36031436920166 
-8.521720886230469, 7.619719505310059 
4.023632049560547, -3.8332924842834473 
-5.182208061218262, 4.595383644104004 
7.442347526550293, -6.980151653289795 
6.554902076721191, -6.186283588409424 
-9.194409370422363, 8.247627258300781 
7.393891334533691, -6.890642166137695 
9.155393600463867, -8.560952186584473 
-1.6871947050094604, 1.4291716814041138 
-7.490006446838379, 6.723708629608154 
-7.745406150817871, 6.939321517944336 
7.773455619812012, -7.264498233795166 
-7.268603801727295, 6.508589744567871 
2.2258129119873047, -2.144198417663574 
6.7789106369018555, -6.335458278656006 
-6.616126537322998, 5.904959201812744 
8.605717658996582, -8.062084197998047 
8.167051315307617, -7.658446311950684 
9.052825927734375, -8.477696418762207 
-8.162445068359375, 7.29482364654541 
-8.859697341918945, 7.936680793762207 
9.4720458984375, -8.850836753845215 
-8.791150093078613, 7.883008003234863 
7.826146602630615, -7.324728012084961 
5.34129524230957, -5.059687614440918 
7.751744270324707, -7.262201309204102 
7.0127387046813965, -6.599013328552246 
7.186905860900879, -6.738335609436035 
-5.722921371459961, 5.111322402954102 
8.783409118652344, -8.191828727722168 
-9.178522109985352, 8.229808807373047 
7.809883117675781, -7.292458534240723 
-3.662487506866455, 3.1941657066345215 
-6.144558906555176, 5.481452465057373 
-8.392988204956055, 7.536228656768799 
7.568011283874512, -7.112001419067383 
-8.113517761230469, 7.2718963623046875 
5.181827545166016, -4.919914722442627 
-0.6134357452392578, 0.3824117183685303 
7.700178623199463, -7.2213521003723145 
-7.760721206665039, 6.950982570648193 
9.70622444152832, -9.09118366241455 
7.078152179718018, -6.6580810546875 
-8.147022247314453, 7.319486141204834 
-7.767824649810791, 6.971012115478516 
-5.651782035827637, 5.050108909606934 
-6.434625625610352, 5.770748138427734 
-0.3719210922718048, 0.196819469332695 
-5.229982376098633, 4.653850555419922 
-9.50367259979248, 8.514737129211426 
0.3665264844894409, -0.47837507724761963 
-3.653432607650757, 3.172569751739502 
7.111566066741943, -6.653499603271484 
7.861758232116699, -7.367888450622559 
6.567138195037842, -6.166090488433838 
-6.474855899810791, 5.788286209106445 
7.8122100830078125, -7.362054347991943 
-9.231341361999512, 8.29454517364502 
-9.03842544555664, 8.096116065979004 
2.480663537979126, -2.3975772857666016 
8.5678071975708, -8.001297950744629 
-7.460824012756348, 6.6781439781188965 
-8.262789726257324, 7.42099666595459 
4.409482955932617, -4.154350280761719 
9.994994163513184, -9.323935508728027 
8.478557586669922, -7.940621852874756 
6.2663116455078125, -5.879952430725098 
-5.427684783935547, 4.8231611251831055 
7.098153591156006, -6.620266914367676 
-9.715533256530762, 8.713699340820312 
9.105302810668945, -8.519610404968262 
-8.518750190734863, 7.648706436157227 
7.594531536102295, -7.131856441497803 
6.994800090789795, -6.549504280090332 
6.225033283233643, -5.9318037033081055 
-4.616995334625244, 4.104683876037598 
9.995157241821289, -9.344018936157227 
-5.314520835876465, 4.683685302734375 
9.116171836853027, -8.545815467834473 
6.532656192779541, -6.143726348876953 
8.185636520385742, -7.647717475891113 
-6.848254203796387, 6.127899169921875 
-6.9846391677856445, 6.243669033050537 
-6.838593482971191, 6.092981338500977 
-8.417338371276855, 7.5594706535339355 
7.679521560668945, -7.184142589569092 
6.207745552062988, -5.835025787353516 
-7.492173194885254, 6.749886512756348 
-7.379644393920898, 6.617178440093994 
7.5543131828308105, -7.0741868019104 
-9.368438720703125, 8.412222862243652 
-6.5826215744018555, 5.845473766326904 
-1.960085391998291, 1.6603013277053833 
-8.45827865600586, 7.572111129760742 
-2.1772634983062744, 1.8683722019195557 
-5.530079364776611, 4.934990882873535 
2.829620361328125, -2.7347662448883057 
-9.26363754272461, 8.325942039489746 
0.053654879331588745, -0.16314533352851868 
6.364542007446289, -5.959035873413086 
-6.310208320617676, 5.622145175933838 
4.765827178955078, -4.509740829467773 
2.4622461795806885, -2.4100446701049805 
8.595075607299805, -8.051447868347168 
-9.456110000610352, 8.494803428649902 
8.589873313903809, -8.020031929016113 
3.8792357444763184, -3.6533076763153076 
-8.384197235107422, 7.516424179077148 
-7.409502983093262, 6.655056953430176 
-2.8471155166625977, 2.470566511154175 
-6.30684757232666, 5.623083591461182 
8.900094985961914, -8.314112663269043 
-1.680799961090088, 1.345380187034607 
-5.933558464050293, 5.25679874420166 
9.066221237182617, -8.430509567260742 
-8.760327339172363, 7.872976303100586 
-6.724899768829346, 6.021556854248047 
-7.036778450012207, 6.281306743621826 
-0.9929232597351074, 0.7902665734291077 
7.002358436584473, -6.572829246520996 
2.9251554012298584, -2.82381534576416 
8.84503173828125, -8.292983055114746 
-9.467714309692383, 8.487221717834473 
7.25604248046875, -6.8060383796691895 
1.7779664993286133, -1.73029363155365 
0.5237951874732971, -0.6119697690010071 
5.795835494995117, -5.420061111450195 
-9.177553176879883, 8.23600959777832 
-7.5715813636779785, 6.769853591918945 
-4.450565338134766, 3.9292726516723633 
-8.896121978759766, 7.976773262023926 
7.835879325866699, -7.34039306640625 
-9.239213943481445, 8.297040939331055 
8.861016273498535, -8.272021293640137 
4.3344526290893555, -4.128410816192627 
-4.096482276916504, 3.5915884971618652 
6.663440704345703, -6.308274269104004 
-9.208850860595703, 8.265602111816406 
-8.000842094421387, 7.149281978607178 
7.729822158813477, -7.250232219696045 
-7.159121990203857, 6.390255928039551 
7.926227569580078, -7.448667526245117 
-5.437434673309326, 4.832602024078369 
-8.425520896911621, 7.5198187828063965 
-7.212302207946777, 6.425069332122803 
-6.659473419189453, 5.953510284423828 
-5.361728668212891, 4.788244724273682 
8.3609619140625, -7.834817886352539 
-2.095529079437256, 1.8095823526382446 
-7.849543571472168, 7.036020755767822 
-8.179872512817383, 7.338199138641357 
-8.175630569458008, 7.33734655380249 
-8.009200096130371, 7.180861949920654 
-8.18099594116211, 7.317797660827637 
-9.773783683776855, 8.773443222045898 
-6.082729339599609, 5.433468818664551 
7.5314178466796875, -7.060248851776123 
-9.25489616394043, 8.302001953125 
7.41435432434082, -6.953508377075195 
6.729562759399414, -6.31238317489624 
-2.531348705291748, 2.1323516368865967 
-6.60622501373291, 5.899567604064941 
-7.81757926940918, 6.977939605712891 
0.7500995397567749, -0.797926127910614 
-0.445199579000473, 0.27539682388305664 
-6.502577781677246, 5.803230285644531 
-9.297792434692383, 8.34301471710205 
10.309898376464844, -9.606429100036621 
-4.299315452575684, 3.797079086303711 
-6.391908645629883, 5.719060897827148 
-3.272576332092285, 2.863206386566162 
6.032708168029785, -5.681955337524414 
-7.934065341949463, 7.129986763000488 
4.324132919311523, -4.093362331390381 
-9.54250431060791, 8.548165321350098 
-5.066239833831787, 4.509478569030762 
8.11837387084961, -7.555967330932617 
10.069809913635254, -9.393664360046387 
3.914454460144043, -3.746269702911377 
5.985020160675049, -5.609366416931152 
6.055637359619141, -5.694903373718262 
-6.278738975524902, 5.600055694580078 
8.986863136291504, -8.39404582977295 
8.146450996398926, -7.656277656555176 
-9.556745529174805, 8.567536354064941 
-8.451635360717773, 7.56915807723999 
-8.427663803100586, 7.56651496887207 
2.5582895278930664, -2.4564080238342285 
7.063581943511963, -6.615448951721191 
-8.581947326660156, 7.704078674316406 
8.034420013427734, -7.527448654174805 
-6.297611236572266, 5.620284080505371 
6.230917930603027, -5.85872745513916 
-3.0967206954956055, 2.6893515586853027 
-7.676491737365723, 6.890781879425049 
-2.9688284397125244, 2.5718250274658203 
-1.2081670761108398, 0.9972575902938843 
8.256807327270508, -7.7392778396606445 
8.334555625915527, -7.806863784790039 
7.5380682945251465, -7.08274507522583 
8.386062622070312, -7.843810081481934 
-8.14891529083252, 7.294132709503174 
-4.107835292816162, 3.5892324447631836 
-9.391401290893555, 8.44653606414795 
-9.257630348205566, 8.292811393737793 
7.295494556427002, -6.888613700866699 
8.573827743530273, -7.996397972106934 
7.9736328125, -7.47314453125 
7.583846569061279, -7.107717990875244 
-9.349298477172852, 8.392717361450195 
3.615921974182129, -3.442673444747925 
8.774808883666992, -8.215332984924316 
-7.668846130371094, 6.860490798950195 
9.4113187789917, -8.802596092224121 
-7.886648178100586, 7.087843894958496 
-5.849034309387207, 5.225467681884766 
6.721575736999512, -6.286664962768555 
6.156047821044922, -5.777993202209473 
7.346766471862793, -6.882312774658203 
8.04364013671875, -7.499000549316406 
-7.747223854064941, 6.938445091247559 
-8.946298599243164, 8.031853675842285 
7.140718460083008, -6.725386619567871 
-3.4507389068603516, 3.036381244659424 
7.477220058441162, -7.016258239746094 
-7.313830375671387, 6.531094551086426 
9.801925659179688, -9.192923545837402 
-3.0329432487487793, 2.6491470336914062 
5.8448591232299805, -5.476302623748779 
-8.228804588317871, 7.381197929382324 
6.878592491149902, -6.476167678833008 
1.7639623880386353, -1.7630631923675537 
-2.4903438091278076, 2.1612493991851807 
-7.675901412963867, 6.873378753662109 
-8.618485450744629, 7.739296913146973 
8.302718162536621, -7.74401330947876 
-3.928656578063965, 3.4537556171417236 
2.206085443496704, -2.1820430755615234 
9.87198257446289, -9.21583366394043 
-3.224091053009033, 2.8548519611358643 
-6.633814334869385, 5.947536468505859 
-6.567509651184082, 5.835553169250488 
-8.722495079040527, 7.803755760192871 
-6.442724227905273, 5.752486705780029 
-8.842917442321777, 7.944279670715332 
7.404478549957275, -6.934453964233398 
8.990720748901367, -8.425002098083496 
6.195313453674316, -5.815426826477051 
-0.32008877396583557, 0.17318131029605865 
7.051440238952637, -6.627425193786621 
-6.967494964599609, 6.199372291564941 
-8.595440864562988, 7.710362434387207 
-5.151311874389648, 4.581624507904053 
-9.009401321411133, 8.070446968078613 
-1.2354040145874023, 1.022185206413269 
8.048272132873535, -7.510461807250977 
2.8833322525024414, -2.7398476600646973 
7.450793266296387, -6.973377704620361 
8.361197471618652, -7.8500165939331055 
-8.88592529296875, 7.955574035644531 
8.006010055541992, -7.540307998657227 
0.02620549686253071, -0.1542748063802719 
6.657785415649414, -6.287851333618164 
-6.884829521179199, 6.148569107055664 
-8.601432800292969, 7.707729816436768 
-8.239810943603516, 7.392421722412109 
-3.587951421737671, 3.162837505340576 
7.626620292663574, -7.125638008117676 
6.198904514312744, -5.864419937133789 
-8.309035301208496, 7.451937198638916 
4.997118949890137, -4.714379787445068 
-9.724161148071289, 8.729541778564453 
5.986542701721191, -5.663382053375244 
-8.01623821258545, 7.184776782989502 
3.9217100143432617, -3.7669193744659424 
-4.6416730880737305, 4.111380100250244 
-7.483983039855957, 6.694293975830078 
7.774773597717285, -7.272441387176514 
5.791309356689453, -5.480464935302734 
-7.151317596435547, 6.400842666625977 
5.717055320739746, -5.44486141204834 
6.981651306152344, -6.557407379150391 
1.1222070455551147, -1.13627028465271 
-8.5482177734375, 7.665561199188232 
7.042383193969727, -6.604134559631348 
-6.508522987365723, 5.8068718910217285 
7.116880416870117, -6.6713457107543945 
4.807106971740723, -4.552347183227539 
7.131739616394043, -6.703770637512207 
7.266883850097656, -6.831392288208008 
8.963083267211914, -8.370074272155762 
7.68646764755249, -7.252317428588867 
8.66705322265625, -8.127366065979004 
-4.792413711547852, 4.194744110107422 
-8.843353271484375, 7.947573661804199 
7.006414413452148, -6.578047752380371 
-2.4266204833984375, 2.1063828468322754 
-2.824413299560547, 2.4838943481445312 
4.221284866333008, -3.984365224838257 
6.713125228881836, -6.2936272621154785 
-7.862024307250977, 7.067020416259766 
3.196784019470215, -3.093952178955078 
-7.047022819519043, 6.299470901489258 
-7.209230422973633, 6.448424339294434 
-7.154789447784424, 6.373772621154785 
-7.253020286560059, 6.485733985900879 
8.182558059692383, -7.674709320068359 
-4.941725254058838, 4.38605260848999 
-4.505284309387207, 4.012792587280273 
-7.665682315826416, 6.883063316345215 
-3.7208688259124756, 3.2823410034179688 
1.8811163902282715, -1.8472899198532104 
-7.140517234802246, 6.39096736907959 
8.97735595703125, -8.431745529174805 
8.472412109375, -7.935703277587891 
5.328144073486328, -5.0370025634765625 
4.404656410217285, -4.207141876220703 
-4.759733200073242, 4.230121612548828 
-6.276885032653809, 5.607846260070801 
0.3654390275478363, -0.4865071177482605 
-3.6525144577026367, 3.1990485191345215 
-5.636186599731445, 4.994622707366943 
-4.547006607055664, 3.979334831237793 
-4.8275299072265625, 4.284563064575195 
3.335202932357788, -3.209099292755127 
-6.1365203857421875, 5.4824018478393555 
8.470919609069824, -7.916646957397461 
2.3327853679656982, -2.2478621006011963 
9.43055534362793, -8.800410270690918 
-6.518527984619141, 5.840397834777832 
5.0810394287109375, -4.746356964111328 
-7.204256534576416, 6.455133438110352 
-7.0952677726745605, 6.327611923217773 
-6.640216827392578, 5.927978038787842 
6.865039825439453, -6.440609931945801 
5.395129203796387, -5.075654029846191 
3.0878984928131104, -2.970998764038086 
8.353781700134277, -7.806023120880127 
-8.672762870788574, 7.784985542297363 
-6.606146812438965, 5.940372943878174 
6.469696998596191, -6.084925651550293 
-7.594364643096924, 6.783841133117676 
-2.663365125656128, 2.2705037593841553 
7.4875335693359375, -6.999910354614258 
-8.891645431518555, 7.9528398513793945 
-2.6776788234710693, 2.3139519691467285 
-5.954003810882568, 5.3202595710754395 
9.900690078735352, -9.210307121276855 
3.763657808303833, -3.5719597339630127 
-8.751089096069336, 7.816869735717773 
-0.7305193543434143, 0.4877195358276367 
-3.0032429695129395, 2.624220371246338 
-8.284594535827637, 7.402012348175049 
2.451242208480835, -2.4271044731140137 
1.5112799406051636, -1.53714120388031 
5.315326690673828, -5.011917591094971 
7.704327583312988, -7.226079940795898 
-2.189850330352783, 1.8636995553970337 
5.491198539733887, -5.197821617126465 
-8.42081356048584, 7.528947830200195 
-3.8195149898529053, 3.3947339057922363 
-7.788662433624268, 6.984863758087158 
8.48729133605957, -7.941118240356445 
8.116459846496582, -7.581126689910889 
0.18915563821792603, -0.29831981658935547 
2.086538553237915, -2.0387604236602783 
1.8721752166748047, -1.900333046913147 
-5.956652641296387, 5.345483303070068 
9.092784881591797, -8.535622596740723 
-2.8326759338378906, 2.4481570720672607 
8.02195930480957, -7.518709182739258 
9.141918182373047, -8.54024600982666 
-9.133954048156738, 8.206425666809082 
2.930938482284546, -2.80838680267334 
-0.8309974074363708, 0.6342211961746216 
-7.192403793334961, 6.441437244415283 
-7.956017017364502, 7.1434221267700195 
-4.6402740478515625, 4.117616653442383 
8.809274673461914, -8.231184959411621 
-2.504603862762451, 2.130479335784912 
6.847410678863525, -6.420130252838135 
-2.078606128692627, 1.7721139192581177 
-8.193094253540039, 7.341442108154297 
-9.321836471557617, 8.36917495727539 
5.038153648376465, -4.712506294250488 
-8.47380256652832, 7.599071502685547 
-5.1715497970581055, 4.62573766708374 
-0.7452784776687622, 0.5645592212677002 
5.1793951988220215, -4.914777755737305 
-6.810910701751709, 6.112905025482178 
8.043313026428223, -7.513339042663574 
-3.4161081314086914, 2.9854252338409424 
-9.234600067138672, 8.282686233520508 
-5.344727516174316, 4.767124176025391 
-8.411002159118652, 7.537775039672852 
8.381206512451172, -7.87024450302124 
-3.0874733924865723, 2.7132177352905273 
-6.954360008239746, 6.234328269958496 
4.771617412567139, -4.546144485473633 
-2.6870346069335938, 2.3334834575653076 
-7.482154369354248, 6.701319694519043 
1.605690598487854, -1.6010031700134277 
3.8664708137512207, -3.7150728702545166 
-4.194941520690918, 3.724277973175049 
6.895051002502441, -6.470921039581299 
0.9742187857627869, -1.039414405822754 
-8.864265441894531, 7.951299667358398 
7.653144836425781, -7.178576946258545 
7.795018672943115, -7.303175449371338 
-1.0695464611053467, 0.8532582521438599 
9.420928955078125, -8.795348167419434 
6.668330192565918, -6.266887664794922 
6.368618011474609, -6.00335168838501 
7.416130065917969, -6.973838806152344 
-0.26565107703208923, 0.11826176941394806 
-6.208898067474365, 5.5356526374816895 
6.257128715515137, -5.898187637329102 
-7.257781028747559, 6.477807998657227 
-2.747943878173828, 2.4061217308044434 
-8.757539749145508, 7.865529537200928 
-7.7611494064331055, 6.945026397705078 
-4.737196922302246, 4.181842803955078 
8.1105318069458, -7.634910583496094 
-5.022737503051758, 4.444694995880127 
-0.813413143157959, 0.6361323595046997 
7.507579803466797, -7.056389808654785 
-8.726631164550781, 7.831242084503174 
-8.133831977844238, 7.302392482757568 
4.651378154754639, -4.396085739135742 
-9.117084503173828, 8.16858959197998 
6.958417892456055, -6.561897277832031 
6.508307456970215, -6.129083633422852 
7.192606449127197, -6.7694573402404785 
-7.8721466064453125, 7.059539794921875 
-9.115367889404297, 8.172061920166016 
7.720584869384766, -7.222535133361816 
-6.060487747192383, 5.39737606048584 
-9.183276176452637, 8.233667373657227 
-4.725523471832275, 4.151151657104492 
-5.384525299072266, 4.811988830566406 
-5.252600193023682, 4.695732593536377 
0.13285483419895172, -0.2780538499355316 
6.6248369216918945, -6.256965160369873 
0.6835936307907104, -0.8310905694961548 
5.00653600692749, -4.707366943359375 
0.6725284457206726, -0.7433375120162964 
-5.169841289520264, 4.61219596862793 
7.566431045532227, -7.122769355773926 
-9.503473281860352, 8.530095100402832 
8.164911270141602, -7.653684139251709 
-6.0460662841796875, 5.35294771194458 
-7.419879913330078, 6.646884441375732 
-4.670131683349609, 4.171583652496338 
9.103912353515625, -8.49836540222168 
8.227008819580078, -7.721551895141602 
8.054457664489746, -7.572638988494873 
-1.2616554498672485, 1.0268216133117676 
-0.054216042160987854, -0.07816870510578156 
-9.49950122833252, 8.522265434265137 
7.885158538818359, -7.365148067474365 
5.3251237869262695, -5.050577163696289 
-1.5830539464950562, 1.2710808515548706 
-8.432229995727539, 7.566251277923584 
6.77925968170166, -6.388123512268066 
-5.001681327819824, 4.4534125328063965 
-7.110283851623535, 6.369078636169434 
-7.544382095336914, 6.758912563323975 
1.0201175212860107, -1.0836597681045532 
-2.7300467491149902, 2.379918098449707 
6.2900071144104, -5.938546180725098 
-8.02507209777832, 7.184478282928467 
0.6238763332366943, -0.6669184565544128 
-6.355475425720215, 5.673463821411133 
9.106607437133789, -8.507414817810059 
8.774871826171875, -8.190693855285645 
3.251253128051758, -3.113450527191162 
-7.030488014221191, 6.290283203125 
4.710873126983643, -4.47977876663208 
9.009783744812012, -8.451665878295898 
-8.905210494995117, 7.984716415405273 
7.327962398529053, -6.886141777038574 
5.319449424743652, -5.0063300132751465 
-6.374541759490967, 5.686999797821045 
5.565852165222168, -5.27193546295166 
6.411188125610352, -6.0164995193481445 
8.650675773620605, -8.06978702545166 
-0.9188143610954285, 0.7302960157394409 
-5.520282745361328, 4.895158290863037 
8.533708572387695, -7.982148170471191 
8.713327407836914, -8.16308879852295 
-7.104135990142822, 6.334688186645508 
-8.491276741027832, 7.6087164878845215 
-9.614622116088867, 8.646636009216309 
-3.6393589973449707, 3.208787441253662 
5.732030868530273, -5.440676212310791 
-5.8083648681640625, 5.179901599884033 
-5.876162052154541, 5.229697227478027 
-2.428701400756836, 2.1057393550872803 
9.227802276611328, -8.603205680847168 
4.336076259613037, -4.099416732788086 
8.014299392700195, -7.524672985076904 
6.55599308013916, -6.189513206481934 
-8.536542892456055, 7.640859603881836 
-4.136789321899414, 3.64998722076416 
7.743146896362305, -7.256897926330566 
-8.764238357543945, 7.876717567443848 
-9.413017272949219, 8.43758487701416 
8.188648223876953, -7.670950412750244 
-8.803647994995117, 7.897761821746826 
-8.759881019592285, 7.8564348220825195 
7.348448753356934, -6.8838701248168945 
6.575094223022461, -6.173214435577393 
7.527235984802246, -7.0599589347839355 
7.565907955169678, -7.06985330581665 
7.508884429931641, -7.072140216827393 
8.518310546875, -7.952919006347656 
-9.416327476501465, 8.463635444641113 
-9.481475830078125, 8.495875358581543 
-2.043294906616211, 1.767729640007019 
8.341226577758789, -7.802983283996582 
8.329449653625488, -7.79624080657959 
6.787442207336426, -6.345372200012207 
8.242279052734375, -7.703008651733398 
-6.792200565338135, 6.053874969482422 
-8.074402809143066, 7.245034217834473 
-2.3479197025299072, 1.9786523580551147 
-3.933414936065674, 3.4277989864349365 
-8.823546409606934, 7.915287017822266 
-7.799747467041016, 6.9903459548950195 
3.726968288421631, -3.5626893043518066 
4.130034923553467, -3.9373557567596436 
-2.6386423110961914, 2.2737960815429688 
-7.9509758949279785, 7.124122142791748 
8.370823860168457, -7.842046737670898 
7.662975788116455, -7.1964640617370605 
-3.967712879180908, 3.4480292797088623 
8.837858200073242, -8.227466583251953 
2.989250898361206, -2.922501564025879 
-2.4567275047302246, 2.1202054023742676 
-7.121025085449219, 6.371816635131836 
5.320003032684326, -4.99656867980957 
-7.041419506072998, 6.310335636138916 
-5.302835464477539, 4.737215995788574 
5.788358688354492, -5.428337097167969 
-8.890132904052734, 7.958687782287598 
4.272332191467285, -4.051239490509033 
4.271323204040527, -4.085384368896484 
8.173032760620117, -7.650787353515625 
4.583431243896484, -4.314844131469727 
8.074965476989746, -7.582870960235596 
-6.42240047454834, 5.738331317901611 
-5.701090335845947, 5.051092147827148 
-3.552213191986084, 3.146364212036133 
7.895111083984375, -7.384176731109619 
-5.570766448974609, 4.955195426940918 
7.368196964263916, -6.904662609100342 
-9.075517654418945, 8.142425537109375 
-8.957624435424805, 8.022822380065918 
5.872627258300781, -5.559906482696533 
7.403851509094238, -6.946516036987305 
7.513334274291992, -7.06651496887207 
-5.218475341796875, 4.631689071655273 
4.512535572052002, -4.300468444824219 
-5.571078777313232, 4.964071273803711 
-9.752372741699219, 8.75535774230957 
-6.809211730957031, 6.096581935882568 
8.259449005126953, -7.728460311889648 
-4.6002373695373535, 4.09266471862793 
7.00741720199585, -6.5729193687438965 
8.216628074645996, -7.694755554199219 
-6.089777946472168, 5.458671569824219 
1.8636170625686646, -1.828588604927063 
-2.160773515701294, 1.8759905099868774 
7.213459014892578, -6.771068572998047 
5.749728679656982, -5.408968925476074 
-7.009035110473633, 6.282079696655273 
-1.1980233192443848, 0.9526673555374146 
-7.679958343505859, 6.885512828826904 
-8.133309364318848, 7.274684906005859 
-8.072332382202148, 7.243803024291992 
-8.70952320098877, 7.804978847503662 
-8.110590934753418, 7.2763166427612305 
-8.638130187988281, 7.719435691833496 
-6.497537136077881, 5.808279037475586 
-7.753104209899902, 6.954666614532471 
7.467757225036621, -7.012031555175781 
-8.76116943359375, 7.869049072265625 
-2.4437732696533203, 2.0792675018310547 
-8.931096076965332, 8.028166770935059 
-4.658511638641357, 4.120303153991699 
7.1726603507995605, -6.737555503845215 
-7.245952606201172, 6.469744682312012 
-3.4963297843933105, 3.0408976078033447 
-4.690105438232422, 4.1641435623168945 
9.238628387451172, -8.665030479431152 
-1.7354706525802612, 1.4514570236206055 
-8.059365272521973, 7.230309963226318 
7.047842025756836, -6.605009078979492 
5.391674995422363, -5.115255832672119 
-6.614782333374023, 5.924099922180176 
5.777410507202148, -5.448449611663818 
-8.289917945861816, 7.422338485717773 
6.384224891662598, -5.997514724731445 
-7.626773834228516, 6.830690860748291 
-0.16497351229190826, 0.04248405992984772 
-5.838079452514648, 5.199161529541016 
6.721360206604004, -6.324335098266602 
4.103968620300293, -3.94061279296875 
3.357325553894043, -3.2060365676879883 
-8.20578670501709, 7.358418941497803 
7.279356956481934, -6.796704292297363 
-9.623519897460938, 8.638071060180664 
-7.635227203369141, 6.835862159729004 
8.16142463684082, -7.620686054229736 
-4.663902282714844, 4.117280960083008 
-6.8091607093811035, 6.086488246917725 
3.8439579010009766, -3.6321401596069336 
-3.4047739505767822, 2.9850687980651855 
-9.434091567993164, 8.45338249206543 
-8.05649185180664, 7.221951961517334 
7.59475564956665, -7.132956504821777 
7.290213584899902, -6.861872673034668 
7.434011936187744, -6.967494010925293 
5.885516166687012, -5.541745185852051 
7.70513391494751, -7.200675964355469 
-3.277592658996582, 2.852323532104492 
-4.864287853240967, 4.295716285705566 
-5.495189666748047, 4.863446235656738 
-6.01486873626709, 5.349078178405762 
7.438915252685547, -7.001352310180664 
5.922568321228027, -5.5642547607421875 
-8.919130325317383, 7.988803863525391 
-7.643590927124023, 6.830224990844727 
-6.185769081115723, 5.50917911529541 
2.699800729751587, -2.610686779022217 
-8.671356201171875, 7.769313812255859 
-7.663761138916016, 6.871913909912109 
8.942178726196289, -8.383378028869629 
6.7564263343811035, -6.333230972290039 
8.131752014160156, -7.59385871887207 
7.797509670257568, -7.3604841232299805 
-7.293108940124512, 6.512297630310059 
3.5622308254241943, -3.3900303840637207 
6.794729232788086, -6.349315643310547 
3.7960219383239746, -3.6620452404022217 
9.708599090576172, -9.097355842590332 
-8.624549865722656, 7.734033584594727 
4.3308610916137695, -4.072428226470947 
6.998113632202148, -6.567242622375488 
8.536325454711914, -8.003239631652832 
-6.745169162750244, 6.000786304473877 
-7.298210620880127, 6.541180610656738 
-4.03220272064209, 3.5480828285217285 
2.8069732189178467, -2.7613301277160645 
8.025468826293945, -7.546902179718018 
-4.707452297210693, 4.170802116394043 
-8.883530616760254, 7.958539962768555 
7.276887893676758, -6.84120512008667 
-6.0021820068359375, 5.370676040649414 
9.147018432617188, -8.553271293640137 
7.082778453826904, -6.655729293823242 
4.768835544586182, -4.476202011108398 
6.042827129364014, -5.691084384918213 
-8.973185539245605, 8.06378173828125 
-9.380020141601562, 8.42776870727539 
-1.3639304637908936, 1.140154480934143 
6.883858680725098, -6.440535068511963 
7.83554744720459, -7.310555458068848 
-3.297961950302124, 2.870192527770996 
-8.611242294311523, 7.7511115074157715 
-6.946262359619141, 6.187308311462402 
8.366617202758789, -7.835732936859131 
4.389861106872559, -4.200526237487793 
7.542816162109375, -7.094472885131836 
4.003122329711914, -3.835824728012085 
5.739953994750977, -5.437216758728027 
-3.7435834407806396, 3.304384231567383 
-7.101919651031494, 6.345954418182373 
-5.227786064147949, 4.646062850952148 
8.328073501586914, -7.778754711151123 
7.243045806884766, -6.816154479980469 
6.994528770446777, -6.579751968383789 
9.195405960083008, -8.551108360290527 
9.260683059692383, -8.651664733886719 
-9.654006958007812, 8.64956283569336 
-8.972389221191406, 8.075430870056152 
2.9834535121917725, -2.8530020713806152 
9.634718894958496, -9.032919883728027 
-8.344776153564453, 7.467860221862793 
-4.169753074645996, 3.6933376789093018 
-0.8645198345184326, 0.6437500715255737 
4.564146041870117, -4.4025163650512695 
-9.638259887695312, 8.633331298828125 
-7.973347187042236, 7.136310577392578 
3.5721306800842285, -3.3867526054382324 
8.600492477416992, -8.062084197998047 
-2.803013801574707, 2.3880300521850586 
7.255077362060547, -6.822909355163574 
6.314093112945557, -5.935799598693848 
0.6885190606117249, -0.7538254857063293 
-3.802532196044922, 3.35319185256958 
-7.597622871398926, 6.804898738861084 
8.400514602661133, -7.884947776794434 
-2.8713929653167725, 2.471414089202881 
-8.251148223876953, 7.383923530578613 
7.6395978927612305, -7.145413875579834 
5.715009689331055, -5.4124555587768555 
-8.605175018310547, 7.700728893280029 
8.616982460021973, -8.094173431396484 
-8.387325286865234, 7.512292385101318 
3.127051830291748, -3.0375773906707764 
-2.8187100887298584, 2.430288791656494 
-9.856298446655273, 8.847065925598145 
8.067667961120605, -7.563508033752441 
9.473050117492676, -8.879921913146973 
-5.289834976196289, 4.716489315032959 
3.697528839111328, -3.5131781101226807 
7.787094593048096, -7.282527923583984 
-7.352752685546875, 6.590303897857666 
-9.060872077941895, 8.139410018920898 
7.814739227294922, -7.319460391998291 
6.554369926452637, -6.158564567565918 
6.316604137420654, -5.9303131103515625 
8.04548454284668, -7.518805027008057 
2.824368715286255, -2.714570999145508 
-6.41104793548584, 5.70757532119751 
9.207414627075195, -8.583532333374023 
6.327966690063477, -5.931488037109375 
4.71538782119751, -4.447338104248047 
2.8327317237854004, -2.7065820693969727 
7.6644511222839355, -7.1708855628967285 
-7.644676685333252, 6.8520402908325195 
-8.879270553588867, 7.962515830993652 
-6.36128044128418, 5.685553550720215 
4.2828779220581055, -4.095131874084473 
-6.956268787384033, 6.233362197875977 
-6.20001745223999, 5.5626068115234375 
-8.655574798583984, 7.766549110412598 
-9.440281867980957, 8.46886920928955 
7.656125068664551, -7.190403461456299 
-9.334247589111328, 8.366856575012207 
5.231021881103516, -4.928354263305664 
-8.992101669311523, 8.066727638244629 
7.05824089050293, -6.646136283874512 
7.439303398132324, -6.958775043487549 
9.348332405090332, -8.746736526489258 
-1.9915766716003418, 1.685388207435608 
8.656137466430664, -8.066606521606445 
6.583349704742432, -6.179123878479004 
9.034433364868164, -8.441855430603027 
-7.071239471435547, 6.318342208862305 
9.142875671386719, -8.572340965270996 
6.451711654663086, -6.095709800720215 
-8.772113800048828, 7.890041828155518 
7.681914329528809, -7.2183837890625 
-5.878490924835205, 5.2423095703125 
-6.586281776428223, 5.87631893157959 
-9.287832260131836, 8.316088676452637 
8.601493835449219, -8.041735649108887 
7.596581935882568, -7.136202335357666 
6.441285133361816, -6.080206871032715 
8.264350891113281, -7.750869274139404 
-4.622420310974121, 4.054534912109375 
-8.238037109375, 7.376163005828857 
7.993961334228516, -7.503575801849365 
-7.19374418258667, 6.43228816986084 
7.410506248474121, -6.981886386871338 
-3.934730052947998, 3.493088960647583 
7.0599775314331055, -6.64752721786499 
-9.277076721191406, 8.321885108947754 
7.517248153686523, -7.032339572906494 
7.176924228668213, -6.735455513000488 
8.474211692810059, -7.9378342628479 
-7.179718494415283, 6.430222511291504 
6.029583930969238, -5.671377658843994 
7.494539737701416, -7.0345377922058105 
-5.598111152648926, 4.972167491912842 
6.2579450607299805, -5.9163818359375 
-7.1971821784973145, 6.447193622589111 
0.7616820335388184, -0.7957432270050049 
7.415656089782715, -6.961466312408447 
-7.033614158630371, 6.258729934692383 
-2.180875062942505, 1.835113525390625 
-4.30228328704834, 3.81205415725708 
-9.452642440795898, 8.481541633605957 
8.35850715637207, -7.837692737579346 
-7.100165367126465, 6.35587739944458 
-7.542099952697754, 6.757534980773926 
-7.833436489105225, 6.995471954345703 
5.196283340454102, -4.94116735458374 
-3.7604966163635254, 3.2791926860809326 
-1.3036435842514038, 1.0808297395706177 
8.757692337036133, -8.188227653503418 
-8.589991569519043, 7.711352825164795 
7.746299743652344, -7.251511096954346 
-4.952814102172852, 4.373661041259766 
8.400994300842285, -7.876812934875488 
-1.5059181451797485, 1.2708429098129272 
-2.6431634426116943, 2.298811197280884 
-6.239789962768555, 5.562535285949707 
7.679060459136963, -7.193504333496094 
-3.5154852867126465, 3.050680160522461 
-6.276859760284424, 5.588769912719727 
-6.957376956939697, 6.25955867767334 
7.4049577713012695, -6.919431686401367 
0.19124533236026764, -0.3100054860115051 
-9.71162223815918, 8.717775344848633 
6.659589767456055, -6.284768581390381 
-8.220696449279785, 7.385251998901367 
-4.9251861572265625, 4.391688346862793 
-6.36731481552124, 5.706991195678711 
-6.809981346130371, 6.083278179168701 
3.3653886318206787, -3.190610408782959 
6.115171432495117, -5.75306510925293 
6.1914143562316895, -5.865626335144043 
-8.989401817321777, 8.079999923706055 
7.757481575012207, -7.306358814239502 
-2.8392810821533203, 2.494107961654663 
5.709259033203125, -5.3657989501953125 
-9.107571601867676, 8.18898868560791 
-9.40431022644043, 8.442479133605957 
-5.846789836883545, 5.215923309326172 
8.911653518676758, -8.336585998535156 
7.98769474029541, -7.488353729248047 
8.572011947631836, -8.029974937438965 
6.880308151245117, -6.459799766540527 
2.0115466117858887, -1.9282187223434448 
-4.585348606109619, 4.083674430847168 
5.901609420776367, -5.536571502685547 
-6.792398452758789, 6.058988571166992 
-9.598514556884766, 8.621092796325684 
6.654332160949707, -6.264604568481445 
-4.167022705078125, 3.6848506927490234 
-7.712180137634277, 6.893871307373047 
-4.242433547973633, 3.7336554527282715 
7.671308517456055, -7.166234493255615 
-7.620448112487793, 6.833024024963379 
8.322982788085938, -7.759944438934326 
-7.297877311706543, 6.5804266929626465 
6.080513954162598, -5.701541900634766 
-7.771816730499268, 6.975336074829102 
7.070263862609863, -6.632309436798096 
7.840395927429199, -7.395075798034668 
-7.537148475646973, 6.75555419921875 
1.3397634029388428, -1.3609269857406616 
8.44226360321045, -7.892017364501953 
6.610047340393066, -6.193293571472168 
4.993163108825684, -4.7492780685424805 
3.3220772743225098, -3.1784164905548096 
7.481265068054199, -7.055253505706787 
8.098594665527344, -7.576966762542725 
-2.7129406929016113, 2.3484325408935547 
-5.51901912689209, 4.899565696716309 
9.071477890014648, -8.491196632385254 
-5.376622676849365, 4.7954888343811035 
-6.2261176109313965, 5.560846328735352 
-9.445600509643555, 8.473580360412598 
-5.844282150268555, 5.226538181304932 
7.215231895446777, -6.788161277770996 
8.425321578979492, -7.919070243835449 
2.5879688262939453, -2.49214506149292 
7.926301956176758, -7.431851387023926 
7.266720294952393, -6.8342509269714355 
-5.49182653427124, 4.8788743019104 
-2.995091199874878, 2.6346702575683594 
-0.4660252034664154, 0.30451053380966187 
-9.19709587097168, 8.243754386901855 
-8.616127967834473, 7.740057945251465 
7.3278985023498535, -6.860661029815674 
-8.000447273254395, 7.1863508224487305 
-7.042679786682129, 6.2808380126953125 
-8.315140724182129, 7.453306198120117 
-3.8204824924468994, 3.3603355884552 
-5.6692795753479, 5.023453712463379 
-4.317771911621094, 3.8272223472595215 
2.803989887237549, -2.7285964488983154 
9.520072937011719, -8.898491859436035 
-9.492552757263184, 8.517287254333496 
6.11447811126709, -5.786751747131348 
2.3929214477539062, -2.2946693897247314 
-6.60323429107666, 5.930548667907715 
-2.661320209503174, 2.3300728797912598 
5.953306198120117, -5.574668884277344 
1.4447975158691406, -1.4207749366760254 
-8.353429794311523, 7.5222320556640625 
9.296582221984863, -8.661023139953613 
-6.382837772369385, 5.699278354644775 
-6.456803321838379, 5.760908126831055 
-8.093570709228516, 7.245406627655029 
5.476980209350586, -5.136207580566406 
-7.702455043792725, 6.92543363571167 
0.22635164856910706, -0.33363598585128784 
9.917122840881348, -9.271310806274414 
6.11696720123291, -5.740937232971191 
-9.256969451904297, 8.308061599731445 
7.618475437164307, -7.1345953941345215 
-8.59975814819336, 7.682151794433594 
-7.894968032836914, 7.085906982421875 
5.492095470428467, -5.177179336547852 
4.390926837921143, -4.189339637756348 
8.090452194213867, -7.579286098480225 
7.747781276702881, -7.227104187011719 
7.076436519622803, -6.659458637237549 
6.667960166931152, -6.281523704528809 
-0.5002413988113403, 0.32449090480804443 
-7.162290573120117, 6.39462423324585 
-7.985379219055176, 7.143839359283447 
6.560125827789307, -6.1438069343566895 
-8.095609664916992, 7.2469801902771 
5.824978351593018, -5.494340896606445 
7.448353290557861, -6.985783100128174 
6.386137008666992, -6.032193183898926 
7.109250068664551, -6.646927356719971 
6.30832576751709, -5.9307451248168945 
-0.09336429834365845, -0.07616522908210754 
-8.12281608581543, 7.285953998565674 
8.014482498168945, -7.496708869934082 
-6.102753639221191, 5.427883148193359 
-1.6005795001983643, 1.3554598093032837 
-6.904696464538574, 6.176898956298828 
6.845027923583984, -6.421232223510742 
-4.479048728942871, 3.928194046020508 
1.4408254623413086, -1.4649606943130493 
-2.325805187225342, 1.99663507938385 
-8.77174186706543, 7.8805999755859375 
-8.770881652832031, 7.858581066131592 
-7.116787433624268, 6.369516372680664 
4.336022853851318, -4.085885524749756 
4.33187198638916, -4.147762775421143 
8.095185279846191, -7.602724075317383 
7.0649094581604, -6.599989414215088 
0.31469765305519104, -0.42042970657348633 
7.3569183349609375, -6.897253036499023 
7.419604778289795, -6.94376277923584 
3.9252963066101074, -3.71624493598938 
-8.50715446472168, 7.629508972167969 
1.7566962242126465, -1.698269009590149 
-1.836535930633545, 1.4908112287521362 
-5.650454521179199, 4.988758087158203 
6.022162437438965, -5.6170244216918945 
-4.073933124542236, 3.5869381427764893 
-3.26302433013916, 2.7734134197235107 
3.8514389991760254, -3.6642532348632812 
7.938772201538086, -7.456566333770752 
7.495236396789551, -7.029768466949463 
7.433749198913574, -6.968969345092773 
0.4161480963230133, -0.5237779021263123 
-8.105978012084961, 7.2676191329956055 
-7.184967994689941, 6.4313435554504395 
4.9852824211120605, -4.692455768585205 
-2.5137500762939453, 2.176854133605957 
5.313240051269531, -5.010605335235596 
-6.929980278015137, 6.184804916381836 
8.038045883178711, -7.531538009643555 
-7.830468654632568, 7.038108825683594 
6.713254928588867, -6.332425117492676 
-4.212847709655762, 3.7098731994628906 
5.572559356689453, -5.249743461608887 
-9.76565933227539, 8.755433082580566 
8.749046325683594, -8.167479515075684 
-7.930386543273926, 7.070680141448975 
-6.178293228149414, 5.552104473114014 
-7.064584732055664, 6.325488567352295 
8.264952659606934, -7.755414962768555 
-3.391432762145996, 2.964831829071045 
-8.008193969726562, 7.157929420471191 
7.202278137207031, -6.760955810546875 
8.736822128295898, -8.191333770751953 
7.270090579986572, -6.84649658203125 
7.816307067871094, -7.314298152923584 
-8.457752227783203, 7.554098129272461 
-3.912307024002075, 3.427555799484253 
-8.7971830368042, 7.892821788787842 
-2.2324447631835938, 1.9013715982437134 
-2.8632354736328125, 2.4704055786132812 
-6.601528167724609, 5.919017314910889 
-9.284610748291016, 8.32540225982666 
-8.20059585571289, 7.349458694458008 
-4.335849761962891, 3.7678654193878174 
8.216985702514648, -7.680418014526367 
5.841301918029785, -5.487839698791504 
-9.497053146362305, 8.515284538269043 
-9.5782470703125, 8.598669052124023 
7.110433578491211, -6.679866313934326 
5.225795745849609, -4.940099716186523 
8.030075073242188, -7.538397789001465 
-5.808079719543457, 5.175264835357666 
8.339341163635254, -7.806354522705078 
1.6836286783218384, -1.736282229423523 
1.9282177686691284, -1.852159857749939 
9.180803298950195, -8.605854988098145 
-9.562196731567383, 8.579497337341309 
9.59364128112793, -8.972447395324707 
3.1428956985473633, -3.0258169174194336 
-6.557969093322754, 5.861456871032715 
6.728091239929199, -6.314126014709473 
-5.184375286102295, 4.598321914672852 
7.265201091766357, -6.853631019592285 
8.504383087158203, -7.9848785400390625 
-2.1221675872802734, 1.794378638267517 
-5.70652961730957, 5.093905448913574 
-8.039109230041504, 7.2335286140441895 
7.4263200759887695, -6.972263336181641 
6.387984275817871, -5.999197483062744 
5.564560413360596, -5.269116401672363 
1.091223120689392, -1.1386357545852661 
8.664253234863281, -8.089032173156738 
-6.181675910949707, 5.484826564788818 
-8.533050537109375, 7.63768196105957 
-8.774955749511719, 7.886594295501709 
5.56289529800415, -5.253701210021973 
8.605339050292969, -8.082419395446777 
-7.693063259124756, 6.891613960266113 
-3.4907045364379883, 3.0617334842681885 
8.237136840820312, -7.718529224395752 
-9.108723640441895, 8.1614351272583 
-8.07111644744873, 7.231100082397461 
3.816214084625244, -3.69661808013916 
-7.926196575164795, 7.072568416595459 
-7.730800151824951, 6.928287029266357 
-2.3385889530181885, 2.000809669494629 
8.340719223022461, -7.789906978607178 
-1.4024606943130493, 1.1669448614120483 
9.575434684753418, -8.973698616027832 
9.217293739318848, -8.5823392868042 
-7.8505659103393555, 6.996450424194336 
-5.3152174949646, 4.750207424163818 
-7.2853803634643555, 6.497224807739258 
-5.825592517852783, 5.192896366119385 
-8.966856002807617, 8.059359550476074 
-8.68814468383789, 7.77640962600708 
8.541065216064453, -7.963784694671631 
4.579490661621094, -4.345460891723633 
6.915162086486816, -6.47906494140625 
7.809999465942383, -7.3137593269348145 
0.8097957372665405, -0.9100499153137207 
-8.040563583374023, 7.205160140991211 
5.619958400726318, -5.2926177978515625 
8.348037719726562, -7.790131092071533 
9.003785133361816, -8.404622077941895 
-3.5456600189208984, 3.0896782875061035 
-6.356884956359863, 5.685183525085449 
3.2923240661621094, -3.1331605911254883 
7.763973236083984, -7.2956132888793945 
-8.118781089782715, 7.282809257507324 
-7.149843692779541, 6.406914710998535 
6.938905239105225, -6.489833831787109 
8.796283721923828, -8.211533546447754 
6.995091915130615, -6.580955505371094 
1.8296072483062744, -1.774211049079895 
-7.330104827880859, 6.553008556365967 
6.560617446899414, -6.149585723876953 
-8.209918975830078, 7.361927509307861 
-7.906518459320068, 7.061387062072754 
-7.708616256713867, 6.895096778869629 
6.862389087677002, -6.402570724487305 
4.619844436645508, -4.3551435470581055 
4.698390007019043, -4.464076519012451 
-9.915754318237305, 8.898613929748535 
-7.414765357971191, 6.624009609222412 
7.362268447875977, -6.881393909454346 
2.032431125640869, -2.0362370014190674 
-6.178156852722168, 5.5083112716674805 
-6.676694869995117, 5.961467266082764 
-5.9406280517578125, 5.2525482177734375 
-6.906689643859863, 6.143894195556641 
-6.830502510070801, 6.131805419921875 
8.76817798614502, -8.220128059387207 
7.337922096252441, -6.882150650024414 
5.864823341369629, -5.552984714508057 
-3.714792251586914, 3.283804416656494 
7.272791862487793, -6.7998270988464355 
-1.9039397239685059, 1.6047900915145874 
-6.304997444152832, 5.633296012878418 
7.114090442657471, -6.703338623046875 
-2.1879079341888428, 1.8670159578323364 
8.445919036865234, -7.916604042053223 
9.087318420410156, -8.490460395812988 
-7.722515106201172, 6.914638519287109 
-7.091195106506348, 6.351222515106201 
8.528937339782715, -8.017815589904785 
-9.099384307861328, 8.159917831420898 
-7.450094223022461, 6.6493306159973145 
7.984506607055664, -7.4662766456604 
-3.6517133712768555, 3.1987075805664062 
0.48183485865592957, -0.5727865695953369 
5.961814880371094, -5.627936363220215 
6.465642929077148, -6.078569412231445 
5.204580307006836, -4.941103935241699 
-6.421275615692139, 5.746440410614014 
-9.78473949432373, 8.78958511352539 
-3.3619613647460938, 2.9151179790496826 
6.4244842529296875, -6.018895626068115 
-2.782029867172241, 2.390117883682251 
9.013364791870117, -8.436328887939453 
-8.072463989257812, 7.250924587249756 
1.6883342266082764, -1.6965991258621216 
-8.189146041870117, 7.348814487457275 
7.863451957702637, -7.387410640716553 
7.347300052642822, -6.856572151184082 
-8.656793594360352, 7.766144752502441 
5.902726650238037, -5.561450958251953 
9.656436920166016, -9.008940696716309 
-7.304576396942139, 6.545943260192871 
7.448219299316406, -6.992099285125732 
8.322734832763672, -7.793676376342773 
8.59572696685791, -8.026655197143555 
2.4137496948242188, -2.329692840576172 
-9.293474197387695, 8.32113265991211 
-7.907188892364502, 7.074003219604492 
-2.745422840118408, 2.3828492164611816 
9.231225967407227, -8.637680053710938 
-4.0686516761779785, 3.60601806640625 
-9.013103485107422, 8.082259178161621 
-6.494307994842529, 5.787670135498047 
-6.937398910522461, 6.188922882080078 
8.547764778137207, -8.001396179199219 
7.630454063415527, -7.159940719604492 
9.250484466552734, -8.657010078430176 
8.443214416503906, -7.906296253204346 
8.083611488342285, -7.565690994262695 
-7.554257392883301, 6.760095119476318 
9.105015754699707, -8.48681926727295 
-9.039571762084961, 8.118254661560059 
-0.7905949354171753, 0.6036909222602844 
7.7197442054748535, -7.241328239440918 
-4.482116222381592, 3.9839038848876953 
-6.93066930770874, 6.2075018882751465 
-7.103670597076416, 6.374272346496582 
-3.463869571685791, 3.0628387928009033 
-6.088651657104492, 5.435316562652588 
-9.094088554382324, 8.165684700012207 
6.2096099853515625, -5.8247246742248535 
-8.890634536743164, 7.970508575439453 
-2.060234785079956, 1.7654459476470947 
-9.074190139770508, 8.125555992126465 
-9.109148025512695, 8.192206382751465 
8.29578971862793, -7.764184951782227 
-6.389810085296631, 5.7162766456604 
-6.854290008544922, 6.130666732788086 
-9.479127883911133, 8.494193077087402 
5.8463544845581055, -5.498241424560547 
-6.987116813659668, 6.246449947357178 
-4.792398452758789, 4.24906063079834 
-0.04714534804224968, -0.10776002705097198 
-8.262218475341797, 7.398525238037109 
7.964269638061523, -7.459601402282715 
4.581238269805908, -4.306633949279785 
-9.607269287109375, 8.6423978805542 
-2.415607213973999, 2.0815987586975098 
-7.132333755493164, 6.3729023933410645 
8.1571044921875, -7.63487434387207 
0.49935099482536316, -0.5921319127082825 
-7.623867988586426, 6.844695091247559 
-5.797510623931885, 5.150222301483154 
-5.4162516593933105, 4.813591957092285 
9.473474502563477, -8.903557777404785 
-2.480971336364746, 2.091963768005371 
-7.782120704650879, 6.96552848815918 
-4.946149826049805, 4.384634017944336 
-5.318021774291992, 4.7366108894348145 
8.52840518951416, -7.98383092880249 
-9.873855590820312, 8.853758811950684 
-8.566009521484375, 7.7113165855407715 
-3.951688051223755, 3.506315231323242 
-6.464610576629639, 5.783360004425049 
-8.449119567871094, 7.564951419830322 
8.684127807617188, -8.133252143859863 
-6.4765706062316895, 5.778572082519531 
7.852890968322754, -7.354496479034424 
-9.404226303100586, 8.434203147888184 
-5.31134033203125, 4.71579647064209 
9.688342094421387, -9.069878578186035 
-5.752762317657471, 5.094808101654053 
0.5608372688293457, -0.6408464312553406 
2.5595054626464844, -2.459934949874878 
-6.140287399291992, 5.508437156677246 
-3.89782452583313, 3.414613962173462 
4.903347015380859, -4.658324241638184 
8.209554672241211, -7.664905548095703 
6.720702171325684, -6.339920520782471 
-9.041369438171387, 8.108368873596191 
10.150907516479492, -9.466375350952148 
-0.9217057824134827, 0.7186857461929321 
5.4433369636535645, -5.148200988769531 
3.697282552719116, -3.570512294769287 
0.947274923324585, -1.002416729927063 
6.514454364776611, -6.120887756347656 
-2.4779417514801025, 2.071265697479248 
7.97573709487915, -7.499366760253906 
-6.556176662445068, 5.861411094665527 
-7.354275703430176, 6.614134788513184 
-8.439542770385742, 7.583218574523926 
4.234655380249023, -3.9934165477752686 
7.830524444580078, -7.355489730834961 
-7.851498126983643, 7.06513786315918 
7.672357559204102, -7.177028656005859 
7.640097618103027, -7.18238639831543 
8.437063217163086, -7.943254470825195 
-6.411590099334717, 5.738864421844482 
7.884803771972656, -7.401248455047607 
8.327508926391602, -7.8454694747924805 
-5.011662006378174, 4.499980926513672 
-1.566727876663208, 1.2796622514724731 
7.917971611022949, -7.424280166625977 
8.16376781463623, -7.6534647941589355 
7.7180094718933105, -7.195534706115723 
-7.700916290283203, 6.884551048278809 
-4.075008392333984, 3.59757137298584 
6.988964080810547, -6.551366806030273 
6.817620277404785, -6.406528472900391 
2.6381821632385254, -2.5702779293060303 
-3.71856689453125, 3.25689697265625 
-8.209423065185547, 7.35536003112793 
-3.914553165435791, 3.446350336074829 
-5.8294525146484375, 5.1838860511779785 
5.961997032165527, -5.568500518798828 
1.5407644510269165, -1.6004284620285034 
-1.599215030670166, 1.3360990285873413 
-8.488077163696289, 7.619117736816406 
-5.995118141174316, 5.356941223144531 
6.618640422821045, -6.215158462524414 
-4.244211673736572, 3.7108631134033203 
8.632997512817383, -8.063006401062012 
3.572305202484131, -3.3789749145507812 
8.18617057800293, -7.676963806152344 
-8.685980796813965, 7.789852142333984 
-8.256827354431152, 7.382586479187012 
-7.870671272277832, 7.0570759773254395 
-8.952293395996094, 8.022581100463867 
-6.581456184387207, 5.87364387512207 
-6.608191967010498, 5.923877716064453 
-6.443890571594238, 5.752130508422852 
-7.03077507019043, 6.299912929534912 
-8.762887954711914, 7.853062629699707 
9.264444351196289, -8.651349067687988 
7.504091262817383, -7.0147385597229 
-9.568365097045898, 8.591292381286621 
-3.729522943496704, 3.285998821258545 
-8.847573280334473, 7.933030128479004 
