6.504708766937256, -6.107207775115967 
-5.619688987731934, 4.990131378173828 
11.008910179138184, -10.235955238342285 
10.290245056152344, -9.586219787597656 
10.004865646362305, -9.333413124084473 
-10.54631233215332, 9.490432739257812 
-7.678386688232422, 6.914344310760498 
5.969016075134277, -5.58613920211792 
9.567771911621094, -8.912346839904785 
-7.294098854064941, 6.505402088165283 
9.733161926269531, -9.128148078918457 
4.70429801940918, -4.452949047088623 
10.375557899475098, -9.669548988342285 
9.764745712280273, -9.131911277770996 
-10.924322128295898, 9.821015357971191 
-3.713273525238037, 3.2608749866485596 
10.035402297973633, -9.300456047058105 
9.072067260742188, -8.4830322265625 
10.123346328735352, -9.430313110351562 
-1.4085698127746582, 1.1647123098373413 
-1.4187716245651245, 1.1710113286972046 
11.08340072631836, -10.334227561950684 
-1.4438894987106323, 1.2700719833374023 
-11.23156452178955, 10.093910217285156 
-11.57089900970459, 10.3928861618042 
-8.381708145141602, 7.51455020904541 
9.718071937561035, -9.112883567810059 
-1.4296625852584839, 1.1537851095199585 
4.576078414916992, -4.321468830108643 
-8.103189468383789, 7.262807369232178 
-11.090032577514648, 9.972884178161621 
9.672514915466309, -9.00706958770752 
7.45684814453125, -6.979865550994873 
-7.784111976623535, 7.0058488845825195 
8.472004890441895, -7.941995620727539 
-8.561279296875, 7.707193851470947 
9.733064651489258, -9.083418846130371 
-8.788045883178711, 7.836765766143799 
10.459427833557129, -9.731881141662598 
-3.196892499923706, 2.8342974185943604 
10.62040901184082, -9.905780792236328 
9.491357803344727, -8.871668815612793 
5.672149658203125, -5.347346305847168 
4.949019908905029, -4.664572715759277 
-9.257716178894043, 8.337153434753418 
-10.237141609191895, 9.218894004821777 
-5.697293758392334, 5.112951755523682 
-9.588842391967773, 8.617070198059082 
-8.118511199951172, 7.301413059234619 
-10.157937049865723, 9.14533805847168 
9.866202354431152, -9.214000701904297 
8.510185241699219, -7.934625148773193 
-9.055919647216797, 8.175803184509277 
4.399186134338379, -4.156132698059082 
-9.351572036743164, 8.426589012145996 
9.168456077575684, -8.566460609436035 
-7.990054130554199, 7.182796478271484 
-11.487621307373047, 10.334885597229004 
-3.029031991958618, 2.6781728267669678 
-9.844700813293457, 8.83603572845459 
-10.488662719726562, 9.43381404876709 
9.685392379760742, -9.073988914489746 
3.6773974895477295, -3.5005271434783936 
-8.524731636047363, 7.711697101593018 
8.633779525756836, -8.073287010192871 
-1.7353607416152954, 1.4373019933700562 
8.906469345092773, -8.307723999023438 
-9.50947380065918, 8.53726577758789 
-10.345646858215332, 9.323176383972168 
-2.322078227996826, 1.9717234373092651 
8.994341850280762, -8.374221801757812 
-8.48967170715332, 7.64586067199707 
-9.819416046142578, 8.8626708984375 
4.590465545654297, -4.305912494659424 
9.121610641479492, -8.511438369750977 
-7.010115623474121, 6.294118404388428 
10.069930076599121, -9.409184455871582 
-2.1266021728515625, 1.795269250869751 
-11.219256401062012, 10.097054481506348 
10.537561416625977, -9.842835426330566 
10.177160263061523, -9.507769584655762 
-11.938634872436523, 10.745747566223145 
-5.255891799926758, 4.687386989593506 
-9.439908981323242, 8.512771606445312 
-10.86431884765625, 9.78939151763916 
6.81716775894165, -6.417989253997803 
10.225027084350586, -9.57050895690918 
-11.016646385192871, 9.938436508178711 
-11.078643798828125, 9.981212615966797 
3.0427663326263428, -2.8534538745880127 
11.507624626159668, -10.725554466247559 
-6.297961711883545, 5.698888778686523 
-6.713907718658447, 6.033113956451416 
-11.410415649414062, 10.276869773864746 
-9.797808647155762, 8.781109809875488 
11.312520027160645, -10.536857604980469 
9.86352825164795, -9.203919410705566 
10.323530197143555, -9.656594276428223 
-4.937525749206543, 4.358752250671387 
10.2698974609375, -9.568039894104004 
3.1480393409729004, -3.025510549545288 
10.317965507507324, -9.579970359802246 
-2.8832852840423584, 2.518571615219116 
-7.4144768714904785, 6.693319797515869 
9.589365005493164, -8.948184967041016 
5.5482025146484375, -5.223954677581787 
-11.666186332702637, 10.49647331237793 
12.400191307067871, -11.543447494506836 
-0.48830631375312805, 0.3134790360927582 
-9.190731048583984, 8.294806480407715 
-10.055887222290039, 9.044233322143555 
7.7349982261657715, -7.2292160987854 
-9.777877807617188, 8.806746482849121 
8.750926971435547, -8.17597770690918 
9.219589233398438, -8.615721702575684 
-4.810385704040527, 4.222565174102783 
-5.623300075531006, 5.018795490264893 
-8.741887092590332, 7.855544567108154 
-9.937230110168457, 8.950047492980957 
-8.327613830566406, 7.484004974365234 
-10.33161449432373, 9.308058738708496 
-9.913658142089844, 8.944610595703125 
8.64243221282959, -8.043183326721191 
9.609081268310547, -8.991524696350098 
9.766685485839844, -9.08524227142334 
-11.127108573913574, 9.998251914978027 
9.560104370117188, -8.888325691223145 
-9.107351303100586, 8.204723358154297 
-8.563312530517578, 7.682577610015869 
8.469005584716797, -7.9276957511901855 
-6.003382205963135, 5.358303070068359 
10.062557220458984, -9.36119270324707 
-5.322835922241211, 4.740992069244385 
-7.65247917175293, 6.883527755737305 
8.94141674041748, -8.319798469543457 
-10.564521789550781, 9.523009300231934 
10.097883224487305, -9.401349067687988 
-10.712923049926758, 9.650351524353027 
-10.60330581665039, 9.564496994018555 
-10.618125915527344, 9.542349815368652 
9.248028755187988, -8.614851951599121 
9.627887725830078, -8.972098350524902 
11.250565528869629, -10.497434616088867 
11.727323532104492, -10.912487983703613 
-10.028226852416992, 9.007418632507324 
-6.636086940765381, 5.961325168609619 
-11.087764739990234, 9.963032722473145 
11.228626251220703, -10.507540702819824 
-8.885457992553711, 7.989172458648682 
8.765198707580566, -8.163612365722656 
-11.271806716918945, 10.14346694946289 
-10.373343467712402, 9.299616813659668 
-8.585583686828613, 7.722203731536865 
9.923972129821777, -9.258983612060547 
-9.153421401977539, 8.236762046813965 
-8.839941024780273, 7.964871883392334 
2.8759348392486572, -2.794795274734497 
8.483192443847656, -7.931218147277832 
-10.720869064331055, 9.643828392028809 
-11.728363037109375, 10.560175895690918 
-8.499833106994629, 7.625966548919678 
-10.40616226196289, 9.367435455322266 
-9.949942588806152, 8.934488296508789 
-10.471017837524414, 9.483236312866211 
-11.31020450592041, 10.185688018798828 
-6.0260009765625, 5.362002372741699 
-8.959388732910156, 8.070488929748535 
8.8853120803833, -8.34943675994873 
4.894351482391357, -4.617038249969482 
10.189095497131348, -9.514274597167969 
10.557808876037598, -9.894120216369629 
-1.641387939453125, 1.442120909690857 
9.950935363769531, -9.251538276672363 
6.9774556159973145, -6.544606685638428 
-5.928755760192871, 5.2724714279174805 
-9.180745124816895, 8.305731773376465 
-7.999837398529053, 7.178011894226074 
-10.871736526489258, 9.741393089294434 
11.821828842163086, -10.989484786987305 
-6.54473352432251, 5.888157367706299 
10.343029022216797, -9.635563850402832 
-5.948274612426758, 5.3007330894470215 
-8.02407455444336, 7.207066059112549 
-9.213443756103516, 8.257563591003418 
6.961135387420654, -6.538833141326904 
11.439983367919922, -10.645190238952637 
5.115839004516602, -4.862924098968506 
9.441991806030273, -8.771197319030762 
-9.994531631469727, 9.00009822845459 
-10.787606239318848, 9.724454879760742 
8.316862106323242, -7.791515350341797 
9.79098892211914, -9.178549766540527 
9.378829002380371, -8.745863914489746 
8.180910110473633, -7.646218776702881 
5.206639766693115, -4.884496212005615 
-6.546788215637207, 5.844842433929443 
-3.431845188140869, 2.9972758293151855 
-10.34589958190918, 9.326766014099121 
-9.690933227539062, 8.743691444396973 
9.61074447631836, -8.981749534606934 
-9.688400268554688, 8.712754249572754 
-8.672660827636719, 7.803821086883545 
-7.525091171264648, 6.7417521476745605 
7.821086883544922, -7.341598033905029 
7.130611896514893, -6.6395955085754395 
11.391733169555664, -10.639847755432129 
-4.877320289611816, 4.295992851257324 
10.614328384399414, -9.90294075012207 
9.045674324035645, -8.416365623474121 
0.3784307539463043, -0.40264058113098145 
2.953964948654175, -2.7789220809936523 
0.9193893671035767, -0.9463271498680115 
10.180560111999512, -9.495388984680176 
9.612656593322754, -8.95113468170166 
-5.298248767852783, 4.689830303192139 
10.633644104003906, -9.89736557006836 
9.799531936645508, -9.170161247253418 
-7.193222999572754, 6.451120853424072 
6.861719608306885, -6.455869197845459 
-7.805114269256592, 7.020218849182129 
-9.099931716918945, 8.174622535705566 
-5.115218639373779, 4.565436840057373 
-9.56234073638916, 8.598212242126465 
-9.69440746307373, 8.697192192077637 
-7.120066165924072, 6.346610069274902 
-8.042095184326172, 7.220524787902832 
-5.496139049530029, 4.950445652008057 
10.934752464294434, -10.173201560974121 
-9.347232818603516, 8.388264656066895 
4.9734883308410645, -4.681088924407959 
8.43306827545166, -7.849305629730225 
9.582898139953613, -8.921624183654785 
7.366119861602783, -6.899170398712158 
-7.335812091827393, 6.563894271850586 
-10.48288345336914, 9.424384117126465 
9.464496612548828, -8.818734169006348 
11.562129020690918, -10.789839744567871 
-11.418530464172363, 10.287681579589844 
-7.857583522796631, 7.022555828094482 
-6.392435550689697, 5.734124660491943 
-8.307404518127441, 7.454579830169678 
-7.302727699279785, 6.550769805908203 
-2.204176664352417, 1.916117548942566 
10.393159866333008, -9.72706127166748 
-9.192030906677246, 8.26147747039795 
10.806661605834961, -10.049210548400879 
-11.02311897277832, 9.920044898986816 
8.246757507324219, -7.685822010040283 
-11.023176193237305, 9.910859107971191 
10.370381355285645, -9.6581392288208 
9.215387344360352, -8.611798286437988 
-7.05859899520874, 6.312025547027588 
-9.905129432678223, 8.879302024841309 
10.456963539123535, -9.729426383972168 
-11.281959533691406, 10.170355796813965 
-11.217872619628906, 10.078269958496094 
-10.352506637573242, 9.29685115814209 
10.307783126831055, -9.615667343139648 
11.343252182006836, -10.577940940856934 
9.981950759887695, -9.3201904296875 
-10.014403343200684, 9.01134967803955 
1.2063416242599487, -1.2846869230270386 
-10.885595321655273, 9.783742904663086 
4.866649150848389, -4.5612406730651855 
11.477919578552246, -10.717577934265137 
-6.981602668762207, 6.217987537384033 
-7.518526554107666, 6.736258029937744 
-1.8570109605789185, 1.5619314908981323 
-4.408417224884033, 3.8658463954925537 
10.247976303100586, -9.519166946411133 
-8.788354873657227, 7.931877613067627 
9.515275001525879, -8.86605167388916 
-9.310689926147461, 8.400507926940918 
-10.141143798828125, 9.130602836608887 
-10.950132369995117, 9.877006530761719 
10.062333106994629, -9.442986488342285 
-8.455818176269531, 7.6204142570495605 
-10.67982292175293, 9.621941566467285 
3.210088014602661, -3.1631314754486084 
-7.122084140777588, 6.379116058349609 
-9.483541488647461, 8.540467262268066 
10.398653030395508, -9.673240661621094 
7.12081241607666, -6.633769512176514 
10.277688980102539, -9.590664863586426 
-9.219097137451172, 8.291991233825684 
-3.898096799850464, 3.4680163860321045 
2.804016590118408, -2.7058231830596924 
10.949102401733398, -10.218640327453613 
-11.198012351989746, 10.077847480773926 
-3.3822920322418213, 2.969590902328491 
9.029088020324707, -8.443212509155273 
4.532166481018066, -4.353094100952148 
10.044404983520508, -9.389738082885742 
9.045574188232422, -8.479347229003906 
-9.321104049682617, 8.381255149841309 
8.210399627685547, -7.685281753540039 
-9.707015991210938, 8.732043266296387 
11.154770851135254, -10.434168815612793 
-9.356705665588379, 8.395251274108887 
-4.654150485992432, 4.143679141998291 
11.739917755126953, -10.917878150939941 
-5.117305278778076, 4.595165729522705 
-7.458377838134766, 6.717164039611816 
-10.92597770690918, 9.838189125061035 
10.011289596557617, -9.335583686828613 
7.017415523529053, -6.56921911239624 
-7.533773422241211, 6.697296142578125 
9.822074890136719, -9.19621753692627 
9.55219554901123, -8.9175443649292 
11.588188171386719, -10.800259590148926 
10.575819969177246, -9.904524803161621 
2.0938785076141357, -2.0758044719696045 
8.128746032714844, -7.59527063369751 
-7.9364728927612305, 7.082190990447998 
9.554655075073242, -8.934182167053223 
9.653167724609375, -8.988190650939941 
-7.470369815826416, 6.710158348083496 
10.170211791992188, -9.488116264343262 
9.378562927246094, -8.791337966918945 
-10.324821472167969, 9.290249824523926 
-11.056861877441406, 9.955811500549316 
8.910375595092773, -8.293469429016113 
10.86816120147705, -10.106223106384277 
7.577030181884766, -7.065540790557861 
9.153454780578613, -8.522849082946777 
-9.614496231079102, 8.619989395141602 
9.565702438354492, -8.947110176086426 
-9.830697059631348, 8.864104270935059 
-4.465311527252197, 3.9081337451934814 
-7.573822975158691, 6.802887439727783 
7.517394542694092, -7.005778789520264 
-8.528803825378418, 7.668323993682861 
-8.929840087890625, 8.049367904663086 
-12.064107894897461, 10.871126174926758 
-10.491540908813477, 9.41955280303955 
2.411654233932495, -2.349891424179077 
-2.878093957901001, 2.53783917427063 
-10.215593338012695, 9.20014476776123 
7.02993631362915, -6.574305057525635 
-8.878423690795898, 7.977591037750244 
7.164910316467285, -6.6864142417907715 
10.821378707885742, -10.041265487670898 
8.661005020141602, -8.088139533996582 
-9.941601753234863, 8.92835807800293 
7.911542892456055, -7.361781597137451 
7.48174524307251, -7.027287006378174 
8.038178443908691, -7.517454624176025 
8.965601921081543, -8.365078926086426 
9.211492538452148, -8.576794624328613 
9.991373062133789, -9.314468383789062 
7.690968990325928, -7.213087558746338 
8.704654693603516, -8.120307922363281 
3.300499439239502, -3.1348865032196045 
-7.349792003631592, 6.581262588500977 
9.752861976623535, -9.103272438049316 
8.00659465789795, -7.438162326812744 
-9.89362907409668, 8.923383712768555 
-11.56401252746582, 10.40174388885498 
-8.898797988891602, 8.021183967590332 
-11.309146881103516, 10.183866500854492 
9.820880889892578, -9.154019355773926 
5.657176494598389, -5.296346187591553 
7.538665771484375, -7.0530195236206055 
-9.675714492797852, 8.703997611999512 
2.438178300857544, -2.364875316619873 
-3.859013080596924, 3.387270450592041 
7.513621807098389, -7.04002046585083 
-11.44210433959961, 10.29964828491211 
-11.10940933227539, 10.01482105255127 
-8.049604415893555, 7.220038890838623 
10.998296737670898, -10.267146110534668 
-10.64128589630127, 9.565136909484863 
0.8923614025115967, -0.936269223690033 
11.336647987365723, -10.562662124633789 
2.871351957321167, -2.7263731956481934 
-6.608617305755615, 5.938785076141357 
-4.800154209136963, 4.292916774749756 
-5.746731281280518, 5.1214118003845215 
8.134031295776367, -7.626107692718506 
8.656606674194336, -8.100850105285645 
9.728581428527832, -9.0576810836792 
10.309009552001953, -9.6024751663208 
9.102527618408203, -8.506112098693848 
-7.666702747344971, 6.896937847137451 
-10.994796752929688, 9.889784812927246 
6.517734050750732, -6.071568012237549 
-8.688602447509766, 7.76815938949585 
6.8545074462890625, -6.4534735679626465 
-7.750829219818115, 6.951506614685059 
9.85398006439209, -9.209457397460938 
10.092796325683594, -9.410260200500488 
7.095950603485107, -6.684450626373291 
-3.0712544918060303, 2.6779754161834717 
-8.846949577331543, 7.967979907989502 
9.843324661254883, -9.205930709838867 
8.073612213134766, -7.527565956115723 
-10.75932788848877, 9.7018461227417 
-5.850841999053955, 5.231692790985107 
2.3973796367645264, -2.330183744430542 
9.793529510498047, -9.096503257751465 
-8.327218055725098, 7.494297504425049 
10.190837860107422, -9.539451599121094 
-10.452579498291016, 9.404473304748535 
10.466262817382812, -9.712570190429688 
-11.475295066833496, 10.351114273071289 
-10.722412109375, 9.659568786621094 
-6.244859218597412, 5.5986104011535645 
3.9080183506011963, -3.7429616451263428 
9.094058990478516, -8.513538360595703 
-10.944649696350098, 9.820195198059082 
-9.282798767089844, 8.323780059814453 
9.873764991760254, -9.185260772705078 
-10.7288818359375, 9.659791946411133 
-7.434746265411377, 6.6587138175964355 
8.953680038452148, -8.344829559326172 
8.004931449890137, -7.462707996368408 
-11.117279052734375, 9.986711502075195 
-9.247971534729004, 8.321293830871582 
7.166064739227295, -6.692126750946045 
-11.771244049072266, 10.610032081604004 
9.462270736694336, -8.82544231414795 
-9.63985538482666, 8.658950805664062 
-11.189513206481934, 10.081426620483398 
-4.653196334838867, 4.147462844848633 
9.093819618225098, -8.541269302368164 
-6.497035980224609, 5.78986120223999 
7.753249645233154, -7.29153299331665 
-10.8997220993042, 9.810900688171387 
4.699213027954102, -4.503164768218994 
11.670890808105469, -10.889449119567871 
-10.831215858459473, 9.741991996765137 
8.35531234741211, -7.821286678314209 
8.551216125488281, -7.97800350189209 
10.761810302734375, -10.017716407775879 
8.43980884552002, -7.900851249694824 
-8.977378845214844, 8.084573745727539 
-1.9544583559036255, 1.6291865110397339 
-9.561792373657227, 8.591141700744629 
-5.704073905944824, 5.075173854827881 
8.654430389404297, -8.051562309265137 
4.21233606338501, -3.981531858444214 
-10.951040267944336, 9.862058639526367 
-8.869039535522461, 7.977454662322998 
8.425470352172852, -7.855596542358398 
11.175105094909668, -10.40253734588623 
11.66092586517334, -10.876998901367188 
5.833085060119629, -5.467696666717529 
-11.3546781539917, 10.2305269241333 
7.0700201988220215, -6.602253437042236 
9.777902603149414, -9.103625297546387 
-11.207627296447754, 10.109798431396484 
-10.710271835327148, 9.617148399353027 
9.527166366577148, -8.908059120178223 
1.99150812625885, -1.9715790748596191 
-11.629886627197266, 10.491164207458496 
2.2960612773895264, -2.215266227722168 
-11.648557662963867, 10.4811429977417 
11.211019515991211, -10.427800178527832 
8.19207763671875, -7.689350605010986 
11.706056594848633, -10.917753219604492 
10.952094078063965, -10.201224327087402 
8.011404037475586, -7.507922649383545 
-5.161482334136963, 4.590583324432373 
-11.944934844970703, 10.759754180908203 
-7.409949779510498, 6.632626056671143 
-8.770883560180664, 7.869833469390869 
-7.959939479827881, 7.138478755950928 
10.930290222167969, -10.15955924987793 
11.400156021118164, -10.595893859863281 
4.867923259735107, -4.598816394805908 
7.009022235870361, -6.5670599937438965 
-11.060142517089844, 9.959768295288086 
1.5780030488967896, -1.56936776638031 
10.11979866027832, -9.48198127746582 
10.68382453918457, -9.974504470825195 
10.112184524536133, -9.427183151245117 
-11.16006088256836, 10.038973808288574 
11.653541564941406, -10.82962417602539 
-7.572287082672119, 6.781176567077637 
9.781944274902344, -9.10431957244873 
-3.854524850845337, 3.447608470916748 
9.400276184082031, -8.73376750946045 
5.147621154785156, -4.849466800689697 
10.058147430419922, -9.424412727355957 
6.043906211853027, -5.626486301422119 
-7.905072212219238, 7.042242527008057 
-9.993776321411133, 8.985025405883789 
9.769556999206543, -9.102849006652832 
-11.193901062011719, 10.068840980529785 
-9.101919174194336, 8.212180137634277 
-9.927875518798828, 8.946314811706543 
-9.744270324707031, 8.760958671569824 
8.865767478942871, -8.265130043029785 
-8.965611457824707, 8.04530143737793 
-10.475855827331543, 9.43616008758545 
-6.3747029304504395, 5.681782245635986 
6.802478313446045, -6.393368244171143 
-9.159364700317383, 8.219977378845215 
6.144093990325928, -5.775155544281006 
-9.358382225036621, 8.419524192810059 
9.42929458618164, -8.805644989013672 
-10.50275707244873, 9.457378387451172 
-9.181344985961914, 8.228668212890625 
-8.054340362548828, 7.211531162261963 
10.69677448272705, -9.94591236114502 
10.94513988494873, -10.19166088104248 
-11.396244049072266, 10.246050834655762 
-0.23075568675994873, 0.09016153961420059 
-2.4189865589141846, 2.0768351554870605 
-7.520496845245361, 6.7329792976379395 
10.84615707397461, -10.120999336242676 
9.320241928100586, -8.675745964050293 
-1.8259474039077759, 1.5278834104537964 
-11.231678009033203, 10.086777687072754 
-9.034725189208984, 8.111979484558105 
8.79582405090332, -8.20805549621582 
9.897567749023438, -9.215853691101074 
5.01243257522583, -4.667647361755371 
-7.240890979766846, 6.4959235191345215 
10.14437484741211, -9.450745582580566 
-2.317286491394043, 1.998778223991394 
8.092509269714355, -7.536229610443115 
-4.323219299316406, 3.7938692569732666 
-9.697973251342773, 8.721489906311035 
-0.45769527554512024, 0.2867316007614136 
0.38737812638282776, -0.5055045485496521 
3.289687395095825, -3.1937475204467773 
7.890273094177246, -7.4293293952941895 
-6.5788493156433105, 5.891844272613525 
4.0833964347839355, -3.9160637855529785 
0.2660951614379883, -0.3776407241821289 
-6.085899829864502, 5.38193941116333 
-9.67154312133789, 8.707866668701172 
5.099748134613037, -4.824771404266357 
10.599721908569336, -9.892492294311523 
10.128578186035156, -9.447857856750488 
4.6284379959106445, -4.368673801422119 
11.333128929138184, -10.565278053283691 
10.272184371948242, -9.570643424987793 
-10.971216201782227, 9.8626127243042 
-9.802347183227539, 8.819674491882324 
9.957468032836914, -9.281088829040527 
-5.483188629150391, 4.866769790649414 
7.511462688446045, -7.055691242218018 
7.388451099395752, -6.939599514007568 
-9.037811279296875, 8.145002365112305 
9.136930465698242, -8.493575096130371 
-11.393853187561035, 10.262801170349121 
9.711816787719727, -9.0542631149292 
-3.760601758956909, 3.306262969970703 
-4.7379326820373535, 4.231544494628906 
10.22596549987793, -9.500371932983398 
7.645658493041992, -7.160131931304932 
-10.556602478027344, 9.477359771728516 
8.667882919311523, -8.063915252685547 
-10.369257926940918, 9.35804271697998 
-9.345928192138672, 8.387213706970215 
9.327442169189453, -8.76064395904541 
2.214254140853882, -2.2107346057891846 
-8.143672943115234, 7.315134525299072 
-11.146234512329102, 10.03419303894043 
-3.0152013301849365, 2.5725271701812744 
10.199058532714844, -9.545940399169922 
10.770143508911133, -10.049260139465332 
-6.717939853668213, 6.0161662101745605 
-5.423577308654785, 4.815150737762451 
8.306793212890625, -7.758286952972412 
-1.014913558959961, 0.7614192366600037 
-8.6192626953125, 7.719836711883545 
8.642736434936523, -8.071768760681152 
10.6282377243042, -9.895304679870605 
8.952463150024414, -8.350634574890137 
-10.450479507446289, 9.428221702575684 
9.313872337341309, -8.698586463928223 
-3.606257200241089, 3.1617953777313232 
-11.251626014709473, 10.121851921081543 
4.3076934814453125, -4.081653118133545 
-8.16716194152832, 7.370063781738281 
-4.908079624176025, 4.374167442321777 
-4.223937511444092, 3.7268192768096924 
10.278341293334961, -9.604454040527344 
8.235151290893555, -7.7205491065979 
-10.859891891479492, 9.79326343536377 
-9.252544403076172, 8.345699310302734 
-11.19657039642334, 10.083230018615723 
10.733972549438477, -10.005727767944336 
-0.260464608669281, 0.11683879047632217 
-10.326264381408691, 9.297253608703613 
9.04578971862793, -8.433028221130371 
-10.116649627685547, 9.07017993927002 
8.890416145324707, -8.318196296691895 
10.728511810302734, -9.965535163879395 
4.058536052703857, -3.847292184829712 
-8.706439971923828, 7.832481384277344 
9.308250427246094, -8.646393775939941 
-9.989082336425781, 8.998956680297852 
1.1117209196090698, -1.187350869178772 
-2.2019283771514893, 1.8926020860671997 
-11.41209602355957, 10.273544311523438 
9.022143363952637, -8.41398811340332 
-6.91542387008667, 6.1627278327941895 
-11.518692970275879, 10.373191833496094 
-11.091784477233887, 9.983447074890137 
-7.0842814445495605, 6.373419284820557 
10.829362869262695, -10.100525856018066 
10.286392211914062, -9.574936866760254 
7.343774318695068, -6.851670742034912 
4.955281734466553, -4.73832368850708 
-0.101012222468853, -0.06741523742675781 
-10.568191528320312, 9.505990028381348 
-9.918073654174805, 8.934901237487793 
6.850095272064209, -6.416774749755859 
-10.06480598449707, 9.065628051757812 
-9.58910846710205, 8.62770938873291 
-1.400040626525879, 1.1398037672042847 
9.786393165588379, -9.134690284729004 
9.051139831542969, -8.443839073181152 
-7.809935092926025, 6.987476348876953 
3.3598597049713135, -3.2211802005767822 
10.480932235717773, -9.752185821533203 
9.1356782913208, -8.517590522766113 
7.992410182952881, -7.445204257965088 
-10.689838409423828, 9.609002113342285 
-11.48531723022461, 10.347002983093262 
-10.410900115966797, 9.377176284790039 
-10.585789680480957, 9.520781517028809 
-4.083383560180664, 3.6153013706207275 
-9.208337783813477, 8.291730880737305 
-9.722323417663574, 8.76038646697998 
-10.22793197631836, 9.210165023803711 
-4.8572821617126465, 4.287120819091797 
3.473208427429199, -3.3157005310058594 
-10.509010314941406, 9.45957088470459 
9.283488273620605, -8.69783878326416 
11.144155502319336, -10.356962203979492 
5.882259845733643, -5.5468268394470215 
-8.021393775939941, 7.220524787902832 
-8.723857879638672, 7.846081256866455 
9.740255355834961, -9.078665733337402 
6.6729302406311035, -6.220600128173828 
-9.716439247131348, 8.725387573242188 
0.13311302661895752, -0.2586519122123718 
10.599172592163086, -9.875009536743164 
3.940728187561035, -3.7568318843841553 
6.8863325119018555, -6.430230140686035 
11.675960540771484, -10.874127388000488 
7.553639888763428, -7.071308135986328 
11.011579513549805, -10.257278442382812 
10.860310554504395, -10.103043556213379 
11.96265983581543, -11.156577110290527 
-10.483383178710938, 9.433927536010742 
9.698602676391602, -9.07812786102295 
-6.441925048828125, 5.726500988006592 
8.840021133422852, -8.286101341247559 
-10.830747604370117, 9.754103660583496 
-9.403635025024414, 8.434220314025879 
-9.60256576538086, 8.655332565307617 
-9.54875373840332, 8.583724975585938 
10.300655364990234, -9.62413501739502 
-10.518178939819336, 9.459697723388672 
8.458587646484375, -7.882567405700684 
-9.687745094299316, 8.695967674255371 
10.251946449279785, -9.574410438537598 
-8.485610961914062, 7.634711742401123 
-10.36507511138916, 9.32402229309082 
10.586312294006348, -9.862322807312012 
10.051616668701172, -9.39795207977295 
2.6479902267456055, -2.509519577026367 
7.848602771759033, -7.36875581741333 
7.706751823425293, -7.213395595550537 
-3.3488333225250244, 2.9122374057769775 
8.672118186950684, -8.087729454040527 
-10.823851585388184, 9.720483779907227 
0.14286485314369202, -0.30491402745246887 
11.260627746582031, -10.534701347351074 
-8.676198959350586, 7.802688121795654 
11.730680465698242, -10.923123359680176 
-7.868764400482178, 7.00100040435791 
-11.689871788024902, 10.529306411743164 
-7.074460983276367, 6.355631351470947 
-4.412006855010986, 3.932020902633667 
9.339524269104004, -8.697321891784668 
5.510307312011719, -5.195637226104736 
-9.507425308227539, 8.540450096130371 
-11.108884811401367, 9.992833137512207 
6.424090385437012, -6.014289379119873 
10.16069221496582, -9.499578475952148 
8.291068077087402, -7.745419502258301 
9.087532043457031, -8.494427680969238 
-4.228397369384766, 3.7178475856781006 
7.815444469451904, -7.3346381187438965 
9.994836807250977, -9.368786811828613 
10.488815307617188, -9.791716575622559 
-10.782617568969727, 9.704310417175293 
-9.808557510375977, 8.802838325500488 
11.291110038757324, -10.522612571716309 
11.909767150878906, -11.10974407196045 
-10.382171630859375, 9.337952613830566 
7.912985801696777, -7.416642665863037 
0.6309934854507446, -0.7115194201469421 
12.591707229614258, -11.690264701843262 
-10.393631935119629, 9.340627670288086 
10.586097717285156, -9.879693984985352 
10.070158004760742, -9.408942222595215 
-10.815845489501953, 9.730934143066406 
-10.090147018432617, 9.105402946472168 
-6.290412425994873, 5.585447311401367 
4.618542194366455, -4.3391852378845215 
10.293017387390137, -9.581666946411133 
-5.450483798980713, 4.862025737762451 
9.694513320922852, -9.035655975341797 
-10.831636428833008, 9.767106056213379 
7.749056816101074, -7.208411693572998 
-10.626815795898438, 9.569758415222168 
-5.745080471038818, 5.114954471588135 
-10.520890235900879, 9.486119270324707 
6.36877965927124, -5.988972187042236 
-2.9845850467681885, 2.58624267578125 
11.164064407348633, -10.456988334655762 
10.090471267700195, -9.421795845031738 
-4.9301629066467285, 4.398016452789307 
10.194061279296875, -9.515852928161621 
10.13132095336914, -9.495146751403809 
7.039511203765869, -6.606236934661865 
11.105060577392578, -10.343682289123535 
-10.346595764160156, 9.332314491271973 
-11.375028610229492, 10.217881202697754 
-3.8362605571746826, 3.3447089195251465 
-10.19118881225586, 9.157588958740234 
-8.730393409729004, 7.80165958404541 
-10.866641998291016, 9.793496131896973 
7.498659610748291, -7.029910564422607 
1.9324439764022827, -1.8724868297576904 
-9.061385154724121, 8.147067070007324 
9.87984561920166, -9.19666862487793 
-11.663825988769531, 10.502106666564941 
-11.507408142089844, 10.352554321289062 
-9.501286506652832, 8.521185874938965 
-4.467471599578857, 3.9964325428009033 
6.642913818359375, -6.1821208000183105 
9.65003776550293, -9.05074405670166 
10.150716781616211, -9.484564781188965 
11.925749778747559, -11.05150318145752 
10.110703468322754, -9.464517593383789 
-10.974039077758789, 9.869193077087402 
7.24259614944458, -6.822109699249268 
-7.651888847351074, 6.8743414878845215 
9.040237426757812, -8.459269523620605 
9.426013946533203, -8.798991203308105 
-5.296945571899414, 4.75484037399292 
-6.739871978759766, 6.070176601409912 
9.941507339477539, -9.257634162902832 
9.84203052520752, -9.163922309875488 
8.445359230041504, -7.884702205657959 
-10.495953559875488, 9.438924789428711 
-7.426551342010498, 6.665842533111572 
8.699169158935547, -8.189449310302734 
-7.936835289001465, 7.085953235626221 
6.782586097717285, -6.372661590576172 
9.551070213317871, -8.895380973815918 
-10.517817497253418, 9.449673652648926 
8.172131538391113, -7.644179821014404 
-7.760331153869629, 6.939236640930176 
9.302226066589355, -8.682692527770996 
8.147835731506348, -7.649032115936279 
-11.327699661254883, 10.203476905822754 
11.060200691223145, -10.261569023132324 
11.037542343139648, -10.284924507141113 
0.10440349578857422, -0.19366726279258728 
-9.253910064697266, 8.333000183105469 
-10.359125137329102, 9.319413185119629 
9.626205444335938, -8.95307445526123 
-10.246140480041504, 9.218953132629395 
2.400736093521118, -2.2993175983428955 
7.986999034881592, -7.4354987144470215 
-8.843186378479004, 7.939611911773682 
10.494878768920898, -9.788762092590332 
9.86484146118164, -9.200295448303223 
11.034282684326172, -10.287877082824707 
-9.450542449951172, 8.484818458557129 
-11.048601150512695, 9.937392234802246 
11.495094299316406, -10.701534271240234 
-11.091388702392578, 9.988429069519043 
9.841964721679688, -9.16420841217041 
10.545738220214844, -9.834809303283691 
9.709174156188965, -9.056618690490723 
9.385068893432617, -8.77905559539795 
9.318998336791992, -8.68282413482666 
-9.129363059997559, 8.226191520690918 
10.971725463867188, -10.196755409240723 
-11.244820594787598, 10.110055923461914 
10.116626739501953, -9.405055046081543 
-5.480220317840576, 4.851825714111328 
-8.883099555969238, 7.976590633392334 
-10.69070816040039, 9.637776374816895 
9.959173202514648, -9.304217338562012 
-10.282167434692383, 9.25456428527832 
9.099183082580566, -8.525650024414062 
1.7958588600158691, -1.8261213302612305 
9.941328048706055, -9.280643463134766 
-10.08193588256836, 9.072409629821777 
11.7786865234375, -10.988760948181152 
8.793703079223633, -8.225964546203613 
-10.416452407836914, 9.400988578796387 
-10.15384292602539, 9.146769523620605 
-9.051512718200684, 8.154162406921387 
-8.537986755371094, 7.696540832519531 
-3.2811577320098877, 2.8619225025177 
-6.430119037628174, 5.756707668304443 
-11.662586212158203, 10.48389720916748 
-4.433844089508057, 3.901355028152466 
-3.3417551517486572, 2.8755099773406982 
9.577219009399414, -8.916248321533203 
9.782479286193848, -9.128174781799316 
8.623249053955078, -8.058573722839355 
-8.028799057006836, 7.19835090637207 
10.526334762573242, -9.855294227600098 
-11.28161334991455, 10.177868843078613 
-10.643640518188477, 9.551334381103516 
3.265989303588867, -3.1127443313598633 
10.562973022460938, -9.835318565368652 
-9.490911483764648, 8.539010047912598 
-10.254073143005371, 9.246272087097168 
4.7215166091918945, -4.412068843841553 
11.8427734375, -11.010721206665039 
10.609073638916016, -9.900896072387695 
9.327069282531738, -8.693114280700684 
-7.970403671264648, 7.137220859527588 
8.841440200805664, -8.205259323120117 
-11.64534854888916, 10.469161033630371 
11.883259773254395, -11.060145378112793 
-10.46898078918457, 9.434596061706543 
9.755779266357422, -9.118034362792969 
8.565961837768555, -7.987156391143799 
8.101911544799805, -7.649683952331543 
-7.742201328277588, 6.963998317718506 
12.31955623626709, -11.476673126220703 
-8.487496376037598, 7.583414077758789 
10.952367782592773, -10.226821899414062 
7.448051452636719, -6.965270519256592 
11.128250122070312, -10.359343528747559 
-8.867118835449219, 7.9861063957214355 
-9.02482795715332, 8.10069751739502 
-9.683670043945312, 8.687043190002441 
-10.620895385742188, 9.566615104675293 
10.315025329589844, -9.61363697052002 
9.504124641418457, -8.85703182220459 
-10.01540470123291, 9.053119659423828 
-9.63758659362793, 8.68383502960205 
9.26785945892334, -8.65064525604248 
-11.404131889343262, 10.265229225158691 
-9.284553527832031, 8.30898666381836 
3.4331576824188232, -3.27469539642334 
-10.883073806762695, 9.788191795349121 
-8.367247581481934, 7.518014907836914 
-7.94378137588501, 7.146552562713623 
6.664985656738281, -6.247170925140381 
-11.422904968261719, 10.295540809631348 
-0.6224720478057861, 0.45537251234054565 
6.511368751525879, -6.071715831756592 
-8.75632095336914, 7.856797695159912 
7.654478073120117, -7.167054653167725 
1.1834112405776978, -1.2327021360397339 
10.153078079223633, -9.477057456970215 
-11.451473236083984, 10.312145233154297 
10.571045875549316, -9.837861061096191 
9.100994110107422, -8.474228858947754 
-10.694787979125977, 9.627264022827148 
-9.878023147583008, 8.918651580810547 
-6.415092945098877, 5.739976406097412 
-8.60071086883545, 7.711379051208496 
10.670024871826172, -9.931187629699707 
-0.09247180819511414, -0.12491931021213531 
-6.452059268951416, 5.728890419006348 
11.457677841186523, -10.624629020690918 
-10.533066749572754, 9.50514030456543 
-9.342683792114258, 8.416139602661133 
-4.6625752449035645, 4.122617244720459 
-3.6079232692718506, 3.1989169120788574 
8.641425132751465, -8.068116188049316 
-0.6301467418670654, 0.43606650829315186 
11.291950225830078, -10.537318229675293 
-11.576638221740723, 10.413193702697754 
10.036972045898438, -9.362958908081055 
2.1810786724090576, -2.0862159729003906 
-4.68619966506958, 4.168991565704346 
8.44595718383789, -7.856321334838867 
-11.0238037109375, 9.932246208190918 
-10.281442642211914, 9.247177124023438 
-7.970738887786865, 7.144176959991455 
-11.106712341308594, 10.004912376403809 
9.711225509643555, -9.06135082244873 
-11.517812728881836, 10.374354362487793 
11.130881309509277, -10.346659660339355 
8.476144790649414, -7.924434185028076 
-7.163989543914795, 6.401970386505127 
9.102668762207031, -8.554632186889648 
-11.264423370361328, 10.148982048034668 
-9.838493347167969, 8.835668563842773 
10.125782012939453, -9.447149276733398 
-9.364097595214844, 8.404064178466797 
8.796405792236328, -8.240656852722168 
-6.205066204071045, 5.527702808380127 
-10.300348281860352, 9.230961799621582 
-8.595891952514648, 7.675747394561768 
-9.19442367553711, 8.261313438415527 
-8.400644302368164, 7.569920539855957 
9.758017539978027, -9.112907409667969 
3.3425235748291016, -3.1799497604370117 
-9.605928421020508, 8.65188980102539 
-10.475343704223633, 9.428802490234375 
-10.246591567993164, 9.225829124450684 
-10.43586540222168, 9.391827583312988 
-10.030766487121582, 9.007611274719238 
-11.780962944030762, 10.60796070098877 
-8.005650520324707, 7.181764602661133 
9.478132247924805, -8.84439754486084 
-11.514537811279297, 10.365331649780273 
9.091415405273438, -8.484883308410645 
8.768089294433594, -8.177443504333496 
-3.512361764907837, 3.025312662124634 
-8.978067398071289, 8.074702262878418 
-9.97891902923584, 8.949883460998535 
-0.07718408107757568, -0.013967104256153107 
5.726174831390381, -5.351658344268799 
-8.228418350219727, 7.372044086456299 
-11.355213165283203, 10.21690559387207 
12.232980728149414, -11.360299110412598 
-6.872140407562256, 6.146430492401123 
-9.36595630645752, 8.432180404663086 
-6.230808258056641, 5.565280914306641 
8.551441192626953, -7.99186897277832 
-9.3240966796875, 8.418268203735352 
6.899095058441162, -6.455996513366699 
-11.694137573242188, 10.510394096374512 
-8.014385223388672, 7.205117702484131 
10.296993255615234, -9.553439140319824 
12.019027709960938, -11.182713508605957 
7.937901973724365, -7.427735328674316 
7.9202070236206055, -7.39763069152832 
8.548013687133789, -7.977288722991943 
-9.467700958251953, 8.511255264282227 
11.129562377929688, -10.355061531066895 
10.3466215133667, -9.669636726379395 
-11.529134750366211, 10.362309455871582 
-10.61904525756836, 9.542712211608887 
-10.33003044128418, 9.312592506408691 
0.3950482904911041, -0.46872788667678833 
9.177616119384766, -8.555542945861816 
-11.061344146728516, 9.961827278137207 
9.892644882202148, -9.22671890258789 
-7.571897983551025, 6.790815830230713 
8.344213485717773, -7.795639514923096 
-2.7523539066314697, 2.3770973682403564 
-9.973206520080566, 8.988072395324707 
-7.324599742889404, 6.548635005950928 
-2.274149179458618, 1.9729050397872925 
10.506500244140625, -9.800494194030762 
10.796491622924805, -10.06544303894043 
9.774116516113281, -9.139225959777832 
10.315834045410156, -9.609026908874512 
-10.653144836425781, 9.578076362609863 
-4.56795072555542, 4.008262634277344 
-11.674213409423828, 10.521101951599121 
-11.287955284118652, 10.148118019104004 
9.728941917419434, -9.125109672546387 
10.820165634155273, -10.04906940460205 
9.857322692871094, -9.19925594329834 
9.627185821533203, -8.979140281677246 
-11.512250900268555, 10.374457359313965 
5.886271953582764, -5.52795934677124 
11.208590507507324, -10.444233894348145 
-9.672618865966797, 8.682822227478027 
11.796187400817871, -10.99259090423584 
-9.57606315612793, 8.648191452026367 
-7.292047023773193, 6.552938938140869 
8.371847152709961, -7.794865608215332 
7.513579845428467, -7.014416217803955 
9.769243240356445, -9.105588912963867 
10.086986541748047, -9.375213623046875 
-10.321599960327148, 9.295697212219238 
-11.211231231689453, 10.098443031311035 
8.703754425048828, -8.155293464660645 
-6.4482645988464355, 5.782982349395752 
9.660924911499023, -9.020421028137207 
-9.790372848510742, 8.7914457321167 
11.728759765625, -10.956660270690918 
-8.669670104980469, 7.782584190368652 
8.472712516784668, -7.886922836303711 
-10.730186462402344, 9.674394607543945 
9.282220840454102, -8.679957389831543 
4.219466686248779, -4.008839130401611 
2.153456449508667, -2.0748414993286133 
-10.178995132446289, 9.154141426086426 
-10.845962524414062, 9.779494285583496 
10.519876480102539, -9.768220901489258 
-5.624842166900635, 5.005953311920166 
2.204730749130249, -2.185426950454712 
11.701889991760254, -10.900649070739746 
1.0014324188232422, -1.015201210975647 
-9.21267318725586, 8.297794342041016 
-8.354621887207031, 7.4657883644104 
-10.776947021484375, 9.666081428527832 
-8.385509490966797, 7.520342826843262 
-11.3383207321167, 10.219645500183105 
9.68146800994873, -9.023371696472168 
10.656332015991211, -9.946412086486816 
8.373554229736328, -7.813930511474609 
-1.8296617269515991, 1.5568610429763794 
9.448917388916016, -8.823796272277832 
-8.241241455078125, 7.358653545379639 
-10.604053497314453, 9.548724174499512 
-7.399575710296631, 6.641763687133789 
-11.249152183532715, 10.123250007629395 
-0.991971492767334, 0.8020564317703247 
9.725053787231445, -9.0387601852417 
0.5628607273101807, -0.605746865272522 
9.662290573120117, -9.001459121704102 
10.2716064453125, -9.604013442993164 
-10.849836349487305, 9.752251625061035 
9.827130317687988, -9.209795951843262 
3.6258621215820312, -3.454601526260376 
8.463224411010742, -7.939284801483154 
-9.896483421325684, 8.897818565368652 
-10.694215774536133, 9.622364044189453 
-10.719120979309082, 9.655156135559082 
-7.2145256996154785, 6.481957912445068 
9.919534683227539, -9.220263481140137 
7.787753582000732, -7.329097747802734 
-10.536008834838867, 9.488585472106934 
7.324635982513428, -6.848684787750244 
-11.721203804016113, 10.546567916870117 
8.297477722167969, -7.775689601898193 
-10.599416732788086, 9.544890403747559 
5.480906009674072, -5.1840291023254395 
-6.462812423706055, 5.773516654968262 
-9.822453498840332, 8.825451850891113 
10.051740646362305, -9.348601341247559 
7.585692405700684, -7.127371311187744 
-9.402291297912598, 8.452055931091309 
9.432901382446289, -8.866911888122559 
8.980156898498535, -8.385409355163574 
2.1172287464141846, -2.0455074310302734 
-10.674657821655273, 9.607394218444824 
9.52759838104248, -8.886357307434082 
-6.194761753082275, 5.506934642791748 
9.541966438293457, -8.889769554138184 
7.689101219177246, -7.203448295593262 
8.981505393981934, -8.404403686523438 
8.838692665100098, -8.268406867980957 
10.704297065734863, -9.963347434997559 
9.96546459197998, -9.341288566589355 
11.194397926330566, -10.453953742980957 
-2.745725631713867, 2.2986366748809814 
-10.791770935058594, 9.727328300476074 
9.184863090515137, -8.5739164352417 
-6.432096004486084, 5.762248992919922 
-5.0086894035339355, 4.489429473876953 
6.924777507781982, -6.461965084075928 
8.312801361083984, -7.76091194152832 
-9.075610160827637, 8.198798179626465 
5.220310688018799, -4.956614971160889 
-10.056957244873047, 9.04443359375 
-9.323822021484375, 8.374906539916992 
-8.230179786682129, 7.353948593139648 
-9.386152267456055, 8.439138412475586 
9.849958419799805, -9.198763847351074 
-7.841670989990234, 7.040693283081055 
-7.3367791175842285, 6.607472896575928 
-10.287235260009766, 9.27087116241455 
-6.723474025726318, 6.03403902053833 
0.9840933084487915, -1.0146334171295166 
-9.423181533813477, 8.47101879119873 
10.93474006652832, -10.232512474060059 
10.620765686035156, -9.904571533203125 
7.279316425323486, -6.824066638946533 
6.703699588775635, -6.311620712280273 
-3.305675745010376, 2.896135091781616 
-7.255928039550781, 6.504263401031494 
1.879468321800232, -1.8789023160934448 
-6.185627460479736, 5.506567001342773 
-9.280387878417969, 8.330389976501465 
-7.520373821258545, 6.68514347076416 
-5.18154764175415, 4.609213829040527 
5.107872486114502, -4.831965446472168 
-8.984624862670898, 8.075724601745605 
10.627931594848633, -9.891763687133789 
-1.384485125541687, 1.1572898626327515 
11.757047653198242, -10.93179988861084 
-8.929197311401367, 8.035639762878418 
7.652837753295898, -7.093090534210205 
-9.497678756713867, 8.543865203857422 
-8.692353248596191, 7.795010089874268 
-9.432158470153809, 8.471050262451172 
8.89883804321289, -8.303343772888184 
8.326482772827148, -7.761203289031982 
4.592799663543701, -4.348355770111084 
10.73192024230957, -9.980462074279785 
-10.667501449584961, 9.61319637298584 
-8.245275497436523, 7.449029445648193 
9.016611099243164, -8.41957950592041 
-10.231435775756836, 9.197772026062012 
-3.0657291412353516, 2.6371686458587646 
9.601908683776855, -8.939845085144043 
-11.122852325439453, 9.994000434875488 
-4.5979766845703125, 4.061548709869385 
-8.894754409790039, 8.009140968322754 
12.265674591064453, -11.379485130310059 
6.972843170166016, -6.514747142791748 
-11.04891586303711, 9.918962478637695 
2.690018892288208, -2.6609742641448975 
-5.204929828643799, 4.6363911628723145 
-9.740340232849121, 8.728912353515625 
5.697326183319092, -5.400609493255615 
3.0826213359832764, -2.98818039894104 
8.689332962036133, -8.118012428283691 
9.686772346496582, -9.038829803466797 
-5.3955206871032715, 4.793668270111084 
6.637969970703125, -6.251145362854004 
-10.373947143554688, 9.309184074401855 
-5.9449543952941895, 5.3393778800964355 
-9.90526008605957, 8.927014350891113 
10.70683479309082, -9.975850105285645 
9.997081756591797, -9.296971321105957 
-5.561203956604004, 4.969298362731934 
-4.797860622406006, 4.261905193328857 
6.085506916046143, -5.772924423217773 
-7.635076999664307, 6.888407230377197 
11.21664047241211, -10.480293273925781 
-0.05093195289373398, -0.09958890080451965 
10.367372512817383, -9.66600513458252 
12.140434265136719, -11.299529075622559 
-11.37913990020752, 10.261336326599121 
5.483683109283447, -5.1544671058654785 
-4.355666637420654, 3.864018678665161 
-9.965103149414062, 8.970043182373047 
-10.2479248046875, 9.233306884765625 
-6.132382869720459, 5.476280689239502 
10.82474422454834, -10.078686714172363 
-3.86773681640625, 3.3674089908599854 
9.834545135498047, -9.146566390991211 
5.094781398773193, -4.802896022796631 
-10.697646141052246, 9.625785827636719 
-11.533227920532227, 10.385664939880371 
4.240594387054443, -3.969756603240967 
-10.599130630493164, 9.54471206665039 
-6.323421955108643, 5.692532539367676 
-3.246229410171509, 2.854111433029175 
7.456935405731201, -6.999023914337158 
-8.51382064819336, 7.679793834686279 
10.278848648071289, -9.565373420715332 
3.6588621139526367, -3.4673378467559814 
-11.2508544921875, 10.134875297546387 
-8.007974624633789, 7.200867176055908 
-10.451866149902344, 9.39814281463623 
10.549080848693848, -9.858290672302246 
-6.064272403717041, 5.438319206237793 
-9.124032974243164, 8.21023941040039 
7.355647087097168, -6.922887325286865 
-4.507152080535889, 3.9919650554656982 
-9.849594116210938, 8.872684478759766 
1.3990020751953125, -1.410744309425354 
5.710378170013428, -5.412588596343994 
-0.440875381231308, 0.2942185401916504 
9.257723808288574, -8.631478309631348 
5.378636360168457, -5.082769393920898 
-10.950897216796875, 9.850793838500977 
9.855937957763672, -9.204612731933594 
10.086841583251953, -9.403050422668457 
0.06608223915100098, -0.1725892722606659 
12.201629638671875, -11.340243339538574 
7.971283435821533, -7.460951328277588 
8.935739517211914, -8.365094184875488 
9.197264671325684, -8.601890563964844 
-5.017184734344482, 4.464747905731201 
-8.083846092224121, 7.249754428863525 
10.24349594116211, -9.56888198852539 
-9.493300437927246, 8.518584251403809 
-4.119741916656494, 3.668104887008667 
-10.962562561035156, 9.877701759338379 
-10.365544319152832, 9.321305274963379 
-8.252480506896973, 7.388487815856934 
10.14495849609375, -9.507774353027344 
-8.151126861572266, 7.300327777862549 
-4.267335414886475, 3.80545711517334 
9.71809196472168, -9.08698558807373 
-10.728720664978027, 9.663722038269043 
-10.526628494262695, 9.481337547302246 
6.67194128036499, -6.241474628448486 
-11.381683349609375, 10.233108520507812 
9.579803466796875, -8.971774101257324 
9.641300201416016, -9.00294303894043 
9.67742919921875, -9.046076774597168 
-10.555736541748047, 9.503554344177246 
-11.380389213562012, 10.241581916809082 
9.836614608764648, -9.16369342803955 
-6.993371486663818, 6.2373046875 
-11.3217134475708, 10.188297271728516 
-7.485003471374512, 6.671311378479004 
-7.524608135223389, 6.766910552978516 
-9.118696212768555, 8.2269287109375 
0.8639875650405884, -0.9485365748405457 
9.49227523803711, -8.89863395690918 
2.3791615962982178, -2.4034805297851562 
7.415956974029541, -6.90784215927124 
3.748101234436035, -3.5743441581726074 
-8.42603874206543, 7.575465679168701 
9.342296600341797, -8.75394344329834 
-11.637800216674805, 10.479992866516113 
9.876182556152344, -9.222916603088379 
-7.0896687507629395, 6.310471057891846 
-9.751769065856934, 8.7725191116333 
-5.691829204559326, 5.120208740234375 
11.21469497680664, -10.438616752624512 
10.267383575439453, -9.591046333312988 
9.631074905395508, -9.019519805908203 
1.3897813558578491, -1.4009392261505127 
2.305893898010254, -2.2370686531066895 
-11.49567699432373, 10.338897705078125 
9.97394847869873, -9.282931327819824 
7.577504634857178, -7.112908363342285 
1.6574581861495972, -1.6950055360794067 
-10.630090713500977, 9.573050498962402 
9.121371269226074, -8.53715991973877 
-1.2813652753829956, 1.0605860948562622 
-9.915112495422363, 8.9298734664917 
-9.770133972167969, 8.779726028442383 
-2.418987512588501, 2.079517126083374 
1.1960877180099487, -1.219718098640442 
7.514651775360107, -7.067786693572998 
-10.044886589050293, 9.028971672058105 
-2.3289148807525635, 2.056656837463379 
-9.01864242553711, 8.106768608093262 
10.948952674865723, -10.195441246032715 
10.87100601196289, -10.11768913269043 
7.8351216316223145, -7.327250957489014 
-9.02292251586914, 8.106769561767578 
7.444334983825684, -7.000438213348389 
11.035533905029297, -10.311643600463867 
-11.203495025634766, 10.08176326751709 
8.629711151123047, -8.072945594787598 
7.587953090667725, -7.072047710418701 
-8.966268539428711, 8.039904594421387 
8.123982429504395, -7.622452735900879 
9.727822303771973, -9.05612850189209 
10.99787712097168, -10.218720436096191 
-6.004845142364502, 5.383233547210693 
-6.671176433563232, 5.9436845779418945 
10.480230331420898, -9.765748023986816 
10.817527770996094, -10.089240074157715 
-9.608450889587402, 8.611672401428223 
-10.589160919189453, 9.523686408996582 
-11.657902717590332, 10.510054588317871 
-6.66163969039917, 5.979137897491455 
9.456951141357422, -8.87710189819336 
-7.859151840209961, 7.058604717254639 
-7.766733646392822, 6.966009616851807 
-4.592562198638916, 4.094909191131592 
11.25822639465332, -10.464335441589355 
7.192917346954346, -6.728392124176025 
9.786016464233398, -9.15662956237793 
8.813847541809082, -8.25484561920166 
-10.56916618347168, 9.492494583129883 
-4.960770130157471, 4.4031147956848145 
9.36338996887207, -8.741461753845215 
-10.913858413696289, 9.839254379272461 
-11.588112831115723, 10.425760269165039 
10.51968765258789, -9.813507080078125 
-10.931487083435059, 9.833951950073242 
-11.120447158813477, 10.010274887084961 
9.040630340576172, -8.419828414916992 
8.761199951171875, -8.179455757141113 
9.202049255371094, -8.586202621459961 
9.867267608642578, -9.174884796142578 
9.183258056640625, -8.597599983215332 
10.505010604858398, -9.766924858093262 
-11.330307960510254, 10.2037992477417 
-11.505899429321289, 10.336126327514648 
-0.5397697687149048, 0.405225932598114 
10.626527786254883, -9.90092658996582 
10.79419231414795, -10.053072929382324 
9.50954532623291, -8.826061248779297 
10.46722412109375, -9.743592262268066 
-8.983203887939453, 8.056292533874512 
-9.070211410522461, 8.178321838378906 
0.4435137212276459, -0.5766022801399231 
-4.749950885772705, 4.1814703941345215 
-11.169510841369629, 10.058329582214355 
-9.946086883544922, 8.94666576385498 
4.432238578796387, -4.201215744018555 
4.486074447631836, -4.25466775894165 
2.0000030994415283, -1.9764258861541748 
-9.941652297973633, 8.940146446228027 
10.520879745483398, -9.818075180053711 
10.351914405822754, -9.652939796447754 
-2.522897481918335, 2.0991098880767822 
10.795171737670898, -10.014118194580078 
8.995699882507324, -8.441791534423828 
-5.06116247177124, 4.503171443939209 
-9.805782318115234, 8.823084831237793 
2.355600118637085, -2.2590839862823486 
-8.709466934204102, 7.835323810577393 
-6.325545787811279, 5.666921138763428 
9.030925750732422, -8.39313793182373 
-10.75424861907959, 9.656220436096191 
4.890361309051514, -4.612176895141602 
7.330942630767822, -6.9094061851501465 
10.085847854614258, -9.400919914245605 
8.323291778564453, -7.741380214691162 
9.737419128417969, -9.106963157653809 
-8.877703666687012, 7.978890895843506 
-8.714427947998047, 7.803471565246582 
-4.385982990264893, 3.9185850620269775 
10.245952606201172, -9.529802322387695 
-9.266158103942871, 8.3252592086792 
9.406312942504883, -8.765180587768555 
-11.12509536743164, 10.010418891906738 
-11.319568634033203, 10.187407493591309 
8.475281715393066, -7.955468654632568 
9.608047485351562, -8.975258827209473 
9.458505630493164, -8.843889236450195 
0.712328314781189, -0.8071659207344055 
5.281773090362549, -5.008934020996094 
-8.430482864379883, 7.577096939086914 
-11.689332008361816, 10.5297269821167 
-9.894205093383789, 8.909621238708496 
10.417624473571777, -9.698787689208984 
-7.389089107513428, 6.648393630981445 
8.910703659057617, -8.309101104736328 
9.608951568603516, -8.9730863571167 
-8.805742263793945, 7.934243679046631 
4.117564678192139, -3.8713431358337402 
-5.044001579284668, 4.526731491088867 
10.058460235595703, -9.380538940429688 
9.029936790466309, -8.422420501708984 
-9.90289306640625, 8.924452781677246 
-0.3952505588531494, 0.20800846815109253 
-10.069791793823242, 9.070906639099121 
-10.875642776489258, 9.773999214172363 
-10.264114379882812, 9.253199577331543 
-10.925363540649414, 9.82516860961914 
-10.621929168701172, 9.558719635009766 
-11.241982460021973, 10.095697402954102 
-8.570104598999023, 7.712194919586182 
-9.148345947265625, 8.244449615478516 
9.350305557250977, -8.740311622619629 
-10.817855834960938, 9.741463661193848 
-2.832811117172241, 2.4372050762176514 
-11.226548194885254, 10.12398624420166 
-8.081644058227539, 7.241929531097412 
9.334209442138672, -8.718274116516113 
-10.339010238647461, 9.299586296081543 
-5.171256065368652, 4.58104944229126 
-4.951489448547363, 4.416937351226807 
11.191614151000977, -10.4531888961792 
-4.32169771194458, 3.819600820541382 
-10.4410400390625, 9.401610374450684 
8.860681533813477, -8.25717830657959 
8.266239166259766, -7.764394283294678 
-9.701120376586914, 8.741084098815918 
8.984734535217285, -8.387216567993164 
-10.282739639282227, 9.244470596313477 
8.969202041625977, -8.366390228271484 
-8.918502807617188, 8.016571998596191 
5.550299167633057, -5.193942546844482 
-7.124920845031738, 6.380014896392822 
9.726738929748535, -9.080086708068848 
6.3372063636779785, -5.994690418243408 
2.917379140853882, -2.789954900741577 
-10.532313346862793, 9.493081092834473 
8.919286727905273, -8.28817081451416 
-11.594440460205078, 10.433781623840332 
-9.283952713012695, 8.343966484069824 
10.386984825134277, -9.650494575500488 
-6.28510046005249, 5.590622425079346 
-8.799532890319824, 7.910571575164795 
8.298931121826172, -7.730127811431885 
-2.186598062515259, 1.8820050954818726 
-11.493402481079102, 10.328682899475098 
-9.790212631225586, 8.81468677520752 
9.774134635925293, -9.130654335021973 
9.084668159484863, -8.501456260681152 
9.555074691772461, -8.918818473815918 
7.322666645050049, -6.856258869171143 
9.817188262939453, -9.133042335510254 
-2.5875730514526367, 2.2208988666534424 
-3.665719747543335, 3.1983888149261475 
-7.697367191314697, 6.888992786407471 
-9.61884880065918, 8.640973091125488 
9.663522720336914, -9.04137134552002 
7.875552177429199, -7.355694770812988 
-10.990796089172363, 9.878278732299805 
-10.408340454101562, 9.35547924041748 
-7.357239723205566, 6.587719440460205 
3.614330768585205, -3.440894842147827 
-10.85776138305664, 9.770021438598633 
-10.652545928955078, 9.595623016357422 
11.093385696411133, -10.35326099395752 
8.296089172363281, -7.743565082550049 
10.320685386657715, -9.601624488830566 
9.286979675292969, -8.721875190734863 
-8.98541259765625, 8.058938980102539 
6.037224292755127, -5.651233196258545 
8.837871551513672, -8.22187328338623 
6.453451633453369, -6.105457782745361 
11.423139572143555, -10.669425010681152 
-10.643865585327148, 9.575590133666992 
3.3688814640045166, -3.178762435913086 
9.088563919067383, -8.480732917785645 
10.339786529541016, -9.65429401397705 
-7.751296520233154, 6.9125285148620605 
-8.867583274841309, 7.988038539886475 
2.0151970386505127, -1.976544976234436 
5.381916522979736, -5.123488903045654 
9.961709976196289, -9.328768730163574 
-2.597397565841675, 2.2405922412872314 
-10.754534721374512, 9.66799259185791 
9.21963882446289, -8.625946044921875 
-7.762491703033447, 6.993287086486816 
11.450843811035156, -10.66511058807373 
10.024595260620117, -9.362166404724121 
8.524909973144531, -7.925559043884277 
7.619583606719971, -7.129147052764893 
-11.16395092010498, 10.060733795166016 
-11.333681106567383, 10.212260246276855 
-2.661773443222046, 2.338430881500244 
8.739144325256348, -8.127779006958008 
9.975147247314453, -9.268433570861816 
-3.810450792312622, 3.356109142303467 
-10.77466869354248, 9.739466667175293 
-9.345449447631836, 8.377413749694824 
10.619476318359375, -9.90503215789795 
4.13695764541626, -3.9712562561035156 
9.843982696533203, -9.201153755187988 
7.786797046661377, -7.326778411865234 
7.577311992645264, -7.125641822814941 
-3.042900323867798, 2.6639649868011475 
-9.529050827026367, 8.563584327697754 
-6.07501745223999, 5.422549247741699 
10.836159706115723, -10.076645851135254 
9.395891189575195, -8.783705711364746 
9.1091947555542, -8.51020622253418 
11.476215362548828, -10.631487846374512 
11.362770080566406, -10.569186210632324 
-11.756486892700195, 10.561829566955566 
-11.253519058227539, 10.151288032531738 
3.845019578933716, -3.642019748687744 
11.796903610229492, -11.026932716369629 
-10.78739070892334, 9.698229789733887 
-8.562328338623047, 7.703190803527832 
-1.8362981081008911, 1.5184942483901978 
8.88463306427002, -8.366456031799316 
-11.966312408447266, 10.761092185974121 
-10.065596580505371, 9.042771339416504 
5.968465328216553, -5.581353664398193 
10.524755477905273, -9.83105754852295 
-0.44511422514915466, 0.21403741836547852 
9.413963317871094, -8.803250312805176 
7.974486827850342, -7.445462703704834 
2.3589086532592773, -2.2834091186523438 
-4.206143379211426, 3.7187349796295166 
-10.013592720031738, 9.003819465637207 
10.476999282836914, -9.787644386291504 
-3.8852035999298096, 3.398056983947754 
-9.910894393920898, 8.89319133758545 
10.603652954101562, -9.872855186462402 
7.832825183868408, -7.360764026641846 
-10.90579605102539, 9.795668601989746 
10.852778434753418, -10.14832878112793 
-10.29465103149414, 9.2504301071167 
3.272554636001587, -3.1592071056365967 
4.094354152679443, -3.889305830001831 
-11.894661903381348, 10.708985328674316 
10.188136100769043, -9.503350257873535 
11.63430404663086, -10.869629859924316 
-7.549808979034424, 6.788321018218994 
4.51132345199585, -4.272798538208008 
9.750835418701172, -9.082818031311035 
-9.900205612182617, 8.926993370056152 
-11.160167694091797, 10.049509048461914 
9.645557403564453, -8.991168975830078 
7.393910884857178, -6.916065216064453 
8.153833389282227, -7.615365505218506 
10.257003784179688, -9.540709495544434 
3.3825409412384033, -3.227339506149292 
-8.216545104980469, 7.3599114418029785 
11.38508129119873, -10.588884353637695 
9.071907043457031, -8.43825626373291 
6.464158058166504, -6.04689884185791 
-0.8400473594665527, 0.6576755046844482 
9.705230712890625, -9.038397789001465 
-10.148050308227539, 9.136653900146484 
-11.236562728881836, 10.114466667175293 
-8.967771530151367, 8.0681791305542 
7.970958709716797, -7.495514392852783 
-9.109638214111328, 8.206854820251465 
-8.701831817626953, 7.848338603973389 
-10.466279029846191, 9.422396659851074 
-11.742292404174805, 10.568472862243652 
9.555715560913086, -8.943558692932129 
-11.572250366210938, 10.415620803833008 
7.649355888366699, -7.152580738067627 
-11.312361717224121, 10.18351936340332 
8.213911056518555, -7.696407794952393 
9.089945793151855, -8.4678955078125 
11.237959861755371, -10.474814414978027 
-6.252403736114502, 5.566848278045654 
10.83739948272705, -10.062466621398926 
9.054479598999023, -8.440828323364258 
11.056894302368164, -10.299958229064941 
-8.272418975830078, 7.419741630554199 
10.924718856811523, -10.195706367492676 
9.409417152404785, -8.82580280303955 
-10.680440902709961, 9.635043144226074 
9.606843948364258, -8.979622840881348 
-7.403900146484375, 6.626418113708496 
-8.314031600952148, 7.452037811279297 
-11.412741661071777, 10.257983207702637 
10.255105972290039, -9.56457805633545 
9.53754711151123, -8.911412239074707 
8.666208267211914, -8.118263244628906 
10.074531555175781, -9.404040336608887 
-7.543642044067383, 6.717427730560303 
-10.176661491394043, 9.14682674407959 
9.9122896194458, -9.264090538024902 
-7.768805027008057, 6.960328578948975 
11.318197250366211, -10.588424682617188 
-2.908984899520874, 2.560551404953003 
9.405983924865723, -8.799394607543945 
-11.401336669921875, 10.262884140014648 
9.51418685913086, -8.853928565979004 
8.216650009155273, -7.68454122543335 
10.701663970947266, -9.985980987548828 
-10.379974365234375, 9.36038875579834 
8.790151596069336, -8.197017669677734 
9.697996139526367, -9.050680160522461 
-7.5634446144104, 6.762694835662842 
8.091960906982422, -7.593811988830566 
-9.798029899597168, 8.820905685424805 
7.066442012786865, -6.598404407501221 
9.473756790161133, -8.84914493560791 
-8.29739761352539, 7.413248062133789 
-1.4551957845687866, 1.180794596672058 
-6.707098484039307, 6.012359619140625 
-11.492862701416016, 10.346312522888184 
10.072539329528809, -9.402554512023926 
-9.144732475280762, 8.219943046569824 
-9.218868255615234, 8.287701606750488 
-9.795166015625, 8.791232109069824 
8.001755714416504, -7.523073196411133 
-0.10305409133434296, -0.0523289293050766 
3.73490834236145, -3.533318281173706 
10.954239845275879, -10.200637817382812 
-10.20395278930664, 9.184355735778809 
10.423847198486328, -9.707329750061035 
-3.8656485080718994, 3.36086106300354 
10.780141830444336, -10.058733940124512 
-5.578639507293701, 5.002438068389893 
-6.762796878814697, 6.062892436981201 
-9.08603286743164, 8.161633491516113 
9.994168281555176, -9.316576957702637 
-4.670660972595215, 4.1072869300842285 
-6.9276275634765625, 6.173431873321533 
-9.29798698425293, 8.413104057312012 
10.273269653320312, -9.5510892868042 
-1.9040688276290894, 1.6109447479248047 
-11.777374267578125, 10.603825569152832 
6.607612133026123, -6.243097305297852 
-10.062828063964844, 9.063578605651855 
-7.4553542137146, 6.712169647216797 
-9.442874908447266, 8.51485538482666 
-8.896742820739746, 7.983500003814697 
9.0010986328125, -8.361929893493652 
7.4967265129089355, -7.016478061676025 
8.809749603271484, -8.26975154876709 
-11.07513427734375, 9.978067398071289 
10.041484832763672, -9.394290924072266 
-4.9805121421813965, 4.4475483894348145 
9.276313781738281, -8.641467094421387 
-11.275033950805664, 10.167244911193848 
-11.271696090698242, 10.142769813537598 
-7.562140941619873, 6.780958652496338 
10.95307731628418, -10.190932273864746 
10.173111915588379, -9.494584083557129 
10.620145797729492, -9.906113624572754 
8.85633659362793, -8.259352684020996 
6.019952297210693, -5.606839179992676 
0.10302379727363586, -0.1767713725566864 
8.706124305725098, -8.097399711608887 
-9.158287048339844, 8.211136817932129 
-11.509737014770508, 10.366072654724121 
9.334815979003906, -8.718342781066895 
-4.941295146942139, 4.394233226776123 
-10.012533187866211, 8.991666793823242 
-6.565171241760254, 5.849581241607666 
10.166099548339844, -9.459796905517578 
-9.751514434814453, 8.787901878356934 
10.32083511352539, -9.584733009338379 
-8.35865592956543, 7.566072940826416 
8.650323867797852, -8.063316345214844 
-10.187312126159668, 9.181761741638184 
8.91457462310791, -8.31322193145752 
10.344783782958984, -9.707503318786621 
-9.996987342834473, 9.010615348815918 
4.57570219039917, -4.320064067840576 
10.569793701171875, -9.837553977966309 
10.172470092773438, -9.472941398620605 
7.154494285583496, -6.729702472686768 
2.980975389480591, -2.8593928813934326 
9.123528480529785, -8.566718101501465 
10.00183391571045, -9.323185920715332 
-3.5286080837249756, 3.0945470333099365 
-7.78905725479126, 6.962493419647217 
11.168980598449707, -10.413640022277832 
-8.357025146484375, 7.521838665008545 
-8.436568260192871, 7.576243877410889 
-11.37911605834961, 10.242236137390137 
-7.0489068031311035, 6.339383125305176 
9.290258407592773, -8.689507484436035 
10.769315719604492, -10.06636905670166 
2.721848964691162, -2.6114323139190674 
9.997232437133789, -9.329207420349121 
9.011037826538086, -8.425309181213379 
-8.307395935058594, 7.455139636993408 
-1.1878160238265991, 0.9922080636024475 
-4.36527156829834, 3.861868143081665 
-11.290447235107422, 10.155677795410156 
-11.058327674865723, 9.974462509155273 
10.47772216796875, -9.753813743591309 
-9.660892486572266, 8.708827018737793 
-9.261459350585938, 8.310643196105957 
-10.515839576721191, 9.45193099975586 
-4.35884952545166, 3.8522469997406006 
-7.992447376251221, 7.137524127960205 
-5.296764850616455, 4.724081993103027 
4.079927921295166, -3.9033772945404053 
11.835611343383789, -11.011374473571777 
-11.549766540527344, 10.395180702209473 
7.685801029205322, -7.230339050292969 
2.8831417560577393, -2.742082357406616 
-7.8329854011535645, 7.066532611846924 
-6.470592975616455, 5.80410623550415 
8.213257789611816, -7.640087127685547 
3.8324317932128906, -3.6018409729003906 
-10.65234088897705, 9.626080513000488 
11.248745918273926, -10.442978858947754 
-9.025016784667969, 8.114432334899902 
-9.123862266540527, 8.197909355163574 
-10.33617877960205, 9.294487953186035 
7.481800556182861, -6.97120475769043 
-9.961197853088379, 8.979185104370117 
4.399768352508545, -4.14641809463501 
12.33080768585205, -11.489358901977539 
8.547351837158203, -7.964863300323486 
-11.220243453979492, 10.103019714355469 
9.984859466552734, -9.306624412536621 
-10.867740631103516, 9.756006240844727 
-9.911423683166504, 8.934454917907715 
7.6338982582092285, -7.129166126251221 
6.175343036651611, -5.825344562530518 
10.307613372802734, -9.613271713256836 
10.120185852050781, -9.401558876037598 
9.882323265075684, -9.244196891784668 
8.1237154006958, -7.620482921600342 
3.071791410446167, -2.9555671215057373 
-9.422370910644531, 8.459145545959473 
-9.189882278442383, 8.248188972473145 
7.877512454986572, -7.344027519226074 
-10.736212730407715, 9.663689613342285 
6.883805274963379, -6.450827598571777 
9.39604663848877, -8.768277168273926 
7.76846170425415, -7.299485206604004 
9.513830184936523, -8.855019569396973 
9.11284351348877, -8.510527610778809 
-2.7764463424682617, 2.369532823562622 
-10.653697967529297, 9.591839790344238 
10.252218246459961, -9.553065299987793 
-8.603899955749512, 7.704064846038818 
-6.317052364349365, 5.666361331939697 
-9.86241340637207, 8.877655029296875 
9.402934074401855, -8.773374557495117 
-4.573612689971924, 3.9991772174835205 
2.2369706630706787, -2.200641393661499 
-0.12752220034599304, -0.010226227343082428 
-10.830991744995117, 9.76745319366455 
-10.93681812286377, 9.827845573425293 
-9.753324508666992, 8.77858829498291 
6.63529634475708, -6.2024006843566895 
8.669876098632812, -8.14182186126709 
10.036492347717285, -9.390843391418457 
9.056953430175781, -8.416634559631348 
0.842604398727417, -0.9031886458396912 
9.474601745605469, -8.840347290039062 
9.661052703857422, -8.9922456741333 
6.521402835845947, -6.094984531402588 
-10.654753684997559, 9.590813636779785 
0.5073213577270508, -0.5409572720527649 
-5.9464545249938965, 5.249815464019775 
-6.740954399108887, 5.978373050689697 
8.859180450439453, -8.21789836883545 
-1.4020601511001587, 1.1657110452651978 
2.416862964630127, -2.4563004970550537 
4.422895908355713, -4.1900200843811035 
10.282449722290039, -9.61463451385498 
9.600744247436523, -8.95726490020752 
9.381856918334961, -8.74988842010498 
-1.439588189125061, 1.1743651628494263 
-9.691272735595703, 8.720657348632812 
-9.711514472961426, 8.738531112670898 
8.692869186401367, -8.09781265258789 
-5.551180362701416, 4.962798595428467 
5.848618984222412, -5.507742404937744 
-8.9671049118042, 8.038228034973145 
9.948816299438477, -9.287959098815918 
-9.607843399047852, 8.667350769042969 
8.38636589050293, -7.864774227142334 
-6.9228105545043945, 6.193696022033691 
8.194028854370117, -7.654138565063477 
-11.67862606048584, 10.49912166595459 
11.085092544555664, -10.31379222869873 
-9.996126174926758, 8.952716827392578 
-8.74058723449707, 7.892897129058838 
-9.775923728942871, 8.793370246887207 
9.971990585327148, -9.316611289978027 
-0.14241018891334534, -0.008074544370174408 
-6.248477458953857, 5.541558742523193 
8.23714828491211, -7.700896263122559 
10.811182022094727, -10.092917442321777 
9.433816909790039, -8.825971603393555 
9.738374710083008, -9.07080078125 
-10.735512733459473, 9.634563446044922 
-6.498219966888428, 5.798027515411377 
-11.07046890258789, 9.967915534973145 
-1.3792033195495605, 1.1171876192092896 
1.408246636390686, -1.4236911535263062 
-8.946996688842773, 8.066130638122559 
-11.411775588989258, 10.271183967590332 
-10.298511505126953, 9.264025688171387 
-5.309624195098877, 4.642138481140137 
10.470987319946289, -9.738289833068848 
6.993982315063477, -6.5442423820495605 
-11.567410469055176, 10.400288581848145 
-11.61550235748291, 10.45671558380127 
9.272039413452148, -8.659110069274902 
9.068363189697266, -8.462410926818848 
9.8799467086792, -9.230095863342285 
-8.67054557800293, 7.785694599151611 
10.441902160644531, -9.73659610748291 
1.6889569759368896, -1.755543828010559 
0.6997990608215332, -0.7322819828987122 
11.165243148803711, -10.427067756652832 
-11.562347412109375, 10.400538444519043 
11.456682205200195, -10.682974815368652 
6.978787899017334, -6.560835361480713 
-9.125627517700195, 8.213424682617188 
8.297584533691406, -7.742942810058594 
-7.43337869644165, 6.64555025100708 
9.313133239746094, -8.74552059173584 
10.476987838745117, -9.801796913146973 
2.490553617477417, -2.4237987995147705 
-5.102545738220215, 4.5763325691223145 
-11.012989044189453, 9.94457721710205 
9.531092643737793, -8.901001930236816 
9.876710891723633, -9.202359199523926 
7.675217628479004, -7.206628322601318 
6.5586018562316895, -6.140730381011963 
11.112032890319824, -10.331306457519531 
-8.631498336791992, 7.7266130447387695 
-11.152361869812012, 10.028176307678223 
-11.01890754699707, 9.9417142868042 
8.635354042053223, -8.07274341583252 
10.258862495422363, -9.597613334655762 
-10.17517375946045, 9.157022476196289 
-6.754916667938232, 6.047548294067383 
10.227804183959961, -9.54293155670166 
-11.159082412719727, 10.030192375183105 
-10.857132911682129, 9.78186321258545 
6.583340167999268, -6.252936840057373 
-9.322076797485352, 8.339287757873535 
-9.980085372924805, 8.984557151794434 
-6.979269981384277, 6.237559795379639 
10.053468704223633, -9.355742454528809 
-3.4460628032684326, 3.0319297313690186 
11.334419250488281, -10.577725410461426 
11.120596885681152, -10.32862377166748 
-9.835037231445312, 8.796560287475586 
-7.01942253112793, 6.311705112457275 
-9.33443546295166, 8.374034881591797 
-7.893585205078125, 7.079085350036621 
-10.701883316040039, 9.657439231872559 
-10.88747787475586, 9.783467292785645 
10.224342346191406, -9.501193046569824 
6.269359588623047, -5.905392169952393 
8.818262100219727, -8.22107219696045 
10.51597785949707, -9.800514221191406 
4.467452526092529, -4.2823967933654785 
-9.913293838500977, 8.91321849822998 
9.566970825195312, -8.923455238342285 
9.882915496826172, -9.191548347473145 
11.339454650878906, -10.546676635742188 
-5.310327053070068, 4.686758041381836 
-9.106189727783203, 8.198995590209961 
0.8454732894897461, -0.8795556426048279 
9.721004486083984, -9.087284088134766 
-10.345222473144531, 9.324042320251465 
-8.681563377380371, 7.821503162384033 
9.261604309082031, -8.6135892868042 
11.692403793334961, -10.870598793029785 
9.177425384521484, -8.5731782913208 
0.597730278968811, -0.6411175727844238 
-9.791614532470703, 8.798415184020996 
8.332247734069824, -7.760669231414795 
-10.392108917236328, 9.369626998901367 
-10.520156860351562, 9.452162742614746 
-8.56135368347168, 7.68353271484375 
9.136804580688477, -8.481644630432129 
7.6225457191467285, -7.113982200622559 
6.519567012786865, -6.135598659515381 
-11.924458503723145, 10.731097221374512 
-9.925931930541992, 8.917540550231934 
8.993208885192871, -8.366131782531738 
4.747071743011475, -4.531148910522461 
-7.119509220123291, 6.3749308586120605 
-8.902352333068848, 7.994147777557373 
-7.568526744842529, 6.748142719268799 
-9.501565933227539, 8.515236854553223 
-8.991161346435547, 8.108024597167969 
10.179788589477539, -9.509995460510254 
8.514147758483887, -7.958130359649658 
7.791300296783447, -7.336049556732178 
0.1256449669599533, -0.2319062352180481 
9.30561637878418, -8.659933090209961 
-3.176593542098999, 2.769735097885132 
-8.246516227722168, 7.400603294372559 
9.237127304077148, -8.647717475891113 
-5.285836696624756, 4.7099504470825195 
10.334037780761719, -9.6437406539917 
11.245346069335938, -10.470561981201172 
-10.506012916564941, 9.45532512664795 
-9.58199405670166, 8.633583068847656 
10.997102737426758, -10.283150672912598 
-11.367361068725586, 10.225296974182129 
-9.746665954589844, 8.74592399597168 
9.857903480529785, -9.176044464111328 
-0.8734344244003296, 0.658701479434967 
-0.8316857814788818, 0.6224779486656189 
8.350931167602539, -7.810184955596924 
9.329453468322754, -8.71281623840332 
9.036542892456055, -8.460249900817871 
-9.53469467163086, 8.585373878479004 
-11.738569259643555, 10.569605827331543 
-4.311015605926514, 3.7627203464508057 
8.03734016418457, -7.48839807510376 
-2.7626569271087646, 2.37395977973938 
10.676863670349121, -9.95063304901123 
-10.372825622558594, 9.344536781311035 
3.9643213748931885, -3.788205146789551 
-10.352195739746094, 9.331450462341309 
9.520374298095703, -8.908935546875 
9.43142318725586, -8.75641918182373 
-10.928157806396484, 9.849026679992676 
7.0701985359191895, -6.625023365020752 
11.27442741394043, -10.49124526977539 
-8.328097343444824, 7.474969387054443 
10.259174346923828, -9.581490516662598 
10.761092185974121, -10.033348083496094 
10.412896156311035, -9.685550689697266 
4.051974773406982, -3.8238582611083984 
-11.704801559448242, 10.521735191345215 
-9.531669616699219, 8.55716609954834 
-4.872452735900879, 4.323549747467041 
11.602150917053223, -10.809864044189453 
-6.188414096832275, 5.5671281814575195 
-11.236825942993164, 10.116745948791504 
-9.20393180847168, 8.269103050231934 
-8.364567756652832, 7.493157386779785 
10.725948333740234, -9.996711730957031 
9.989824295043945, -9.32458209991455 
11.278298377990723, -10.514487266540527 
10.913177490234375, -10.170427322387695 
9.987184524536133, -9.297545433044434 
-10.442276000976562, 9.394929885864258 
11.31690788269043, -10.505955696105957 
-11.378414154052734, 10.254386901855469 
0.5437537431716919, -0.620982825756073 
9.670187950134277, -9.028325080871582 
0.02397674322128296, -0.14100545644760132 
-10.185005187988281, 9.172928810119629 
-9.37384033203125, 8.445637702941895 
-5.487757205963135, 4.917464733123779 
-9.396448135375977, 8.449018478393555 
-11.297273635864258, 10.167561531066895 
9.385055541992188, -8.73454761505127 
-10.817771911621094, 9.730287551879883 
-1.9772688150405884, 1.6928722858428955 
-11.257136344909668, 10.118207931518555 
-11.081963539123535, 9.999238014221191 
10.88589859008789, -10.142870903015137 
-8.849264144897461, 7.973575115203857 
-9.945240020751953, 8.9516019821167 
-11.539937973022461, 10.372821807861328 
6.9291605949401855, -6.484569072723389 
-9.038896560668945, 8.117436408996582 
-6.84317684173584, 6.116480350494385 
6.294924259185791, -5.930776119232178 
-10.338991165161133, 9.29291820526123 
9.754823684692383, -9.092663764953613 
3.5768566131591797, -3.37004017829895 
-11.756721496582031, 10.614445686340332 
-3.0077004432678223, 2.6233670711517334 
-9.703219413757324, 8.711190223693848 
10.33633041381836, -9.629956245422363 
-4.057873725891113, 3.5861656665802 
-10.306883811950684, 9.303397178649902 
-6.267265796661377, 5.590065956115723 
-6.905450344085693, 6.175193786621094 
11.269327163696289, -10.550349235534668 
-2.070422887802124, 1.7030481100082397 
-9.168600082397461, 8.237629890441895 
-6.748602867126465, 6.028812885284424 
-1.7511693239212036, 1.481969952583313 
10.545684814453125, -9.838517189025879 
-11.970023155212402, 10.768909454345703 
-10.905221939086914, 9.854927062988281 
0.41321489214897156, -0.497396856546402 
-8.204673767089844, 7.371054172515869 
-10.88323974609375, 9.790715217590332 
10.148250579833984, -9.461241722106934 
-7.849458694458008, 7.027709484100342 
10.053215980529785, -9.369065284729004 
-11.5347261428833, 10.374040603637695 
-7.286296367645264, 6.527719497680664 
12.656393051147461, -11.794657707214355 
-3.3365001678466797, 2.893188714981079 
4.599100112915039, -4.34555721282959 
5.239542484283447, -4.933169841766357 
-8.7845458984375, 7.935235500335693 
-6.16510534286499, 5.4893012046813965 
6.848278999328613, -6.440723896026611 
10.478597640991211, -9.744115829467773 
8.138340950012207, -7.642220497131348 
-11.39346694946289, 10.253559112548828 
11.9832181930542, -11.144975662231445 
-3.014678955078125, 2.6373112201690674 
7.748989582061768, -7.269471168518066 
5.743926048278809, -5.446400165557861 
0.0866858959197998, -0.21893665194511414 
8.706703186035156, -8.127964973449707 
-2.9322564601898193, 2.4755194187164307 
9.919005393981934, -9.27808666229248 
-6.9247660636901855, 6.21601676940918 
-9.676856994628906, 8.759751319885254 
-10.871231079101562, 9.80019474029541 
7.368245601654053, -6.867983341217041 
10.300069808959961, -9.628010749816895 
-10.461803436279297, 9.44669246673584 
9.633977890014648, -8.975255966186523 
9.703340530395508, -9.072244644165039 
10.3065185546875, -9.6585693359375 
-7.340308666229248, 6.590816497802734 
10.008910179138184, -9.343756675720215 
10.525040626525879, -9.865378379821777 
-6.740699768066406, 6.10087251663208 
-2.474623918533325, 2.1073343753814697 
9.700896263122559, -9.052263259887695 
10.376148223876953, -9.685225486755371 
10.143165588378906, -9.415520668029785 
-10.286946296691895, 9.255932807922363 
-7.832726955413818, 7.029895305633545 
8.76504135131836, -8.176538467407227 
10.695352554321289, -9.974984169006348 
3.908189296722412, -3.7381670475006104 
-6.073978900909424, 5.4142022132873535 
-10.612468719482422, 9.549559593200684 
-8.678361892700195, 7.795036792755127 
-7.894882678985596, 7.070233345031738 
7.048081398010254, -6.5561981201171875 
5.3868794441223145, -5.129626750946045 
-3.867182970046997, 3.4172255992889404 
-10.158452987670898, 9.15512466430664 
-8.410392761230469, 7.568785190582275 
8.602493286132812, -8.029529571533203 
-7.513769626617432, 6.707636833190918 
10.885648727416992, -10.130499839782715 
8.223398208618164, -7.657083988189697 
10.081220626831055, -9.405008316040039 
-10.647188186645508, 9.58608341217041 
-10.366510391235352, 9.313298225402832 
-10.08053970336914, 9.075322151184082 
-11.295825958251953, 10.162419319152832 
-8.592416763305664, 7.710378170013428 
-9.188604354858398, 8.274773597717285 
-9.160642623901367, 8.231497764587402 
-8.988216400146484, 8.091303825378418 
-10.842989921569824, 9.753149032592773 
11.33547306060791, -10.54958438873291 
9.952942848205566, -9.259617805480957 
-11.673782348632812, 10.517138481140137 
-2.258772611618042, 1.946982741355896 
-11.2545166015625, 10.126215934753418 
