4.414193153381348, -4.183845043182373 
-3.7940614223480225, 3.3182308673858643 
9.421051025390625, -8.781222343444824 
9.064477920532227, -8.46269702911377 
8.733412742614746, -8.164450645446777 
-9.184906005859375, 8.255720138549805 
-5.033787250518799, 4.498507976531982 
1.1044777631759644, -1.1287312507629395 
8.597938537597656, -8.021735191345215 
-5.558861255645752, 4.936611652374268 
9.088415145874023, -8.529154777526855 
4.0587077140808105, -3.856032133102417 
8.980366706848145, -8.38866138458252 
8.57723331451416, -8.038435935974121 
-9.570728302001953, 8.593907356262207 
-2.821665048599243, 2.456725597381592 
8.810772895812988, -8.18464183807373 
7.883876800537109, -7.390434265136719 
8.869226455688477, -8.276362419128418 
-2.212470293045044, 1.9125772714614868 
-0.20043279230594635, 0.0677451640367508 
9.878843307495117, -9.222456932067871 
-3.750898838043213, 3.3786065578460693 
-9.710525512695312, 8.716104507446289 
-10.185416221618652, 9.140597343444824 
-6.868214130401611, 6.148030757904053 
8.404495239257812, -7.901768207550049 
-2.8316447734832764, 2.441504955291748 
1.2702949047088623, -1.2828184366226196 
-5.99340295791626, 5.34018611907959 
-9.858461380004883, 8.856559753417969 
7.908610820770264, -7.385744571685791 
6.8518900871276855, -6.427518844604492 
-6.343491554260254, 5.694159984588623 
7.746651649475098, -7.270452499389648 
-5.848010540008545, 5.235086917877197 
8.530146598815918, -7.978686809539795 
-8.401293754577637, 7.500202655792236 
9.157209396362305, -8.536017417907715 
-2.444563150405884, 2.146968126296997 
9.692150115966797, -9.05263614654541 
8.393836975097656, -7.862884044647217 
4.264686107635498, -4.049332141876221 
1.6197782754898071, -1.6008085012435913 
-7.952773571014404, 7.152830123901367 
-8.587039947509766, 7.7241034507751465 
-4.019103050231934, 3.588214635848999 
-8.080521583557129, 7.250354290008545 
-6.289660930633545, 5.630516529083252 
-8.54824447631836, 7.68473482131958 
8.608339309692383, -8.056884765625 
7.499401569366455, -7.008605480194092 
-7.926498889923096, 7.142383098602295 
3.766080141067505, -3.576876163482666 
-7.266768932342529, 6.528380870819092 
7.816556453704834, -7.324846267700195 
-6.978404521942139, 6.260952472686768 
-9.85702133178711, 8.853487968444824 
-4.443197250366211, 3.95961594581604 
-8.229507446289062, 7.368147373199463 
-9.170129776000977, 8.233376502990723 
4.374547958374023, -4.183736324310303 
4.3691182136535645, -4.137068271636963 
-7.908352851867676, 7.142719745635986 
7.520815849304199, -7.050384044647217 
0.3722628951072693, -0.4872608184814453 
8.011466979980469, -7.489443778991699 
-8.223876953125, 7.369480133056641 
-8.750349044799805, 7.877807140350342 
-5.822447299957275, 5.182160377502441 
7.951226711273193, -7.421336650848389 
-7.811279773712158, 7.02682638168335 
-7.9848551750183105, 7.188172340393066 
4.685558795928955, -4.400979995727539 
7.849485397338867, -7.337981700897217 
-6.788431644439697, 6.0884013175964355 
8.664327621459961, -8.115283012390137 
-2.302009344100952, 1.9691985845565796 
-10.05760383605957, 9.037574768066406 
9.263501167297363, -8.672829627990723 
8.99293327331543, -8.41950511932373 
-10.665937423706055, 9.588963508605957 
-4.334794521331787, 3.8532421588897705 
-8.555686950683594, 7.709526538848877 
-9.317276000976562, 8.384825706481934 
6.447081089019775, -6.072445392608643 
9.23040771484375, -8.653422355651855 
-9.540244102478027, 8.592270851135254 
-9.813985824584961, 8.835711479187012 
4.633514881134033, -4.331718444824219 
10.621908187866211, -9.915453910827637 
-5.093389987945557, 4.596954822540283 
-6.574623107910156, 5.9062418937683105 
-10.004182815551758, 8.99654483795166 
-8.429523468017578, 7.5416059494018555 
9.907635688781738, -9.246123313903809 
8.833195686340332, -8.255585670471191 
9.421533584594727, -8.825007438659668 
-2.8918473720550537, 2.499317169189453 
8.993659019470215, -8.396095275878906 
2.5350501537323, -2.461210250854492 
9.161462783813477, -8.524491310119629 
-4.215198993682861, 3.7371160984039307 
-5.200632095336914, 4.6673502922058105 
8.444859504699707, -7.887940883636475 
5.872463703155518, -5.527659893035889 
-10.217586517333984, 9.189139366149902 
11.340295791625977, -10.572014808654785 
-0.29482293128967285, 0.14926235377788544 
-7.710574626922607, 6.94448184967041 
-8.564129829406738, 7.691202163696289 
6.505784511566162, -6.103245258331299 
-7.901286602020264, 7.101948261260986 
7.754417419433594, -7.259995937347412 
7.87946891784668, -7.383045673370361 
-5.990542888641357, 5.3176350593566895 
-3.725036382675171, 3.2851979732513428 
-6.956547260284424, 6.233107566833496 
-8.781373023986816, 7.900788307189941 
-7.241832256317139, 6.500117301940918 
-8.720829010009766, 7.849740505218506 
-8.061166763305664, 7.26010274887085 
7.850305557250977, -7.320433616638184 
8.509246826171875, -7.9801716804504395 
8.232927322387695, -7.681694984436035 
-9.619186401367188, 8.632704734802246 
8.108182907104492, -7.554027557373047 
-7.895092487335205, 7.0960588455200195 
-7.946889400482178, 7.123040199279785 
7.801180362701416, -7.317587852478027 
-5.226444244384766, 4.656055450439453 
8.449275016784668, -7.873815059661865 
-4.391876697540283, 3.892557382583618 
-6.616315841674805, 5.932394504547119 
6.100593566894531, -5.704563140869141 
-8.913893699645996, 8.017960548400879 
9.158527374267578, -8.538283348083496 
-9.224529266357422, 8.297938346862793 
-9.167266845703125, 8.2581148147583 
-9.198182106018066, 8.247125625610352 
8.152853012084961, -7.608096599578857 
8.793991088867188, -8.20508098602295 
10.193426132202148, -9.5283842086792 
10.416008949279785, -9.707293510437012 
-8.451471328735352, 7.577960014343262 
-5.355804920196533, 4.797786235809326 
-9.732568740844727, 8.735672950744629 
9.632741928100586, -9.02480411529541 
-7.508987903594971, 6.7419867515563965 
7.5385212898254395, -7.0395026206970215 
-9.776144027709961, 8.791693687438965 
-8.680912971496582, 7.758800983428955 
-7.299729824066162, 6.5562591552734375 
8.781554222106934, -8.20969009399414 
-7.140047073364258, 6.405333995819092 
-7.340792179107666, 6.600078105926514 
0.34419241547584534, -0.4733847975730896 
4.737704753875732, -4.4730658531188965 
-9.150766372680664, 8.220152854919434 
-10.324817657470703, 9.285170555114746 
-8.029500007629395, 7.19743013381958 
-9.013925552368164, 8.107622146606445 
-8.267732620239258, 7.406764507293701 
-8.89848804473877, 8.04910945892334 
-9.992084503173828, 8.991360664367676 
-6.295593738555908, 5.609758377075195 
-7.275447368621826, 6.544117450714111 
7.6042399406433105, -7.164137363433838 
2.0955121517181396, -2.0458056926727295 
9.113016128540039, -8.525447845458984 
9.422369956970215, -8.844375610351562 
-3.1973938941955566, 2.8577592372894287 
8.488317489624023, -7.905786037445068 
5.963231563568115, -5.613958835601807 
-4.821957111358643, 4.2719340324401855 
-7.647524356842041, 6.907097339630127 
-4.665743350982666, 4.143131256103516 
-9.408748626708984, 8.411856651306152 
10.494876861572266, -9.77101993560791 
-5.397196292877197, 4.83583402633667 
9.013885498046875, -8.417964935302734 
-6.184947490692139, 5.527133941650391 
-6.442706108093262, 5.766603946685791 
-7.624864101409912, 6.816405773162842 
6.564194202423096, -6.170398235321045 
10.288200378417969, -9.589524269104004 
4.4459452629089355, -4.246190071105957 
8.476652145385742, -7.886312961578369 
-9.295256614685059, 8.360896110534668 
-9.384909629821777, 8.444380760192871 
7.372985363006592, -6.923387050628662 
8.896053314208984, -8.348556518554688 
8.10053825378418, -7.574845790863037 
7.017274379730225, -6.573405742645264 
3.5060815811157227, -3.3195760250091553 
-5.500650882720947, 4.895910739898682 
-4.437617301940918, 3.9241292476654053 
-9.489060401916504, 8.541459083557129 
-7.872887134552002, 7.088376045227051 
8.330310821533203, -7.803955078125 
-8.853227615356445, 7.948338031768799 
-7.818915843963623, 7.022500038146973 
-6.753389835357666, 6.042829990386963 
6.905240535736084, -6.498371601104736 
5.2188825607299805, -4.888502597808838 
10.066314697265625, -9.41921329498291 
-3.5559089183807373, 3.1041009426116943 
9.289876937866211, -8.686788558959961 
7.541231632232666, -7.0324015617370605 
-0.12216837704181671, 0.05177845060825348 
3.575698137283325, -3.349414110183716 
1.7797528505325317, -1.7271963357925415 
9.270498275756836, -8.658143997192383 
8.263275146484375, -7.70866584777832 
-1.4642589092254639, 1.2169452905654907 
9.565727233886719, -8.916749000549316 
8.707540512084961, -8.168840408325195 
-5.6495537757873535, 5.036240577697754 
4.333642959594727, -4.1341776847839355 
-4.894277572631836, 4.360103130340576 
-7.55269193649292, 6.7724609375 
-4.134699821472168, 3.6718499660491943 
-8.089808464050293, 7.259006023406982 
-8.642780303955078, 7.746595859527588 
-4.582040786743164, 4.0393218994140625 
-7.425933361053467, 6.672982692718506 
-3.5206429958343506, 3.132723093032837 
9.683269500732422, -9.02372932434082 
-8.00063705444336, 7.168385028839111 
2.8295910358428955, -2.708073377609253 
7.067694187164307, -6.59401273727417 
8.373120307922363, -7.810216903686523 
6.534080982208252, -6.134393692016602 
-5.695135593414307, 5.076640605926514 
-9.06511116027832, 8.139246940612793 
8.162689208984375, -7.625521659851074 
10.495220184326172, -9.804802894592285 
-9.930882453918457, 8.938447952270508 
-4.996269702911377, 4.417599201202393 
-6.506476879119873, 5.845401287078857 
-7.262013912200928, 6.5023040771484375 
-6.067388534545898, 5.4297194480896 
-0.5069844722747803, 0.36327821016311646 
9.250711441040039, -8.675765991210938 
-7.593545436859131, 6.811825275421143 
9.428951263427734, -8.783732414245605 
-9.534598350524902, 8.566922187805176 
7.22703218460083, -6.753264904022217 
-9.502542495727539, 8.53364372253418 
9.161127090454102, -8.545601844787598 
8.080085754394531, -7.5646209716796875 
-5.9370503425598145, 5.296133518218994 
-8.472173690795898, 7.581932067871094 
8.507816314697266, -7.931551456451416 
-9.687036514282227, 8.718185424804688 
-9.646506309509277, 8.649240493774414 
-9.246210098266602, 8.293044090270996 
8.933597564697266, -8.350513458251953 
10.101903915405273, -9.43601131439209 
8.656155586242676, -8.100388526916504 
-8.447495460510254, 7.588087558746338 
2.104957342147827, -2.10029673576355 
-9.372289657592773, 8.408221244812012 
4.007121562957764, -3.777118444442749 
9.69287395477295, -9.0706205368042 
-5.382009029388428, 4.76301908493042 
-5.610785961151123, 4.998368740081787 
-1.1547281742095947, 0.9226981401443481 
0.0550246462225914, -0.176588773727417 
8.99552059173584, -8.366700172424316 
-7.512731075286865, 6.770876407623291 
7.921002388000488, -7.398902893066406 
-7.697113513946533, 6.932176113128662 
-8.803884506225586, 7.917799472808838 
-9.330016136169434, 8.405658721923828 
8.937551498413086, -8.406393051147461 
-7.842070579528809, 7.0574469566345215 
-9.302700996398926, 8.368608474731445 
2.880775213241577, -2.8446338176727295 
-7.9651007652282715, 7.148885250091553 
-8.446949005126953, 7.59548807144165 
9.04295825958252, -8.427165031433105 
5.049233436584473, -4.726933479309082 
9.218867301940918, -8.616003036499023 
-8.68517780303955, 7.80565881729126 
-3.5694210529327393, 3.166841745376587 
4.3073320388793945, -4.088535785675049 
9.948883056640625, -9.30053997039795 
-9.664928436279297, 8.69045352935791 
-2.0652551651000977, 1.7731660604476929 
7.22752046585083, -6.777332305908203 
5.127963542938232, -4.886547088623047 
9.642065048217773, -9.023327827453613 
7.923830509185791, -7.4458465576171875 
-7.929018497467041, 7.119671821594238 
7.119995594024658, -6.681133270263672 
-8.454776763916016, 7.594000816345215 
9.907567977905273, -9.284024238586426 
-8.08329963684082, 7.239548206329346 
-1.9047424793243408, 1.62799072265625 
10.527217864990234, -9.803628921508789 
-3.07586932182312, 2.7283003330230713 
-6.700484752655029, 6.016139030456543 
-8.895231246948242, 7.9911627769470215 
8.976662635803223, -8.388081550598145 
6.475263595581055, -6.070626258850098 
-7.300671577453613, 6.4916181564331055 
8.63884162902832, -8.105921745300293 
7.230133056640625, -6.775501728057861 
10.42782974243164, -9.732457160949707 
9.310836791992188, -8.737931251525879 
4.132784366607666, -3.92844820022583 
7.001537322998047, -6.562132358551025 
-7.446098804473877, 6.643157958984375 
8.395560264587402, -7.867871284484863 
9.046682357788086, -8.430787086486816 
-5.770542144775391, 5.163887023925781 
9.167030334472656, -8.559981346130371 
8.65290641784668, -8.123034477233887 
-8.972616195678711, 8.066076278686523 
-9.347870826721191, 8.403804779052734 
7.464500904083252, -6.9675211906433105 
9.473770141601562, -8.828160285949707 
6.242639064788818, -5.837924957275391 
8.019693374633789, -7.488330364227295 
-8.256538391113281, 7.387269496917725 
8.302671432495117, -7.7809576988220215 
-8.450172424316406, 7.605942249298096 
-1.9818201065063477, 1.6440428495407104 
-6.500134468078613, 5.827539920806885 
6.529294967651367, -6.097250938415527 
-7.7854084968566895, 6.994319915771484 
-7.562108993530273, 6.802634239196777 
-10.575779914855957, 9.51848316192627 
-8.917665481567383, 7.990365505218506 
1.571117639541626, -1.574111819267273 
-3.3756344318389893, 2.993457078933716 
-8.810625076293945, 7.921926021575928 
6.089811325073242, -5.707338809967041 
-6.926969528198242, 6.2053608894348145 
6.895778179168701, -6.439058780670166 
9.39354419708252, -8.737046241760254 
7.584336757659912, -7.101192951202393 
-8.679533958435059, 7.776411533355713 
3.8427975177764893, -3.6205244064331055 
7.027684688568115, -6.610083103179932 
6.746615886688232, -6.331918239593506 
7.900984287261963, -7.386183261871338 
7.967794895172119, -7.433216571807861 
8.674005508422852, -8.100361824035645 
6.526132106781006, -6.141205310821533 
6.553435802459717, -6.142167568206787 
1.0992929935455322, -1.1157101392745972 
-6.514847278594971, 5.830943584442139 
8.754654884338379, -8.18358325958252 
3.6441545486450195, -3.4261443614959717 
-8.170717239379883, 7.359137058258057 
-10.209512710571289, 9.172648429870605 
-6.902529239654541, 6.204931735992432 
-9.981376647949219, 8.979464530944824 
8.670594215393066, -8.09595775604248 
5.040672779083252, -4.734652996063232 
6.04134464263916, -5.670661926269531 
-8.254722595214844, 7.413978576660156 
3.108440637588501, -2.9770264625549316 
-2.7019641399383545, 2.335479497909546 
6.207343578338623, -5.834462642669678 
-9.715776443481445, 8.731560707092285 
-9.6514892578125, 8.690510749816895 
-7.454003810882568, 6.676039218902588 
9.783182144165039, -9.148311614990234 
-8.875831604003906, 7.960773944854736 
0.4667483866214752, -0.5328505039215088 
9.924422264099121, -9.265036582946777 
2.1864731311798096, -2.093801975250244 
-5.987602710723877, 5.379408359527588 
-1.8660141229629517, 1.6208653450012207 
-4.210794925689697, 3.717014789581299 
7.39667272567749, -6.945796489715576 
7.604816913604736, -7.136133670806885 
8.493852615356445, -7.923540115356445 
9.188417434692383, -8.573922157287598 
7.9779486656188965, -7.468291759490967 
-3.599494695663452, 3.197922945022583 
-9.163440704345703, 8.228435516357422 
5.962788105010986, -5.566732406616211 
-7.801533222198486, 6.960535526275635 
6.673228740692139, -6.290176868438721 
-5.934823036193848, 5.295393943786621 
8.423712730407715, -7.891977787017822 
8.755615234375, -8.17836856842041 
6.259962558746338, -5.917551517486572 
-0.7506946921348572, 0.5674946308135986 
-7.340538024902344, 6.6003642082214355 
8.744993209838867, -8.19311809539795 
6.8972086906433105, -6.4517436027526855 
-9.368241310119629, 8.438689231872559 
-3.8170382976531982, 3.3877334594726562 
1.2970528602600098, -1.3143924474716187 
8.444696426391602, -7.857080936431885 
-6.232640743255615, 5.583465099334717 
9.020404815673828, -8.462584495544434 
-8.66325855255127, 7.779788494110107 
9.54880142211914, -8.87240219116211 
-10.10396957397461, 9.104174613952637 
-9.187492370605469, 8.259066581726074 
-4.7957987785339355, 4.28169584274292 
3.004624605178833, -2.9131250381469727 
8.043071746826172, -7.544471740722656 
-9.541973114013672, 8.542622566223145 
-6.862890243530273, 6.121626377105713 
8.577621459960938, -7.994159698486328 
-9.292099952697754, 8.353837013244629 
-5.192420959472656, 4.621400356292725 
7.874422550201416, -7.35253381729126 
4.8140950202941895, -4.532511234283447 
-9.81011962890625, 8.801883697509766 
-7.498889923095703, 6.726447105407715 
5.56085205078125, -5.209563732147217 
-10.346553802490234, 9.309581756591797 
8.354438781738281, -7.814060211181641 
-7.778410911560059, 6.9610981941223145 
-9.618638038635254, 8.658064842224121 
-2.6319925785064697, 2.3021674156188965 
8.075058937072754, -7.598212718963623 
-3.4463753700256348, 3.011375904083252 
6.690824031829834, -6.307642936706543 
-9.235126495361328, 8.297133445739746 
3.4210712909698486, -3.329047441482544 
10.944852828979492, -10.223331451416016 
-9.186422348022461, 8.2504301071167 
7.084257125854492, -6.653074741363525 
7.375213146209717, -6.896372318267822 
9.811624526977539, -9.146411895751953 
7.32692289352417, -6.875918865203857 
-7.682607650756836, 6.909595489501953 
0.7338240742683411, -0.8173491954803467 
-7.629634857177734, 6.835304260253906 
-6.37637996673584, 5.705197811126709 
7.750604629516602, -7.227928638458252 
1.392796516418457, -1.3912211656570435 
-9.191629409790039, 8.264937400817871 
-6.508727073669434, 5.831561088562012 
6.739161014556885, -6.307844638824463 
9.943387031555176, -9.268816947937012 
10.780951499938965, -10.067266464233398 
5.105198383331299, -4.801187038421631 
-9.872274398803711, 8.886638641357422 
6.363749027252197, -5.962801456451416 
7.7575225830078125, -7.248129367828369 
-9.921544075012207, 8.942065238952637 
-8.88045597076416, 7.954041957855225 
8.333670616149902, -7.81358528137207 
0.2455310970544815, -0.37750357389450073 
-10.161224365234375, 9.154082298278809 
2.706132650375366, -2.589282274246216 
-10.07384204864502, 9.050854682922363 
9.751119613647461, -9.081963539123535 
6.534610748291016, -6.161006927490234 
10.663010597229004, -9.958762168884277 
9.625354766845703, -8.979496955871582 
6.11562967300415, -5.7575907707214355 
-1.6691672801971436, 1.405322790145874 
-10.528708457946777, 9.47217082977295 
-6.702430248260498, 6.001378059387207 
-7.557977199554443, 6.768204212188721 
-6.685908317565918, 5.982056140899658 
8.504504203796387, -7.913156986236572 
10.099264144897461, -9.402063369750977 
3.8473589420318604, -3.660792350769043 
5.589784145355225, -5.2597336769104 
-9.572732925415039, 8.611538887023926 
-2.1073830127716064, 1.818177580833435 
9.172359466552734, -8.60578727722168 
9.470203399658203, -8.855286598205566 
8.733349800109863, -8.15908432006836 
-9.807862281799316, 8.81355094909668 
10.22655200958252, -9.518538475036621 
-6.454319477081299, 5.767548561096191 
8.6719970703125, -8.0862455368042 
-1.4164535999298096, 1.211922287940979 
8.011666297912598, -7.456406593322754 
4.116332530975342, -3.904106378555298 
9.080337524414062, -8.52048397064209 
3.85848069190979, -3.6131680011749268 
-6.326399326324463, 5.614512920379639 
-8.540533065795898, 7.657360076904297 
7.948745250701904, -7.41770601272583 
-9.754344940185547, 8.757111549377441 
-7.598005771636963, 6.846618175506592 
-8.28451919555664, 7.4488348960876465 
-8.694696426391602, 7.80872106552124 
7.714822292327881, -7.210901737213135 
-8.765804290771484, 7.862737655639648 
-8.954524040222168, 8.057503700256348 
-4.233419418334961, 3.724546432495117 
5.8511176109313965, -5.522980690002441 
-6.786157131195068, 6.071459770202637 
3.0311176776885986, -2.9201197624206543 
-7.758524417877197, 6.967421054840088 
8.075237274169922, -7.559376239776611 
-9.129981994628906, 8.208420753479004 
-7.222729206085205, 6.444012641906738 
-5.660069465637207, 5.030908107757568 
9.281511306762695, -8.649796485900879 
9.43551254272461, -8.806214332580566 
-10.041748046875, 9.012699127197266 
-1.953801155090332, 1.6735111474990845 
-1.5864880084991455, 1.3263241052627563 
-7.341029644012451, 6.571376323699951 
9.689706802368164, -9.058350563049316 
8.374784469604492, -7.806504726409912 
-1.6967277526855469, 1.4163298606872559 
-9.846445083618164, 8.827199935913086 
-7.582482814788818, 6.79671049118042 
7.553476810455322, -7.065921306610107 
8.480757713317871, -7.91275691986084 
4.0648016929626465, -3.7975528240203857 
-6.519083023071289, 5.843651294708252 
8.91778564453125, -8.323725700378418 
-4.426370620727539, 3.9263384342193604 
6.962632656097412, -6.5056939125061035 
-5.3298258781433105, 4.718635082244873 
-7.804922580718994, 7.002614498138428 
0.9145267605781555, -0.9653186798095703 
-0.053034838289022446, -0.1116916835308075 
4.682302951812744, -4.46406888961792 
7.063221454620361, -6.668919086456299 
-4.120662212371826, 3.638795852661133 
3.735910654067993, -3.594148874282837 
4.427450180053711, -4.17080545425415 
-4.238836288452148, 3.7111148834228516 
-8.208791732788086, 7.3816237449646 
5.16608190536499, -4.88459587097168 
9.298704147338867, -8.69442081451416 
8.557954788208008, -7.998468399047852 
4.051660537719727, -3.839858293533325 
10.269779205322266, -9.591401100158691 
9.044964790344238, -8.445982933044434 
-9.706825256347656, 8.713329315185547 
-8.571674346923828, 7.70369291305542 
8.591270446777344, -8.029996871948242 
-4.683700084686279, 4.146545886993408 
6.234014987945557, -5.8825602531433105 
6.254791736602783, -5.893399715423584 
-7.0138020515441895, 6.2982869148254395 
7.788595199584961, -7.254618167877197 
-9.935981750488281, 8.939971923828125 
8.98733901977539, -8.392831802368164 
-2.491386651992798, 2.1479055881500244 
-5.640355587005615, 5.0546183586120605 
8.720251083374023, -8.112322807312012 
6.701837062835693, -6.296471118927002 
-9.371631622314453, 8.39611530303955 
7.784017086029053, -7.2572431564331055 
-9.289173126220703, 8.37742805480957 
-8.664956092834473, 7.76293420791626 
8.472938537597656, -7.967592716217041 
-0.6919335126876831, 0.4609835147857666 
-7.536836624145508, 6.768070697784424 
-9.566886901855469, 8.602307319641113 
-2.263399839401245, 1.8982027769088745 
9.181662559509277, -8.609477996826172 
9.646299362182617, -9.01218032836914 
-4.985807418823242, 4.446698188781738 
-3.7055184841156006, 3.249675750732422 
7.213460922241211, -6.7508978843688965 
-0.9074859619140625, 0.6748247742652893 
-6.879637241363525, 6.14227819442749 
7.278625965118408, -6.818014621734619 
9.17123031616211, -8.558165550231934 
7.746827602386475, -7.24035120010376 
-8.742379188537598, 7.877455711364746 
6.009714603424072, -5.650806427001953 
-2.3114750385284424, 1.9901140928268433 
-9.700957298278809, 8.713727951049805 
3.411639928817749, -3.2508585453033447 
-7.564642906188965, 6.821452617645264 
-0.2429516464471817, 0.12175333499908447 
-2.2570724487304688, 1.9248732328414917 
9.326340675354004, -8.732905387878418 
7.916426181793213, -7.428520202636719 
-9.285943984985352, 8.365737915039062 
-7.735562801361084, 6.964257717132568 
-9.618709564208984, 8.645787239074707 
9.589827537536621, -8.953652381896973 
-2.3580482006073, 2.044481039047241 
-8.713665008544922, 7.8336005210876465 
7.418956279754639, -6.932318210601807 
-8.19381332397461, 7.322055339813232 
7.5967020988464355, -7.122801780700684 
9.632344245910645, -8.955893516540527 
4.713094711303711, -4.450099468231201 
-6.840673923492432, 6.141164302825928 
8.132905960083008, -7.5658745765686035 
-8.690753936767578, 7.814632892608643 
4.140975475311279, -3.9589860439300537 
-4.759278297424316, 4.232605457305908 
-10.066110610961914, 9.056660652160645 
7.6869587898254395, -7.185648441314697 
-4.5077996253967285, 3.9739649295806885 
-10.099419593811035, 9.091644287109375 
-9.760712623596191, 8.775155067443848 
-7.634681701660156, 6.8716936111450195 
10.022525787353516, -9.356823921203613 
8.898672103881836, -8.300821304321289 
7.381189823150635, -6.8884124755859375 
5.452821731567383, -5.191174030303955 
1.0280957221984863, -1.094044804573059 
-9.073186874389648, 8.152850151062012 
-8.236087799072266, 7.403763771057129 
7.873898983001709, -7.361808776855469 
-8.367688179016113, 7.52114200592041 
-8.18255615234375, 7.3514723777771 
0.8895784616470337, -0.9497073888778687 
8.289669036865234, -7.756896018981934 
7.67642068862915, -7.1760334968566895 
-5.299135684967041, 4.707091808319092 
3.434697389602661, -3.28620982170105 
9.158699035644531, -8.53061580657959 
7.98785924911499, -7.468098163604736 
6.741566181182861, -6.301584243774414 
-8.828424453735352, 7.9149088859558105 
-9.848997116088867, 8.864550590515137 
-8.669822692871094, 7.801623344421387 
-9.28207778930664, 8.338536262512207 
-3.5427064895629883, 3.124985456466675 
-6.395562171936035, 5.727879047393799 
-8.159977912902832, 7.340056896209717 
-8.9180908203125, 8.017998695373535 
-6.671389102935791, 5.9540791511535645 
0.04524298012256622, -0.1651574820280075 
-8.92564582824707, 8.023640632629395 
8.221879959106445, -7.717907428741455 
9.710567474365234, -9.037673950195312 
3.800485372543335, -3.6367228031158447 
-6.993865013122559, 6.285487651824951 
-7.697430610656738, 6.905864715576172 
8.64831256866455, -8.075827598571777 
3.801356077194214, -3.5761024951934814 
-9.10589599609375, 8.170788764953613 
-0.05346880853176117, -0.07740308344364166 
9.372259140014648, -8.748970985412598 
2.0499322414398193, -2.0227081775665283 
6.287838935852051, -5.884252548217773 
10.240671157836914, -9.548480033874512 
6.9052839279174805, -6.47029447555542 
9.792284965515137, -9.131499290466309 
9.406359672546387, -8.767847061157227 
10.719192504882812, -10.01391887664795 
-8.04593276977539, 7.221463680267334 
8.757560729980469, -8.212788581848145 
-5.61415958404541, 4.9791178703308105 
7.776289463043213, -7.307008743286133 
-9.363912582397461, 8.416543006896973 
-8.169633865356445, 7.315062046051025 
-8.122936248779297, 7.311580181121826 
-7.9613566398620605, 7.139352321624756 
8.945514678955078, -8.373547554016113 
-8.715633392333984, 7.8267903327941895 
7.6010284423828125, -7.096175193786621 
-8.232723236083984, 7.372350692749023 
8.974992752075195, -8.404186248779297 
-8.994937896728516, 8.099198341369629 
-8.902475357055664, 7.9984354972839355 
9.398693084716797, -8.772379875183105 
8.699965476989746, -8.149683952331543 
2.53285551071167, -2.4072821140289307 
6.911921977996826, -6.504909038543701 
6.350502967834473, -5.955880165100098 
-2.906548023223877, 2.515320062637329 
7.363487720489502, -6.886596202850342 
-8.986919403076172, 8.054208755493164 
-1.44831120967865, 1.1663042306900024 
10.169315338134766, -9.528165817260742 
-7.149120807647705, 6.414700031280518 
10.2786283493042, -9.589319229125977 
-5.906312465667725, 5.20416784286499 
-10.222346305847168, 9.196106910705566 
-5.836143493652344, 5.228623867034912 
-3.1982123851776123, 2.825765371322632 
8.029545783996582, -7.494430065155029 
5.321437835693359, -5.024825572967529 
-7.597559452056885, 6.809274196624756 
-9.63861083984375, 8.655120849609375 
5.489792346954346, -5.1616997718811035 
9.111532211303711, -8.534602165222168 
7.452362537384033, -6.9799346923828125 
8.089725494384766, -7.57870626449585 
-3.2537622451782227, 2.827587366104126 
6.853550434112549, -6.442537784576416 
9.002338409423828, -8.456130027770996 
9.513628005981445, -8.891571998596191 
-9.265893936157227, 8.334671974182129 
-7.232800006866455, 6.455869674682617 
10.157742500305176, -9.481405258178711 
10.57991886138916, -9.886467933654785 
-9.006067276000977, 8.086400985717773 
7.0052056312561035, -6.582446098327637 
-3.449280261993408, 3.0287187099456787 
11.342754364013672, -10.546568870544434 
-8.957145690917969, 8.0343656539917 
9.714794158935547, -9.081695556640625 
8.889474868774414, -8.319504737854004 
-9.135458946228027, 8.205221176147461 
-9.645113945007324, 8.691271781921387 
-6.377129077911377, 5.675405025482178 
3.178179979324341, -3.015387773513794 
9.02113151550293, -8.41124439239502 
-5.051448345184326, 4.500906944274902 
8.000553131103516, -7.4745378494262695 
-9.594575881958008, 8.64400863647461 
6.730192184448242, -6.276883602142334 
-9.477266311645508, 8.524890899658203 
-1.1017357110977173, 0.8826861381530762 
-8.829705238342285, 7.9498610496521 
5.133543491363525, -4.852688312530518 
-0.288836270570755, 0.13249893486499786 
9.825252532958984, -9.217425346374512 
8.426749229431152, -7.890702724456787 
-2.903026819229126, 2.5547938346862793 
9.215959548950195, -8.617915153503418 
8.826610565185547, -8.293623924255371 
6.1406779289245605, -5.782365798950195 
9.897293090820312, -9.229409217834473 
-9.081579208374023, 8.182663917541504 
-9.993273735046387, 8.964333534240723 
-5.5131144523620605, 4.887254238128662 
-9.321138381958008, 8.367342948913574 
-7.687924861907959, 6.8524088859558105 
-9.334524154663086, 8.402149200439453 
6.848333835601807, -6.428475856781006 
1.7558343410491943, -1.7095742225646973 
-7.835443496704102, 7.034690856933594 
9.088420867919922, -8.474200248718262 
-10.359090805053711, 9.316725730895996 
-10.145923614501953, 9.1181058883667 
-6.665730953216553, 5.9500250816345215 
-3.2358086109161377, 2.8637821674346924 
5.497496604919434, -5.133269309997559 
8.93101692199707, -8.382258415222168 
8.839183807373047, -8.275938987731934 
10.84619140625, -10.063072204589844 
9.276435852050781, -8.695416450500488 
-9.62806510925293, 8.649831771850586 
4.968992233276367, -4.72041130065918 
-7.387388229370117, 6.6350626945495605 
8.018777847290039, -7.519343376159668 
8.642694473266602, -8.084104537963867 
-4.585996150970459, 4.101783275604248 
-5.415730953216553, 4.865383625030518 
8.679025650024414, -8.100536346435547 
8.34187126159668, -7.791311740875244 
7.237600326538086, -6.77205228805542 
-9.008932113647461, 8.091666221618652 
-5.842350482940674, 5.220515727996826 
7.202164173126221, -6.8142900466918945 
-7.346170902252197, 6.549981594085693 
5.944796562194824, -5.6041178703308105 
8.785579681396484, -8.193268775939941 
-9.241645812988281, 8.290704727172852 
6.410994052886963, -6.016213417053223 
-6.122338771820068, 5.452853202819824 
8.060070037841797, -7.538092613220215 
7.964617729187012, -7.4823784828186035 
-9.579530715942383, 8.61060619354248 
8.878097534179688, -8.248425483703613 
9.903005599975586, -9.24088191986084 
-2.396411180496216, 2.094757318496704 
-7.951423168182373, 7.149025917053223 
-8.710790634155273, 7.825040817260742 
8.294244766235352, -7.731529712677002 
-8.597965240478516, 7.7241597175598145 
3.406120538711548, -3.221712827682495 
7.099459648132324, -6.625032424926758 
-7.5900044441223145, 6.7997565269470215 
9.271943092346191, -8.668776512145996 
9.431132316589355, -8.808357238769531 
9.674959182739258, -9.040205955505371 
-9.00643539428711, 8.07840633392334 
-9.892533302307129, 8.887653350830078 
10.115148544311523, -9.432417869567871 
-9.509038925170898, 8.548596382141113 
8.65401840209961, -8.074423789978027 
7.990921497344971, -7.487709999084473 
8.66270637512207, -8.095096588134766 
8.149805068969727, -7.639270782470703 
7.938891410827637, -7.418226718902588 
-7.776741981506348, 6.993407249450684 
9.753192901611328, -9.080163955688477 
-9.926843643188477, 8.916375160217285 
9.271718978881836, -8.633137702941895 
-3.538172721862793, 3.0857784748077393 
-6.2492523193359375, 5.585936069488525 
-9.076927185058594, 8.172524452209473 
8.543682098388672, -7.997704029083252 
-9.493955612182617, 8.531937599182129 
7.143011569976807, -6.720434188842773 
-0.03971892595291138, -0.13313670456409454 
8.793468475341797, -8.22250747680664 
-8.286476135253906, 7.438090801239014 
10.58163070678711, -9.887612342834473 
7.87431001663208, -7.3811516761779785 
-9.045080184936523, 8.14958667755127 
-8.754664421081543, 7.877087116241455 
-7.237391471862793, 6.503526210784912 
-6.801644802093506, 6.113134860992432 
-0.43198198080062866, 0.250893771648407 
-6.220036029815674, 5.568826198577881 
-10.127464294433594, 9.090338706970215 
-0.958598256111145, 0.7332389950752258 
-2.8021414279937744, 2.4014408588409424 
9.023347854614258, -8.406760215759277 
8.425861358642578, -7.879505157470703 
7.494836807250977, -7.0163750648498535 
-6.982621669769287, 6.25360631942749 
8.983097076416016, -8.434582710266113 
-9.88275146484375, 8.90380573272705 
-9.616887092590332, 8.623480796813965 
1.1118698120117188, -1.1354917287826538 
9.676751136779785, -9.025317192077637 
-8.837234497070312, 7.9419121742248535 
-8.326868057250977, 7.488694667816162 
4.958277225494385, -4.64292049407959 
11.040376663208008, -10.279261589050293 
9.630182266235352, -8.998881340026855 
7.371931552886963, -6.8899149894714355 
-5.867974281311035, 5.2208428382873535 
7.7424540519714355, -7.196191310882568 
-10.353887557983398, 9.301414489746094 
10.327656745910645, -9.632407188415527 
-9.097236633300781, 8.183903694152832 
8.567020416259766, -8.020236015319824 
7.87892484664917, -7.356496810913086 
7.405645847320557, -7.004809379577637 
-6.206442356109619, 5.561476707458496 
10.94649600982666, -10.212981224060059 
-5.580190181732178, 4.940715789794922 
9.866771697998047, -9.228931427001953 
6.812454700469971, -6.384375095367432 
9.166909217834473, -8.548779487609863 
-8.507040023803711, 7.653885841369629 
-8.060129165649414, 7.229861736297607 
-6.626837253570557, 5.907074451446533 
-9.342805862426758, 8.408401489257812 
8.997232437133789, -8.39571475982666 
7.559711933135986, -7.067059516906738 
-8.428999900817871, 7.612225532531738 
-9.14961051940918, 8.236275672912598 
8.383781433105469, -7.841166973114014 
-10.104991912841797, 9.085148811340332 
-7.884329795837402, 7.038280487060547 
1.7238926887512207, -1.706837773323059 
-9.209634780883789, 8.264800071716309 
-7.158413887023926, 6.420618057250977 
-6.8146185874938965, 6.119966506958008 
4.38428258895874, -4.1499199867248535 
-9.910916328430176, 8.924690246582031 
-0.5661698579788208, 0.4115346670150757 
5.492678165435791, -5.138254642486572 
-7.129969120025635, 6.380675792694092 
6.250830173492432, -5.872045040130615 
4.052221775054932, -3.865480899810791 
9.25163459777832, -8.649568557739258 
-10.060909271240234, 9.052029609680176 
9.488349914550781, -8.843688011169434 
7.675239086151123, -7.157809257507324 
-9.838897705078125, 8.844058990478516 
-8.32223129272461, 7.499344348907471 
-4.9184112548828125, 4.374683856964111 
-6.908952236175537, 6.179384231567383 
9.868609428405762, -9.196207046508789 
0.05263392627239227, -0.24949657917022705 
-6.559487342834473, 5.833280086517334 
10.022997856140137, -9.303174018859863 
-9.23239803314209, 8.317204475402832 
-8.275922775268555, 7.444430828094482 
-6.6276445388793945, 5.922550678253174 
-1.721510887145996, 1.4705625772476196 
7.254632472991943, -6.791816711425781 
-1.032618522644043, 0.8166429400444031 
10.016069412231445, -9.364165306091309 
-10.26618766784668, 9.221671104431152 
8.62543773651123, -8.064533233642578 
2.2362782955169678, -2.1364052295684814 
-3.2546885013580322, 2.8602454662323 
6.823387145996094, -6.35978889465332 
-9.867076873779297, 8.875934600830078 
-7.921984672546387, 7.10176420211792 
-6.915737628936768, 6.189458847045898 
-9.63446044921875, 8.661272048950195 
8.685617446899414, -8.11712646484375 
-10.10602855682373, 9.094938278198242 
9.805488586425781, -9.131758689880371 
6.534745216369629, -6.137988567352295 
-4.867893218994141, 4.3035502433776855 
8.164281845092773, -7.684868335723877 
-9.833648681640625, 8.84766960144043 
-9.333308219909668, 8.373254776000977 
8.854974746704102, -8.277816772460938 
-7.1852006912231445, 6.419845104217529 
8.33022403717041, -7.812638282775879 
-5.722415447235107, 5.100755214691162 
-8.969213485717773, 8.020842552185059 
-7.184194564819336, 6.400050163269043 
-7.729079723358154, 6.932565212249756 
-7.119773864746094, 6.399746417999268 
8.914247512817383, -8.341508865356445 
1.0766725540161133, -1.094616174697876 
-8.984185218811035, 8.085553169250488 
-8.636964797973633, 7.762509822845459 
-8.706634521484375, 7.8298420906066895 
-8.846820831298828, 7.953247547149658 
-9.181028366088867, 8.238539695739746 
-10.447242736816406, 9.39540958404541 
-5.985781669616699, 5.346944332122803 
8.355896949768066, -7.807767868041992 
-10.033300399780273, 9.020636558532715 
8.043234825134277, -7.5223612785339355 
7.745450496673584, -7.2376203536987305 
-3.8528614044189453, 3.34956955909729 
-8.055333137512207, 7.2332682609558105 
-8.48897933959961, 7.6005144119262695 
2.1161491870880127, -2.0289976596832275 
2.067964792251587, -2.007357120513916 
-6.641341209411621, 5.937722682952881 
-9.98183822631836, 8.972467422485352 
11.222372055053711, -10.434813499450684 
-4.923770427703857, 4.377744674682617 
-8.096292495727539, 7.280295372009277 
-3.8219523429870605, 3.3773818016052246 
7.447922229766846, -6.974279403686523 
-8.7835693359375, 7.915050029754639 
5.881809234619141, -5.517711639404297 
-10.209697723388672, 9.163331031799316 
-6.707127571105957, 6.0164384841918945 
9.03984546661377, -8.394779205322266 
10.819077491760254, -10.076016426086426 
4.926357746124268, -4.6650614738464355 
6.939945220947266, -6.4980998039245605 
6.504490375518799, -6.091634273529053 
-7.581834316253662, 6.80061674118042 
9.904633522033691, -9.232306480407715 
9.213736534118652, -8.629612922668457 
-10.251214981079102, 9.206490516662598 
-9.182088851928711, 8.241654396057129 
-9.277912139892578, 8.352084159851074 
0.6559283137321472, -0.7034745216369629 
8.039982795715332, -7.5097575187683105 
-9.883626937866211, 8.894476890563965 
8.658411026000977, -8.09054183959961 
-5.324477195739746, 4.746840000152588 
7.064437389373779, -6.611933708190918 
-4.070185661315918, 3.593874216079712 
-8.603757858276367, 7.746341228485107 
-5.874149799346924, 5.233946323394775 
-2.1342380046844482, 1.8506683111190796 
9.174447059631348, -8.574065208435059 
9.232503890991211, -8.628273010253906 
9.028562545776367, -8.454764366149902 
9.24560546875, -8.627223014831543 
-9.027084350585938, 8.102384567260742 
-5.999831676483154, 5.328791618347168 
-10.06476879119873, 9.06414794921875 
-9.798051834106445, 8.79523754119873 
8.712594985961914, -8.185601234436035 
9.406867980957031, -8.748866081237793 
8.834009170532227, -8.2567720413208 
8.759071350097656, -8.181548118591309 
-10.468875885009766, 9.421929359436035 
5.541543960571289, -5.202225208282471 
10.039478302001953, -9.372360229492188 
-8.067861557006836, 7.224758148193359 
10.425140380859375, -9.729509353637695 
-8.171293258666992, 7.3636627197265625 
-6.936542987823486, 6.229080677032471 
7.672001838684082, -7.1527533531188965 
6.85744571685791, -6.414247035980225 
8.322875022888184, -7.7752180099487305 
9.11958122253418, -8.487065315246582 
-9.361373901367188, 8.421103477478027 
-9.608160018920898, 8.644113540649414 
7.725098609924316, -7.257374286651611 
-5.379517078399658, 4.8112945556640625 
8.48853588104248, -7.943586826324463 
-7.962887763977051, 7.126570224761963 
10.96304702758789, -10.253693580627441 
-7.341935157775879, 6.578433036804199 
6.3721089363098145, -5.949037075042725 
-9.25830364227295, 8.334967613220215 
7.961940288543701, -7.466609477996826 
4.164483547210693, -3.9607512950897217 
-0.6907511949539185, 0.5285969376564026 
-8.077544212341309, 7.241579055786133 
-9.564876556396484, 8.610823631286621 
9.23712158203125, -8.589982986450195 
-3.7015883922576904, 3.2599637508392334 
2.495415210723877, -2.4462807178497314 
10.599078178405762, -9.884780883789062 
0.17330722510814667, -0.24056720733642578 
-7.640730381011963, 6.874615669250488 
-7.767678737640381, 6.931705951690674 
-9.11630630493164, 8.159446716308594 
-7.113264560699463, 6.368407249450684 
-9.950111389160156, 8.959362983703613 
8.38895320892334, -7.832408428192139 
9.647893905639648, -9.019110679626465 
7.339477062225342, -6.863307476043701 
-0.4946015179157257, 0.34351933002471924 
7.752390384674072, -7.2635087966918945 
-7.488883018493652, 6.676842212677002 
-9.11694049835205, 8.190815925598145 
-6.004683971405029, 5.368353366851807 
-10.173238754272461, 9.142546653747559 
-2.9612557888031006, 2.609328031539917 
8.515949249267578, -7.931492328643799 
-0.2862430810928345, 0.17816559970378876 
8.438796997070312, -7.878793239593506 
9.51064395904541, -8.903180122375488 
-9.321882247924805, 8.361265182495117 
9.088817596435547, -8.526999473571777 
1.3755189180374146, -1.3898826837539673 
7.4615654945373535, -7.019401550292969 
-8.117415428161621, 7.279336452484131 
-9.344386100769043, 8.394248008728027 
-9.000959396362305, 8.092281341552734 
-6.047874450683594, 5.419544696807861 
8.432928085327148, -7.856354236602783 
7.800291538238525, -7.3400044441223145 
-9.327978134155273, 8.386752128601074 
5.966258525848389, -5.601624488830566 
-10.398503303527832, 9.348971366882324 
6.035094738006592, -5.69601583480835 
-8.948023796081543, 8.045209884643555 
4.326635837554932, -4.130786418914795 
-3.744361639022827, 3.2973761558532715 
-8.34701919555664, 7.48814582824707 
8.698625564575195, -8.109869003295898 
6.866429328918457, -6.464294910430908 
-7.504687309265137, 6.733950138092041 
8.282479286193848, -7.794195652008057 
7.784615516662598, -7.288421154022217 
1.3144419193267822, -1.304533839225769 
-9.026881217956543, 8.111190795898438 
8.171968460083008, -7.640661716461182 
-5.35731840133667, 4.7548418045043945 
8.300235748291016, -7.7476935386657715 
6.592589378356934, -6.193902015686035 
7.833399295806885, -7.3462395668029785 
7.881931781768799, -7.389793395996094 
9.873479843139648, -9.199585914611816 
8.517187118530273, -8.00018310546875 
9.925590515136719, -9.285561561584473 
-5.259257793426514, 4.620725631713867 
-9.447803497314453, 8.508157730102539 
7.75390100479126, -7.256444931030273 
-5.0502519607543945, 4.5085368156433105 
-3.49487566947937, 3.1052346229553223 
5.080327987670898, -4.764462947845459 
7.18139123916626, -6.722748279571533 
-8.556585311889648, 7.721280574798584 
5.886526584625244, -5.55748176574707 
-8.249456405639648, 7.404902935028076 
-7.962154388427734, 7.138206958770752 
-7.190388202667236, 6.414464950561523 
-6.878726482391357, 6.151582717895508 
8.78526496887207, -8.215886116027832 
-5.556534767150879, 4.957555294036865 
-6.565152645111084, 5.901611328125 
-8.728158950805664, 7.855606555938721 
-4.042749404907227, 3.585096597671509 
0.19715748727321625, -0.28791582584381104 
-8.050012588500977, 7.22523832321167 
9.948954582214355, -9.323294639587402 
9.374421119689941, -8.75767707824707 
6.322190284729004, -5.941673278808594 
5.628703594207764, -5.317624568939209 
-4.243309020996094, 3.765456438064575 
-6.3581414222717285, 5.691208839416504 
1.594365119934082, -1.6027981042861938 
-5.651167392730713, 5.026147365570068 
-5.710499286651611, 5.065593719482422 
-4.768476963043213, 4.183363437652588 
-4.028116703033447, 3.5574514865875244 
3.507835626602173, -3.3660390377044678 
-7.504108428955078, 6.734647750854492 
9.378056526184082, -8.741938591003418 
-1.4491665363311768, 1.2242244482040405 
10.571117401123047, -9.844099998474121 
-6.34399938583374, 5.692624092102051 
5.552426815032959, -5.163519382476807 
-7.3444905281066895, 6.591010093688965 
-7.904947280883789, 7.081399440765381 
-7.7013936042785645, 6.901432037353516 
8.14673900604248, -7.61568021774292 
6.719109535217285, -6.284016132354736 
4.861489295959473, -4.588526248931885 
9.355209350585938, -8.716565132141113 
-9.161446571350098, 8.242973327636719 
-6.442534923553467, 5.809689044952393 
7.793247699737549, -7.298623561859131 
-8.13995361328125, 7.295517444610596 
-2.265202522277832, 1.9081963300704956 
8.488025665283203, -7.918083667755127 
-9.55876636505127, 8.56893253326416 
-1.6419519186019897, 1.374263882637024 
-7.403814792633057, 6.653400897979736 
11.072017669677734, -10.285693168640137 
5.567183017730713, -5.2255353927612305 
-9.529123306274414, 8.53508186340332 
3.1648714542388916, -3.085580825805664 
-4.557307243347168, 4.058374881744385 
-7.98534631729126, 7.125878810882568 
5.483234882354736, -5.200506687164307 
3.7936830520629883, -3.635119915008545 
6.794774055480957, -6.3675127029418945 
8.480611801147461, -7.929125785827637 
-3.151827096939087, 2.748598337173462 
5.922542095184326, -5.59255838394165 
-8.963275909423828, 8.029253005981445 
-4.516672611236572, 4.038691997528076 
-9.183829307556152, 8.266799926757812 
9.410202026367188, -8.782326698303223 
8.835075378417969, -8.238042831420898 
-3.3098666667938232, 2.918872833251953 
-3.154271364212036, 2.7668817043304443 
5.0081562995910645, -4.776058197021484 
-6.682680606842041, 6.016658782958984 
10.100669860839844, -9.455708503723145 
-1.0837147235870361, 0.8573083281517029 
8.928407669067383, -8.34268856048584 
10.566205024719238, -9.85104751586914 
-9.998767852783203, 9.005953788757324 
2.6931989192962646, -2.5901453495025635 
-3.7682268619537354, 3.3332431316375732 
-8.597929000854492, 7.729211807250977 
-8.79509162902832, 7.915320873260498 
-3.977465867996216, 3.517786979675293 
9.947881698608398, -9.272247314453125 
-1.397989273071289, 1.1190193891525269 
8.16263198852539, -7.616660118103027 
2.775846242904663, -2.669605255126953 
-9.060408592224121, 8.136115074157715 
-10.149882316589355, 9.129263877868652 
4.036183834075928, -3.783060073852539 
-8.801010131835938, 7.9173102378845215 
-5.5182671546936035, 4.959221363067627 
-3.385157346725464, 2.983048677444458 
6.679951190948486, -6.290785312652588 
-6.848536491394043, 6.159773349761963 
9.03225326538086, -8.420469284057617 
-1.8498023748397827, 1.5689979791641235 
-9.908102989196777, 8.909232139587402 
-7.661118030548096, 6.8920111656188965 
-8.966060638427734, 8.047196388244629 
9.10693073272705, -8.531557083129883 
-4.895788669586182, 4.375796318054199 
-7.660791397094727, 6.8836541175842285 
6.376558780670166, -6.013550281524658 
-2.2951390743255615, 1.9776934385299683 
-8.364256858825684, 7.516770839691162 
1.4211699962615967, -1.4268468618392944 
5.249512672424316, -4.98736572265625 
-0.6369633078575134, 0.47508668899536133 
7.775269985198975, -7.268792152404785 
4.096656799316406, -3.902860641479492 
-9.534876823425293, 8.566516876220703 
9.15473747253418, -8.560093879699707 
8.64471435546875, -8.078652381896973 
-1.8287309408187866, 1.5679423809051514 
10.662229537963867, -9.928885459899902 
7.123216152191162, -6.676261901855469 
7.347708225250244, -6.897176742553711 
8.122292518615723, -7.617126941680908 
-5.8328142166137695, 5.206542491912842 
-4.961981296539307, 4.391063213348389 
8.663875579833984, -8.110003471374512 
-7.865384578704834, 7.0397515296936035 
-2.448768377304077, 2.13956880569458 
-9.403429985046387, 8.46180534362793 
-8.640362739562988, 7.74823522567749 
-7.1640448570251465, 6.403539180755615 
9.253314971923828, -8.681674003601074 
-6.4673075675964355, 5.770135879516602 
-1.4171397686004639, 1.2064968347549438 
8.46082592010498, -7.9256815910339355 
-9.067306518554688, 8.156750679016113 
-9.09129524230957, 8.184844970703125 
6.018612384796143, -5.641571521759033 
-9.892854690551758, 8.880471229553223 
8.215167999267578, -7.714756011962891 
7.944437503814697, -7.442503929138184 
8.311042785644531, -7.7901434898376465 
-9.022127151489258, 8.116803169250488 
-9.940669059753418, 8.93327808380127 
8.462275505065918, -7.902507305145264 
-5.872713565826416, 5.224534511566162 
-10.011957168579102, 8.997640609741211 
-6.012328624725342, 5.3314127922058105 
-4.706773281097412, 4.197763442993164 
-7.602855205535889, 6.847278118133545 
3.3180782794952393, -3.1958439350128174 
8.177181243896484, -7.681140899658203 
2.0376925468444824, -2.0743861198425293 
6.300328731536865, -5.883777141571045 
2.757639169692993, -2.649667263031006 
-6.110483646392822, 5.465884685516357 
8.368059158325195, -7.855695724487305 
-10.407487869262695, 9.362942695617676 
8.74659538269043, -8.18229866027832 
-5.9188151359558105, 5.245815753936768 
-8.415903091430664, 7.562689304351807 
-3.7279484272003174, 3.31683611869812 
9.976936340332031, -9.29570484161377 
9.149293899536133, -8.564705848693848 
8.688701629638672, -8.148348808288574 
-0.850030779838562, 0.653440535068512 
0.455706924200058, -0.5340775847434998 
-10.182546615600586, 9.151177406311035 
8.848075866699219, -8.249601364135742 
6.584003925323486, -6.2003326416015625 
0.9326436519622803, -1.02749764919281 
-9.148109436035156, 8.225725173950195 
7.9204792976379395, -7.4338788986206055 
-4.499481678009033, 4.002839088439941 
-7.422988414764404, 6.66311502456665 
-8.515270233154297, 7.6454997062683105 
-1.188767910003662, 0.9531453847885132 
-1.214378833770752, 1.0003215074539185 
7.253332614898682, -6.8245720863342285 
-8.490544319152832, 7.6160969734191895 
-1.170554757118225, 0.995229959487915 
-7.505145072937012, 6.731287956237793 
9.884485244750977, -9.215672492980957 
9.694075584411621, -9.035078048706055 
5.448840618133545, -5.125454425811768 
-7.911957740783691, 7.103500843048096 
8.180924415588379, -7.683862686157227 
9.987659454345703, -9.343762397766113 
-9.940460205078125, 8.93702220916748 
7.811817646026611, -7.323269367218018 
5.145584583282471, -4.830562114715576 
-6.935813903808594, 6.200283050537109 
7.245950222015381, -6.805800914764404 
7.709012508392334, -7.194482326507568 
9.665990829467773, -8.997344970703125 
-5.114277362823486, 4.5745062828063965 
-5.407541275024414, 4.797089099884033 
9.55410385131836, -8.914036750793457 
9.612444877624512, -8.983418464660645 
-6.197614669799805, 5.51099967956543 
-9.090428352355957, 8.156364440917969 
-10.29758071899414, 9.277863502502441 
-5.521878242492676, 4.941679954528809 
9.449628829956055, -8.85763931274414 
-6.855546474456787, 6.140893936157227 
-5.369744300842285, 4.778347969055176 
-4.560752868652344, 4.063656806945801 
10.099712371826172, -9.403580665588379 
6.99125337600708, -6.544858455657959 
8.6724853515625, -8.124641418457031 
7.612132549285889, -7.146172046661377 
-8.972146987915039, 8.04068374633789 
-3.1831119060516357, 2.7776949405670166 
8.20655345916748, -7.679011821746826 
-9.514886856079102, 8.569453239440918 
-10.303705215454102, 9.25602912902832 
9.211609840393066, -8.605722427368164 
-9.384056091308594, 8.431916236877441 
-9.797335624694824, 8.806049346923828 
7.933584690093994, -7.406925201416016 
7.449493408203125, -6.967138290405273 
8.091455459594727, -7.565751552581787 
8.303542137145996, -7.735018253326416 
8.356691360473633, -7.837679862976074 
9.305278778076172, -8.667255401611328 
-10.057783126831055, 9.052166938781738 
-10.11019515991211, 9.076070785522461 
0.019822875037789345, -0.1079302728176117 
9.356311798095703, -8.731850624084473 
9.550873756408691, -8.913311004638672 
8.17953872680664, -7.607502460479736 
9.380182266235352, -8.747505187988281 
-7.481106281280518, 6.685079097747803 
-8.077577590942383, 7.267010688781738 
-1.4260919094085693, 1.14707350730896 
-4.535941123962402, 3.9859201908111572 
-9.64811897277832, 8.676154136657715 
-8.622026443481445, 7.745626449584961 
3.840862512588501, -3.6582260131835938 
3.016400098800659, -2.9087390899658203 
-0.3703560531139374, 0.20045332610607147 
-8.400445938110352, 7.541306018829346 
9.367389678955078, -8.754755020141602 
9.1075439453125, -8.512633323669434 
-4.5806965827941895, 4.006418228149414 
9.596635818481445, -8.913948059082031 
6.48077392578125, -6.120423793792725 
-3.2404727935791016, 2.8520472049713135 
-8.416014671325684, 7.561158180236816 
1.4547494649887085, -1.4308947324752808 
-7.095137119293213, 6.367757320404053 
-4.83263635635376, 4.3158087730407715 
7.382777214050293, -6.883543491363525 
-9.464015007019043, 8.48257064819336 
3.645939350128174, -3.4668045043945312 
7.079489231109619, -6.66682243347168 
8.911478042602539, -8.323325157165527 
6.297199249267578, -5.876937389373779 
8.904157638549805, -8.34041690826416 
-7.329527378082275, 6.572851657867432 
-6.821603298187256, 6.08033561706543 
-2.4943318367004395, 2.1816611289978027 
8.80897331237793, -8.209038734436035 
-6.597847938537598, 5.89741849899292 
8.088461875915527, -7.55173921585083 
-9.73228645324707, 8.749085426330566 
-9.917125701904297, 8.909353256225586 
7.152063846588135, -6.733022212982178 
8.43120002746582, -7.887265682220459 
7.505833625793457, -7.0475544929504395 
-3.0011322498321533, 2.6065022945404053 
3.5641162395477295, -3.4276278018951416 
-6.994162082672119, 6.267226696014404 
-10.374964714050293, 9.336338996887207 
-8.204300880432129, 7.37445068359375 
9.12012004852295, -8.507461547851562 
-6.209517002105713, 5.569371700286865 
7.6528425216674805, -7.156650066375732 
8.964764595031738, -8.379239082336426 
-6.5968403816223145, 5.9235520362854 
1.572140097618103, -1.5421565771102905 
-3.099769115447998, 2.750272750854492 
8.830574035644531, -8.254765510559082 
7.511030673980713, -7.024000644683838 
-8.12526798248291, 7.305639266967773 
1.4353605508804321, -1.4617081880569458 
-8.607866287231445, 7.740577697753906 
-9.106350898742676, 8.172011375427246 
-8.759056091308594, 7.883920192718506 
-9.478555679321289, 8.513468742370605 
-9.153018951416016, 8.229989051818848 
-9.86202621459961, 8.838785171508789 
-7.267808437347412, 6.521014213562012 
-8.331178665161133, 7.499326229095459 
8.00765609741211, -7.501284122467041 
-9.449931144714355, 8.500622749328613 
-5.116517543792725, 4.538791656494141 
-9.834997177124023, 8.859257698059082 
-5.881917953491211, 5.244716167449951 
7.963157653808594, -7.45449686050415 
-8.691822052001953, 7.801366806030273 
-4.373734951019287, 3.8547017574310303 
-4.446020603179932, 3.950376272201538 
10.203756332397461, -9.54845142364502 
-1.2215447425842285, 0.9918299913406372 
-9.49221420288086, 8.537063598632812 
7.54660177230835, -7.050121784210205 
7.442483425140381, -6.995163440704346 
-6.3188629150390625, 5.661026477813721 
7.369112491607666, -6.907026290893555 
-9.315972328186035, 8.36283016204834 
7.796496391296387, -7.289172172546387 
-7.833833694458008, 7.030611515045166 
3.090214252471924, -2.9366700649261475 
-6.5851850509643555, 5.8905558586120605 
8.507734298706055, -7.960814952850342 
5.669273853302002, -5.373856544494629 
3.873643398284912, -3.674769878387451 
-8.513765335083008, 7.651029109954834 
7.928474426269531, -7.376439571380615 
-10.242780685424805, 9.208900451660156 
-8.486553192138672, 7.622859001159668 
9.236518859863281, -8.596327781677246 
-5.289903163909912, 4.691662311553955 
-6.831314563751221, 6.119344234466553 
6.20962381362915, -5.800222396850586 
-2.2791333198547363, 1.9684423208236694 
-10.224647521972656, 9.178323745727539 
-9.113166809082031, 8.195963859558105 
8.803241729736328, -8.240321159362793 
8.061344146728516, -7.56209659576416 
8.558835983276367, -7.998494625091553 
7.289721965789795, -6.828470230102539 
8.688653945922852, -8.09457778930664 
-2.847306966781616, 2.458040237426758 
-2.9127774238586426, 2.5180938243865967 
-5.82696533203125, 5.179643154144287 
-7.704313278198242, 6.899394512176514 
8.216094970703125, -7.709400653839111 
6.724050998687744, -6.298774242401123 
-9.569286346435547, 8.586824417114258 
-8.640656471252441, 7.747630596160889 
-7.4306206703186035, 6.6524810791015625 
3.5675904750823975, -3.3960940837860107 
-9.362980842590332, 8.408899307250977 
-9.088134765625, 8.175102233886719 
10.05705451965332, -9.40140151977539 
7.472157001495361, -6.9861674308776855 
8.961384773254395, -8.34597396850586 
8.26926040649414, -7.7822747230529785 
-8.572386741638184, 7.6890339851379395 
4.656347274780273, -4.382710933685303 
7.693495273590088, -7.169869899749756 
4.938366413116455, -4.704292297363281 
10.355722427368164, -9.685229301452637 
-9.506464004516602, 8.543586730957031 
0.7849393486976624, -0.8096510171890259 
7.854428291320801, -7.345519542694092 
9.178675651550293, -8.585270881652832 
-7.057471752166748, 6.289924144744873 
-7.464720249176025, 6.709380626678467 
-1.62796151638031, 1.3598177433013916 
5.3542890548706055, -5.094324588775635 
9.056290626525879, -8.492934226989746 
-3.5554563999176025, 3.123666524887085 
-9.354792594909668, 8.391355514526367 
8.22393798828125, -7.708726406097412 
-6.9877753257751465, 6.282555103302002 
10.223403930664062, -9.53647232055664 
9.473182678222656, -8.854531288146973 
6.271133899688721, -5.852062702178955 
6.682480335235596, -6.2712907791137695 
-9.500916481018066, 8.554695129394531 
-9.963529586791992, 8.970072746276855 
-1.53438138961792, 1.3039268255233765 
7.777157783508301, -7.253489017486572 
8.526216506958008, -7.938157558441162 
-1.7705718278884888, 1.488483190536499 
-9.564309120178223, 8.633667945861816 
-6.753666400909424, 6.0148396492004395 
9.585293769836426, -8.958573341369629 
5.047560214996338, -4.7969970703125 
8.626564025878906, -8.081503868103027 
6.905525207519531, -6.5083088874816895 
6.45025110244751, -6.08720064163208 
-4.167444229125977, 3.7011630535125732 
-8.127095222473145, 7.288824081420898 
-6.077763080596924, 5.427491664886475 
9.136222839355469, -8.51134967803955 
8.297155380249023, -7.77662992477417 
7.866617679595947, -7.3705596923828125 
10.197260856628418, -9.460591316223145 
10.222099304199219, -9.527486801147461 
-10.339815139770508, 9.278008460998535 
-9.792440414428711, 8.829981803894043 
5.53969144821167, -5.19138765335083 
10.725383758544922, -10.035248756408691 
-9.398170471191406, 8.434443473815918 
-7.3770599365234375, 6.618554592132568 
1.732691764831543, -1.736413836479187 
8.15438175201416, -7.689020156860352 
-10.56513786315918, 9.485275268554688 
-8.392250061035156, 7.5230512619018555 
3.715083360671997, -3.5117108821868896 
9.613021850585938, -8.99030590057373 
-4.217456340789795, 3.6898674964904785 
8.457874298095703, -7.922361373901367 
7.315737724304199, -6.848085880279541 
0.9190307855606079, -0.9587304592132568 
-0.4997389614582062, 0.32160985469818115 
-8.223159790039062, 7.380132675170898 
9.483139038085938, -8.87179183959961 
-2.7983763217926025, 2.4135475158691406 
-8.957175254821777, 8.030659675598145 
9.144649505615234, -8.530640602111816 
8.066336631774902, -7.568374156951904 
-9.769895553588867, 8.771248817443848 
9.773085594177246, -9.1539945602417 
-8.966888427734375, 8.048707008361816 
2.212099313735962, -2.176849126815796 
1.4689340591430664, -1.48601496219635 
-10.55025863647461, 9.489192008972168 
8.782419204711914, -8.213286399841309 
10.27810001373291, -9.616016387939453 
-6.751567363739014, 6.061180591583252 
4.827856540679932, -4.5591349601745605 
8.924688339233398, -8.324734687805176 
-7.1542558670043945, 6.42946720123291 
-9.706035614013672, 8.73586368560791 
8.450176239013672, -7.895422458648682 
6.530337810516357, -6.124709129333496 
6.972880840301514, -6.527751922607422 
8.815349578857422, -8.217743873596191 
3.4213387966156006, -3.2564592361450195 
-7.680300235748291, 6.87448787689209 
10.05163288116455, -9.363486289978027 
6.412073612213135, -5.988810062408447 
4.707542896270752, -4.429975986480713 
0.878838300704956, -0.9091634750366211 
8.567684173583984, -7.990716934204102 
-8.45303726196289, 7.5956034660339355 
-9.756706237792969, 8.769536018371582 
-7.66264009475708, 6.884104251861572 
7.661126136779785, -7.204759120941162 
-7.174902439117432, 6.443605899810791 
-6.982346057891846, 6.285330295562744 
-9.3507719039917, 8.408473014831543 
-10.433635711669922, 9.377107620239258 
8.967398643493652, -8.397284507751465 
-10.067560195922852, 9.045854568481445 
5.755912780761719, -5.406309604644775 
-10.194021224975586, 9.16511058807373 
8.104698181152344, -7.604197025299072 
8.480770111083984, -7.911901473999023 
10.155306816101074, -9.479448318481445 
-5.609926700592041, 4.991994857788086 
9.694465637207031, -9.015769958496094 
7.525245189666748, -7.03695011138916 
9.87637710571289, -9.208647727966309 
-7.052761554718018, 6.30863618850708 
9.64803409576416, -9.024482727050781 
8.289388656616211, -7.78773307800293 
-9.099567413330078, 8.201371192932129 
8.225476264953613, -7.7107038497924805 
-6.580191135406494, 5.883877277374268 
-7.054816246032715, 6.310481548309326 
-9.955079078674316, 8.933419227600098 
9.170164108276367, -8.562954902648926 
8.289505004882812, -7.763198375701904 
6.925774097442627, -6.515283584594727 
8.836288452148438, -8.263397216796875 
-4.751816272735596, 4.177999019622803 
-8.777605056762695, 7.877809524536133 
8.796403884887695, -8.234619140625 
-7.943552494049072, 7.125607967376709 
9.271125793457031, -8.692924499511719 
-2.236248731613159, 1.9587212800979614 
7.890448093414307, -7.403924465179443 
-10.3258056640625, 9.283467292785645 
8.198812484741211, -7.647089958190918 
7.931218147277832, -7.417657375335693 
9.55720329284668, -8.932707786560059 
-8.777679443359375, 7.900491714477539 
7.522883892059326, -7.031766891479492 
8.490677833557129, -7.939904689788818 
-5.023313045501709, 4.446771144866943 
6.963657855987549, -6.556765556335449 
-7.967947483062744, 7.1568684577941895 
4.048041820526123, -3.8108019828796387 
8.382740020751953, -7.845938205718994 
-7.029215335845947, 6.264667510986328 
-2.3428256511688232, 1.9953397512435913 
-4.837045192718506, 4.309783458709717 
-10.341503143310547, 9.299073219299316 
9.127035140991211, -8.531883239746094 
-7.792077541351318, 7.000105381011963 
-8.069055557250977, 7.245279312133789 
-9.042208671569824, 8.10486125946045 
7.0245184898376465, -6.618271350860596 
-0.6536493897438049, 0.4578975439071655 
3.795083999633789, -3.588770627975464 
9.698606491088867, -9.050589561462402 
-8.802541732788086, 7.912754535675049 
9.093387603759766, -8.485678672790527 
-4.1425604820251465, 3.633897304534912 
9.264641761779785, -8.666226387023926 
-5.968099117279053, 5.355962753295898 
-5.5070672035217285, 4.921923637390137 
-7.426041603088379, 6.652408599853516 
8.715167999267578, -8.140393257141113 
-3.4906718730926514, 3.028639078140259 
-6.82279109954834, 6.0841193199157715 
-7.948087215423584, 7.181405067443848 
9.019652366638184, -8.398058891296387 
0.012625249102711678, -0.1388913094997406 
-10.466569900512695, 9.414453506469727 
7.696465015411377, -7.236041069030762 
-8.745893478393555, 7.872888088226318 
-4.651860237121582, 4.16457986831665 
-8.297822952270508, 7.474275588989258 
-7.850814342498779, 7.039515495300293 
5.751537799835205, -5.367818355560303 
6.194805145263672, -5.818437099456787 
8.001575469970703, -7.5236077308654785 
-9.520673751831055, 8.573507308959961 
8.753576278686523, -8.21315860748291 
-4.349593639373779, 3.8761932849884033 
8.372894287109375, -7.8116888999938965 
-9.789421081542969, 8.820115089416504 
-9.955462455749512, 8.949080467224121 
-4.455326557159424, 3.9423673152923584 
10.090948104858398, -9.409902572631836 
8.971257209777832, -8.389321327209473 
9.333120346069336, -8.722676277160645 
8.602783203125, -8.026372909545898 
5.305098533630371, -4.953086853027344 
-3.4506781101226807, 3.0618138313293457 
6.658262729644775, -6.217831134796143 
-7.50156831741333, 6.711038112640381 
-10.254453659057617, 9.227095603942871 
7.924534320831299, -7.423165321350098 
-2.632282018661499, 2.2893669605255127 
-8.624002456665039, 7.737619400024414 
-5.193003177642822, 4.602997303009033 
9.079050064086914, -8.462769508361816 
-8.504568099975586, 7.652211666107178 
9.10263729095459, -8.467818260192871 
-7.25843620300293, 6.560418605804443 
6.897868633270264, -6.4479451179504395 
-8.783050537109375, 7.903310298919678 
8.257184028625488, -7.714827060699463 
9.278596878051758, -8.711352348327637 
-8.437887191772461, 7.592596530914307 
3.590088129043579, -3.410886526107788 
9.304426193237305, -8.67431354522705 
8.972636222839355, -8.367462158203125 
6.0040764808654785, -5.668808937072754 
3.087493896484375, -2.9543683528900146 
8.08639144897461, -7.609644412994385 
9.092252731323242, -8.48670768737793 
-1.4863879680633545, 1.2369738817214966 
-6.819311618804932, 6.085765361785889 
9.956928253173828, -9.299927711486816 
-6.716543674468994, 6.029214859008789 
-7.246392250061035, 6.497630596160889 
-10.025108337402344, 9.00849437713623 
-7.006404399871826, 6.3028693199157715 
8.031240463256836, -7.536294460296631 
9.525504112243652, -8.923723220825195 
2.6832125186920166, -2.5752875804901123 
8.847850799560547, -8.27200984954834 
7.885680198669434, -7.388527870178223 
-6.501616954803467, 5.809128761291504 
-0.8773534297943115, 0.704078197479248 
-2.817960500717163, 2.4583792686462402 
-9.620227813720703, 8.637747764587402 
-9.471174240112305, 8.531556129455566 
8.872699737548828, -8.277338981628418 
-8.48946475982666, 7.642825603485107 
-8.7083101272583, 7.805695533752441 
-9.09514045715332, 8.167571067810059 
-3.2495691776275635, 2.8403429985046387 
-4.932061672210693, 4.352713108062744 
-6.076566219329834, 5.447221279144287 
3.868695020675659, -3.7045812606811523 
10.504607200622559, -9.792696952819824 
-10.214073181152344, 9.180520057678223 
7.426442623138428, -6.984150409698486 
2.6879475116729736, -2.5609536170959473 
-6.231309413909912, 5.604683876037598 
-4.9550089836120605, 4.429645538330078 
7.25618839263916, -6.766955852508545 
3.1800146102905273, -3.0094101428985596 
-8.780754089355469, 7.928775310516357 
10.058588981628418, -9.35509967803955 
-8.004339218139648, 7.190345764160156 
-6.312223434448242, 5.640497207641602 
-9.009210586547852, 8.089835166931152 
6.3940911293029785, -5.9733195304870605 
-8.213953018188477, 7.397571086883545 
1.802065372467041, -1.7621592283248901 
11.014121055603027, -10.278009414672852 
7.2954254150390625, -6.810856342315674 
-9.933506965637207, 8.934626579284668 
8.666253089904785, -8.090126037597656 
-9.170568466186523, 8.20764446258545 
-7.957818031311035, 7.158349990844727 
6.49380350112915, -6.084351062774658 
4.912749767303467, -4.658567905426025 
9.050686836242676, -8.4558687210083 
8.7318696975708, -8.121237754821777 
7.880961894989014, -7.394896984100342 
7.114722728729248, -6.68866491317749 
0.7411705255508423, -0.8053141832351685 
-7.761688709259033, 6.943235874176025 
-7.25905179977417, 6.4935173988342285 
7.181297302246094, -6.708365440368652 
-9.513692855834961, 8.552018165588379 
6.269202709197998, -5.891787052154541 
8.038505554199219, -7.518523693084717 
7.596296310424805, -7.137913703918457 
8.685569763183594, -8.092721939086914 
7.427876949310303, -6.960560321807861 
-1.8577368259429932, 1.5392252206802368 
-9.111019134521484, 8.192764282226562 
9.35479736328125, -8.723755836486816 
-5.4961748123168945, 4.877283573150635 
-5.2378435134887695, 4.683536052703857 
-8.54770565032959, 7.681202411651611 
8.491131782531738, -7.932977199554443 
-3.8465070724487305, 3.3547327518463135 
2.835407018661499, -2.7470743656158447 
-3.6745197772979736, 3.2370340824127197 
-9.497222900390625, 8.549914360046387 
-9.071586608886719, 8.138530731201172 
-8.464896202087402, 7.608127593994141 
5.832602500915527, -5.460052013397217 
6.919113636016846, -6.518256664276123 
9.020829200744629, -8.45345401763916 
7.947389125823975, -7.401474952697754 
-1.4649580717086792, 1.2172478437423706 
8.425962448120117, -7.87575626373291 
8.351375579833984, -7.787411212921143 
5.672074794769287, -5.3134355545043945 
-9.236732482910156, 8.306586265563965 
0.6348768472671509, -0.6545724272727966 
-4.271937847137451, 3.727036714553833 
-6.5874223709106445, 5.851655960083008 
6.140096664428711, -5.714636325836182 
-2.840149164199829, 2.4766786098480225 
-4.075538158416748, 3.515876054763794 
5.078199863433838, -4.791060924530029 
9.276630401611328, -8.694416999816895 
9.041200637817383, -8.442022323608398 
8.211341857910156, -7.675779819488525 
-1.7892279624938965, 1.5064059495925903 
-8.57963752746582, 7.7108283042907715 
-8.081521987915039, 7.257662296295166 
6.585559844970703, -6.1588850021362305 
-2.5004513263702393, 2.184483051300049 
5.966446876525879, -5.613644599914551 
-6.985750198364258, 6.240472793579102 
9.144400596618652, -8.549777030944824 
-8.778003692626953, 7.910750865936279 
7.299180507659912, -6.864518165588379 
-7.299184322357178, 6.540812969207764 
6.777907848358154, -6.353330135345459 
-10.345385551452637, 9.29257869720459 
9.79221248626709, -9.123739242553711 
-8.584617614746094, 7.66881799697876 
-7.334314823150635, 6.617269039154053 
-7.940593242645264, 7.133386611938477 
8.986644744873047, -8.412578582763672 
-0.6551821231842041, 0.46732473373413086 
-7.788087368011475, 6.964259147644043 
7.970743656158447, -7.46305513381958 
9.681114196777344, -9.05199909210205 
8.370607376098633, -7.85156774520874 
8.586542129516602, -8.012042045593262 
-9.487319946289062, 8.49472713470459 
-3.9259722232818604, 3.4498255252838135 
-9.484811782836914, 8.526217460632324 
-1.7970564365386963, 1.5062079429626465 
0.2269100546836853, -0.341066837310791 
-6.933323383331299, 6.232973098754883 
-10.072952270507812, 9.054549217224121 
-8.852853775024414, 7.952414035797119 
-3.395599842071533, 2.902738332748413 
9.276930809020996, -8.646066665649414 
6.168649196624756, -5.7806077003479 
-10.208046913146973, 9.170994758605957 
-10.378328323364258, 9.335184097290039 
7.826489448547363, -7.327831745147705 
6.4944233894348145, -6.096572399139404 
8.737523078918457, -8.181175231933594 
-7.005650043487549, 6.274198055267334 
8.983582496643066, -8.390883445739746 
3.613553762435913, -3.5052413940429688 
1.031355619430542, -1.0260396003723145 
10.050334930419922, -9.397724151611328 
-10.15831184387207, 9.131224632263184 
10.552071571350098, -9.851215362548828 
5.526799201965332, -5.214954853057861 
-7.6264519691467285, 6.843949794769287 
7.279402256011963, -6.8069891929626465 
-5.231607913970947, 4.637496471405029 
7.896504878997803, -7.436173915863037 
9.517220497131348, -8.916216850280762 
2.246610403060913, -2.193329334259033 
-4.785561561584473, 4.278700828552246 
-9.427459716796875, 8.504812240600586 
8.49885082244873, -7.954044342041016 
8.371772766113281, -7.8112616539001465 
6.750354766845703, -6.359771251678467 
0.6818069219589233, -0.7478393316268921 
9.699674606323242, -9.03023910522461 
-7.29180383682251, 6.505184650421143 
-9.430535316467285, 8.45944881439209 
-9.385628700256348, 8.454858779907227 
7.584848880767822, -7.106546401977539 
9.361394882202148, -8.770567893981934 
-7.9253764152526855, 7.116824626922607 
-3.811047315597534, 3.3621468544006348 
8.92095947265625, -8.33994197845459 
-9.842796325683594, 8.832768440246582 
-9.379375457763672, 8.436478614807129 
5.589784622192383, -5.330358982086182 
-7.95932149887085, 7.102536678314209 
-8.726428985595703, 7.844700336456299 
-4.9258952140808105, 4.371042728424072 
9.081535339355469, -8.464972496032715 
-1.1925326585769653, 0.9818199872970581 
10.426746368408203, -9.745997428894043 
9.705083847045898, -9.02503490447998 
-8.211029052734375, 7.325419902801514 
-7.225586891174316, 6.495932579040527 
-7.843289375305176, 7.013851165771484 
-6.4283881187438965, 5.747370719909668 
-9.409198760986328, 8.477692604064941 
-9.022838592529297, 8.083836555480957 
9.281156539916992, -8.63519287109375 
5.585554599761963, -5.266001224517822 
7.658111095428467, -7.152578830718994 
9.087190628051758, -8.484877586364746 
5.301314830780029, -5.039143085479736 
-8.64152717590332, 7.761968612670898 
6.948106288909912, -6.506113529205322 
8.748285293579102, -8.149042129516602 
9.981935501098633, -9.298247337341309 
-2.4395320415496826, 2.07232403755188 
-7.774633884429932, 6.991344928741455 
-0.8490910530090332, 0.669875979423523 
9.050010681152344, -8.476211547851562 
-8.915246963500977, 8.021142959594727 
-6.621243953704834, 5.936366081237793 
8.294612884521484, -7.733598232269287 
9.973430633544922, -9.288825035095215 
7.857712268829346, -7.364618301391602 
0.34080514311790466, -0.40336722135543823 
-8.0225830078125, 7.192927360534668 
6.583570957183838, -6.161708354949951 
-8.951181411743164, 8.04957103729248 
-8.722457885742188, 7.813897609710693 
-7.692104816436768, 6.887965679168701 
7.762711524963379, -7.218846797943115 
7.326395511627197, -6.844882965087891 
6.172181606292725, -5.811168670654297 
-10.605789184570312, 9.533801078796387 
-8.106563568115234, 7.260766506195068 
8.37601089477539, -7.803574085235596 
2.3584096431732178, -2.330333709716797 
-6.201295375823975, 5.540778636932373 
-6.7493062019348145, 6.028844356536865 
-6.033515453338623, 5.340884685516357 
-7.683183670043945, 6.856345176696777 
-8.969812393188477, 8.082901954650879 
9.254758834838867, -8.659883499145508 
7.751845359802246, -7.2541913986206055 
7.501854419708252, -7.063500881195068 
-1.2225942611694336, 1.0114085674285889 
8.149421691894531, -7.600430965423584 
-1.3616485595703125, 1.116946816444397 
-7.066729545593262, 6.3330979347229 
8.439892768859863, -7.912747383117676 
-1.603024959564209, 1.3410147428512573 
9.080863952636719, -8.49449348449707 
10.068157196044922, -9.38716983795166 
-8.754827499389648, 7.866293907165527 
-7.545729637145996, 6.77965784072876 
9.576027870178223, -8.973187446594238 
-9.880636215209961, 8.879694938659668 
-8.084168434143066, 7.236843585968018 
8.617616653442383, -8.038177490234375 
-1.9903749227523804, 1.6869436502456665 
3.8155524730682373, -3.6111416816711426 
6.719607830047607, -6.310310363769531 
8.276634216308594, -7.7464599609375 
6.939260005950928, -6.524984836578369 
-7.9111809730529785, 7.111759662628174 
-10.443960189819336, 9.394574165344238 
-3.561082124710083, 3.093759298324585 
6.6222310066223145, -6.18861198425293 
-3.0970921516418457, 2.6904184818267822 
9.970907211303711, -9.306769371032715 
-8.890439987182617, 8.002748489379883 
2.8252551555633545, -2.7340314388275146 
-8.934855461120605, 8.035603523254395 
8.770522117614746, -8.21628475189209 
7.904536724090576, -7.35676908493042 
-9.775443077087402, 8.790470123291016 
6.273212909698486, -5.894474029541016 
10.390844345092773, -9.677919387817383 
-7.481166362762451, 6.708755970001221 
8.849808692932129, -8.28294849395752 
9.47263240814209, -8.849773406982422 
8.470651626586914, -7.89867639541626 
3.075132369995117, -2.928222894668579 
-10.042400360107422, 9.011822700500488 
-8.923689842224121, 8.007512092590332 
-3.693208694458008, 3.2542612552642822 
10.250101089477539, -9.568410873413086 
-5.529757022857666, 4.9609503746032715 
-9.910259246826172, 8.909873962402344 
-7.605070114135742, 6.812089920043945 
-7.406945705413818, 6.624882698059082 
9.49909782409668, -8.869368553161621 
8.630702018737793, -8.076452255249023 
10.139665603637695, -9.471356391906738 
9.46005916595459, -8.834014892578125 
8.623090744018555, -8.046370506286621 
-8.685935974121094, 7.80205774307251 
9.942488670349121, -9.243929862976074 
-9.93132209777832, 8.937143325805664 
1.6306920051574707, -1.621484398841858 
8.368675231933594, -7.829006195068359 
3.2501637935638428, -3.095454454421997 
-7.980199337005615, 7.1738362312316895 
-8.146308898925781, 7.330612659454346 
-3.2385714054107666, 2.8716623783111572 
-7.669195652008057, 6.882808208465576 
-9.649234771728516, 8.67418384552002 
5.6466240882873535, -5.282822132110596 
-9.430231094360352, 8.470325469970703 
1.981886386871338, -1.937717080116272 
-9.722908020019531, 8.721854209899902 
-9.625812530517578, 8.672614097595215 
9.445280075073242, -8.81716537475586 
-7.483765125274658, 6.7245354652404785 
-7.363377094268799, 6.608386516571045 
-10.166862487792969, 9.127263069152832 
6.04126501083374, -5.669792652130127 
-7.483079433441162, 6.706586837768555 
-5.970605850219727, 5.332890033721924 
1.9011613130569458, -1.8877328634262085 
-8.648826599121094, 7.758461952209473 
8.588093757629395, -8.020930290222168 
3.9974071979522705, -3.7505369186401367 
-10.355770111083984, 9.33913516998291 
-0.42165109515190125, 0.2551848888397217 
-8.098148345947266, 7.2595367431640625 
9.261877059936523, -8.642946243286133 
-2.59474778175354, 2.2540762424468994 
-8.828971862792969, 7.954949855804443 
-7.000890254974365, 6.259044170379639 
-5.656863212585449, 5.040716648101807 
10.177942276000977, -9.547375679016113 
-0.5712981224060059, 0.348785400390625 
-8.338689804077148, 7.481151103973389 
-5.444721698760986, 4.849708080291748 
-3.9464004039764404, 3.4988150596618652 
9.203445434570312, -8.597358703613281 
-10.566154479980469, 9.494709968566895 
-9.54409122467041, 8.611467361450195 
-1.9946540594100952, 1.7209978103637695 
-7.260970115661621, 6.513428211212158 
-9.263439178466797, 8.316157341003418 
9.114349365234375, -8.512773513793945 
-7.225498676300049, 6.46730899810791 
8.718414306640625, -8.143065452575684 
-10.117717742919922, 9.09148120880127 
-5.033006191253662, 4.464539051055908 
11.32762336730957, -10.575807571411133 
-5.818587779998779, 5.1663618087768555 
3.063753128051758, -2.9266140460968018 
6.7583794593811035, -6.330049991607666 
-8.081056594848633, 7.29135799407959 
-4.249505043029785, 3.749399423599243 
6.294388294219971, -5.932596206665039 
9.360552787780762, -8.718400955200195 
7.169336318969727, -6.745489597320557 
-9.803312301635742, 8.812382698059082 
10.799530029296875, -10.056570053100586 
-3.274868965148926, 2.8834781646728516 
7.052677631378174, -6.622149467468262 
4.975368022918701, -4.7357940673828125 
0.11271001398563385, -0.2371639460325241 
7.442345142364502, -6.966055393218994 
-1.7522841691970825, 1.4033498764038086 
8.920642852783203, -8.362404823303223 
-6.2697978019714355, 5.618288516998291 
-8.407343864440918, 7.59242582321167 
-9.386138916015625, 8.45483112335205 
3.624833106994629, -3.4223926067352295 
9.067419052124023, -8.489575386047363 
-8.86369514465332, 7.997795581817627 
8.461919784545898, -7.898252964019775 
8.412612915039062, -7.884066581726074 
9.121650695800781, -8.563063621520996 
-6.426838397979736, 5.764970779418945 
8.59483528137207, -8.043619155883789 
9.22935676574707, -8.670729637145996 
-6.1809821128845215, 5.581686496734619 
0.6462644338607788, -0.7424615025520325 
8.72793197631836, -8.155749320983887 
9.106475830078125, -8.516016960144043 
9.00302505493164, -8.366936683654785 
-9.01780891418457, 8.097954750061035 
-5.736846446990967, 5.123655796051025 
7.89309549331665, -7.377673625946045 
9.09604549407959, -8.494324684143066 
4.317450046539307, -4.106078624725342 
-3.7704579830169678, 3.3094773292541504 
-9.242762565612793, 8.308226585388184 
-7.4716362953186035, 6.7038984298706055 
-6.60994291305542, 5.905370235443115 
7.427499771118164, -6.904686450958252 
5.023172855377197, -4.784305572509766 
-1.9341177940368652, 1.6574947834014893 
-8.838022232055664, 7.9603095054626465 
-5.3828606605529785, 4.810028553009033 
7.4606242179870605, -6.980086326599121 
-4.326552867889404, 3.792724609375 
9.28226375579834, -8.651484489440918 
6.546969890594482, -6.114925861358643 
8.95761775970459, -8.378584861755371 
-9.702898025512695, 8.729424476623535 
-9.063919067382812, 8.12682056427002 
-8.499563217163086, 7.637866973876953 
-9.604199409484863, 8.625207901000977 
-7.146902084350586, 6.397843837738037 
-7.911649227142334, 7.11672306060791 
-7.49083948135376, 6.717845916748047 
-8.096845626831055, 7.277013301849365 
-9.379091262817383, 8.420774459838867 
10.206488609313965, -9.511307716369629 
8.673089981079102, -8.084067344665527 
-10.230952262878418, 9.203082084655762 
-3.2230021953582764, 2.83948016166687 
-9.74808120727539, 8.760366439819336 
