1.0726605653762817, -1.3267297744750977 
-1.0181714296340942, 1.1733101606369019 
2.652364730834961, -3.131809949874878 
3.109867572784424, -3.6800968647003174 
2.3196840286254883, -2.7286863327026367 
-4.058815956115723, 4.651642799377441 
-2.286668062210083, 2.5555291175842285 
0.5917161107063293, -0.7245839238166809 
1.0979812145233154, -1.3566229343414307 
-1.750619888305664, 1.9654548168182373 
2.2482056617736816, -2.666663646697998 
0.7177417874336243, -0.8837890028953552 
2.445155620574951, -2.900951623916626 
2.713017702102661, -3.1935651302337646 
-3.987013339996338, 4.589427947998047 
-1.7246571779251099, 1.9550031423568726 
0.03158053010702133, -0.1274644136428833 
2.5702617168426514, -3.0308759212493896 
1.629591941833496, -1.9824529886245728 
-3.0301294326782227, 3.4647152423858643 
-1.4272842407226562, 1.5776742696762085 
3.103605031967163, -3.6694257259368896 
-1.239497184753418, 1.405566930770874 
-4.512726306915283, 5.216802597045898 
-4.9771270751953125, 5.756875514984131 
-2.0446619987487793, 2.3009133338928223 
2.038483142852783, -2.4442341327667236 
-1.8710967302322388, 2.0849478244781494 
-1.872429609298706, 2.084991216659546 
-2.0118510723114014, 2.2929491996765137 
-3.435256004333496, 3.96504282951355 
2.1992759704589844, -2.625593900680542 
0.8952258825302124, -1.1095372438430786 
-2.624957799911499, 2.9505107402801514 
1.4558844566345215, -1.77213454246521 
-4.284992694854736, 4.983607292175293 
3.063103675842285, -3.5744030475616455 
-1.7319105863571167, 2.0081064701080322 
2.624009847640991, -3.1140143871307373 
-1.8988906145095825, 2.1166951656341553 
3.183131694793701, -3.7240254878997803 
2.4903907775878906, -2.956976890563965 
0.9276917576789856, -1.1120305061340332 
0.4632485806941986, -0.615602433681488 
-3.379784107208252, 3.8449130058288574 
-3.785482406616211, 4.337971210479736 
-3.156158685684204, 3.58618426322937 
-3.374502658843994, 3.8468968868255615 
-3.6785285472869873, 4.266959190368652 
-3.909636974334717, 4.4934210777282715 
1.5150909423828125, -1.835440993309021 
1.3017433881759644, -1.5978552103042603 
-1.8597276210784912, 2.1334006786346436 
1.4139645099639893, -1.6732051372528076 
-4.253693580627441, 4.954405784606934 
2.279139280319214, -2.7291038036346436 
-3.050347328186035, 3.4861185550689697 
-4.024435520172119, 4.691444396972656 
-0.42046770453453064, 0.38381606340408325 
-2.96773624420166, 3.4555957317352295 
-3.0892229080200195, 3.5874664783477783 
1.8704807758331299, -2.232553720474243 
-1.0844571590423584, 1.1661032438278198 
-1.2692193984985352, 1.46539306640625 
1.7865689992904663, -2.1402618885040283 
-2.1253857612609863, 2.4013147354125977 
2.0121450424194336, -2.4087183475494385 
-2.973256826400757, 3.3928415775299072 
-4.117861747741699, 4.748320579528809 
0.6165005564689636, -0.7773720026016235 
2.551574230194092, -3.017976999282837 
-2.615403652191162, 3.0015478134155273 
-3.1399307250976562, 3.5573158264160156 
1.2935807704925537, -1.5456432104110718 
2.497551441192627, -2.9300496578216553 
-1.5133657455444336, 1.716154932975769 
2.2641892433166504, -2.679131507873535 
-0.748336911201477, 0.8183088898658752 
-4.022427558898926, 4.62861442565918 
3.5183486938476562, -4.107680320739746 
2.9023993015289307, -3.4181020259857178 
-4.660411834716797, 5.38339900970459 
-2.9989495277404785, 3.4028542041778564 
-2.5654499530792236, 2.942072629928589 
-3.6551408767700195, 4.223029613494873 
0.6466096639633179, -0.8145381212234497 
2.182833671569824, -2.54953932762146 
-2.5965733528137207, 3.0202555656433105 
-4.5241899490356445, 5.198351860046387 
-1.4876651763916016, 1.6617721319198608 
2.491366147994995, -2.9576151371002197 
-1.357973575592041, 1.5643025636672974 
-1.0353872776031494, 1.1430823802947998 
-3.5694026947021484, 4.145095348358154 
-2.865785598754883, 3.334310293197632 
3.0390920639038086, -3.59057354927063 
2.9441378116607666, -3.459925889968872 
3.15842342376709, -3.722102403640747 
-2.3449034690856934, 2.694728374481201 
1.9951443672180176, -2.373927354812622 
-0.8770157098770142, 0.9612014889717102 
2.1628763675689697, -2.593137502670288 
-1.1233265399932861, 1.2580095529556274 
-3.7616305351257324, 4.337285041809082 
1.3773350715637207, -1.6642098426818848 
1.9879963397979736, -2.3493669033050537 
-4.479926109313965, 5.187331199645996 
3.762362480163574, -4.417924404144287 
-2.590247631072998, 2.9917399883270264 
-1.9436005353927612, 2.2320187091827393 
-4.063186168670654, 4.661474227905273 
1.5404589176177979, -1.853946328163147 
-3.918450355529785, 4.4869256019592285 
-1.1144145727157593, 1.1968787908554077 
1.7481365203857422, -2.089942216873169 
-1.0390032529830933, 1.1351057291030884 
-3.7232604026794434, 4.300332069396973 
-3.3420395851135254, 3.817643880844116 
-3.3236215114593506, 3.7926206588745117 
-3.3477702140808105, 3.828913927078247 
-3.773192882537842, 4.387792110443115 
-3.342977523803711, 3.8257665634155273 
1.1004936695098877, -1.3619571924209595 
2.9227726459503174, -3.443855047225952 
2.3497157096862793, -2.7971222400665283 
-3.6396608352661133, 4.209092617034912 
2.319145679473877, -2.7721006870269775 
-1.2801878452301025, 1.4163659811019897 
-1.1562421321868896, 1.316005825996399 
1.9266817569732666, -2.3037893772125244 
-0.6586480736732483, 0.7138065099716187 
1.7894415855407715, -2.174931764602661 
-3.1480884552001953, 3.5858983993530273 
-3.077003002166748, 3.505511522293091 
1.8052823543548584, -2.1585466861724854 
-2.466092109680176, 2.8375279903411865 
2.5748815536499023, -3.0329065322875977 
-3.5285391807556152, 4.095394134521484 
-2.9877357482910156, 3.4034719467163086 
-3.316925048828125, 3.870251178741455 
2.848468542098999, -3.3729560375213623 
1.8820769786834717, -2.2599833011627197 
3.173354148864746, -3.748593807220459 
3.6478629112243652, -4.293607711791992 
-3.3661270141601562, 3.8835501670837402 
-2.5460081100463867, 2.9173243045806885 
-4.796927452087402, 5.531754970550537 
2.2366507053375244, -2.677116632461548 
-2.50185489654541, 2.892970561981201 
1.268963098526001, -1.557665467262268 
-4.549639701843262, 5.25723934173584 
-2.850947141647339, 3.3240249156951904 
-2.9666786193847656, 3.3652501106262207 
2.2746570110321045, -2.6913325786590576 
-4.3584113121032715, 5.051349639892578 
-3.3053112030029297, 3.768204927444458 
0.14987345039844513, -0.22141163051128387 
0.8332773447036743, -1.0060604810714722 
-3.9362878799438477, 4.568943023681641 
-4.950627326965332, 5.712395191192627 
-1.5395574569702148, 1.7838457822799683 
-4.047354698181152, 4.649266242980957 
-2.8827576637268066, 3.3371427059173584 
-2.4977049827575684, 2.877568244934082 
-4.656001567840576, 5.370568752288818 
-1.2272210121154785, 1.4074939489364624 
-3.277421236038208, 3.74989914894104 
1.9729926586151123, -2.335520029067993 
0.10531961172819138, -0.18764664232730865 
2.653871536254883, -3.1301381587982178 
2.892857313156128, -3.420518159866333 
0.2520909905433655, -0.3401711881160736 
1.9921729564666748, -2.3880507946014404 
0.4161287844181061, -0.558966338634491 
-1.727766513824463, 1.9934414625167847 
-2.240247964859009, 2.5902867317199707 
-2.771867513656616, 3.2096011638641357 
-3.4685182571411133, 4.030649185180664 
2.7071239948272705, -3.2261784076690674 
-3.1813135147094727, 3.630864381790161 
2.403658866882324, -2.85092830657959 
-1.968151330947876, 2.250612497329712 
-3.1246182918548584, 3.560633659362793 
-3.8618338108062744, 4.41670560836792 
1.844626545906067, -2.2048280239105225 
2.870786666870117, -3.387942314147949 
1.6363329887390137, -1.9418121576309204 
1.879453182220459, -2.264965057373047 
-2.9359548091888428, 3.382255792617798 
-3.9243311882019043, 4.498441219329834 
2.2668209075927734, -2.6832759380340576 
0.7991523146629333, -1.0173009634017944 
2.355839729309082, -2.782526731491089 
2.2900900840759277, -2.686532735824585 
-1.1203391551971436, 1.2194043397903442 
-0.662545382976532, 0.7032642960548401 
-0.07691178470849991, 0.04326796904206276 
-2.470738172531128, 2.8713619709014893 
-2.6057987213134766, 2.9900200366973877 
2.4420740604400635, -2.8666813373565674 
-3.9263501167297363, 4.513960838317871 
-3.3057618141174316, 3.7690205574035645 
-1.623202919960022, 1.8497233390808105 
1.7233214378356934, -2.0766544342041016 
1.1424555778503418, -1.4141229391098022 
3.11909556388855, -3.686985731124878 
-1.796278715133667, 2.031618118286133 
3.0739493370056152, -3.621335506439209 
-0.9035869240760803, 0.9946034550666809 
-1.1306846141815186, 1.2229909896850586 
-2.4755895137786865, 2.807727098464966 
-1.6457185745239258, 1.8310844898223877 
3.1814403533935547, -3.7283976078033447 
0.5329723358154297, -0.7153752446174622 
-2.5113282203674316, 2.81661319732666 
3.20394229888916, -3.789045572280884 
2.5107736587524414, -2.9417569637298584 
-3.3378186225891113, 3.8588576316833496 
1.4358158111572266, -1.7016669511795044 
-2.4726665019989014, 2.7842228412628174 
-2.831132173538208, 3.2370011806488037 
-2.4305057525634766, 2.7432119846343994 
-3.1138150691986084, 3.6090826988220215 
-4.622286319732666, 5.296858787536621 
-2.279327154159546, 2.6052448749542236 
-1.7156790494918823, 1.9724782705307007 
-3.654618978500366, 4.20533561706543 
2.902132987976074, -3.4459736347198486 
-2.7375941276550293, 3.1708385944366455 
0.7965381741523743, -0.9812202453613281 
0.43778398633003235, -0.6031763553619385 
-0.1931753307580948, 0.20623479783535004 
1.4132168292999268, -1.7248495817184448 
-2.363290309906006, 2.673647880554199 
-4.310342788696289, 4.960479259490967 
2.6501455307006836, -3.136265516281128 
1.6429839134216309, -1.9536945819854736 
-5.046909332275391, 5.846863746643066 
-2.599149227142334, 2.9978957176208496 
-3.036306381225586, 3.442896604537964 
-1.5207428932189941, 1.6882413625717163 
-1.753410816192627, 2.003095865249634 
-1.1950212717056274, 1.32304847240448 
2.801823139190674, -3.3296284675598145 
-3.189591407775879, 3.649703025817871 
2.8721113204956055, -3.4004735946655273 
-4.242038249969482, 4.914011001586914 
0.5090317726135254, -0.6781777739524841 
-4.643594741821289, 5.3488030433654785 
2.9037065505981445, -3.4364163875579834 
2.448099374771118, -2.9141852855682373 
-3.034743309020996, 3.4551634788513184 
-3.79360294342041, 4.3373188972473145 
1.1939587593078613, -1.4787731170654297 
-3.65559720993042, 4.216043472290039 
-4.107678413391113, 4.780097007751465 
-2.548666000366211, 2.9726345539093018 
2.519461154937744, -2.9931466579437256 
3.401240348815918, -4.000609874725342 
2.853120803833008, -3.3727381229400635 
-3.8371286392211914, 4.420191287994385 
-0.1807277649641037, 0.14117978513240814 
-3.893063545227051, 4.479301452636719 
-0.1862916201353073, 0.12357540428638458 
2.5941834449768066, -3.069977045059204 
-0.2480573207139969, 0.26752370595932007 
-2.0238845348358154, 2.3454666137695312 
-1.4771040678024292, 1.6415913105010986 
-2.7265005111694336, 3.0925281047821045 
2.575023651123047, -3.064728021621704 
-2.627056121826172, 3.0414669513702393 
1.7133642435073853, -2.059774398803711 
-4.2722320556640625, 4.95102596282959 
-3.9643197059631348, 4.529053688049316 
-4.255165100097656, 4.875003814697266 
2.1795668601989746, -2.5792267322540283 
-3.3941497802734375, 3.924778938293457 
-3.7690541744232178, 4.33901309967041 
-0.7333419919013977, 0.7768011093139648 
-1.0493243932724, 1.2068175077438354 
-3.3761544227600098, 3.8687851428985596 
2.186603307723999, -2.5997915267944336 
0.856782853603363, -1.0643773078918457 
2.8273606300354004, -3.3196523189544678 
-1.6676266193389893, 1.9495936632156372 
-1.1924022436141968, 1.3244693279266357 
0.39866796135902405, -0.5692400336265564 
2.669970989227295, -3.1595633029937744 
-4.934934139251709, 5.708991050720215 
-0.7191944718360901, 0.7497844099998474 
1.2507610321044922, -1.5176624059677124 
-0.20292262732982635, 0.18250229954719543 
2.29608416557312, -2.743212938308716 
2.441112756729126, -2.9091341495513916 
-3.2431750297546387, 3.699794054031372 
1.5154170989990234, -1.8214329481124878 
-3.057694911956787, 3.5284204483032227 
3.0466535091400146, -3.596609354019165 
-2.6901798248291016, 3.1267316341400146 
-1.9857933521270752, 2.1983482837677 
3.0932857990264893, -3.6488962173461914 
-2.0881662368774414, 2.3856313228607178 
-4.247036933898926, 4.924310207366943 
-3.6910789012908936, 4.303332328796387 
3.002972364425659, -3.553100347518921 
1.5570048093795776, -1.8679429292678833 
-1.6479536294937134, 1.9121073484420776 
2.541269302368164, -3.0237576961517334 
1.3495957851409912, -1.615612268447876 
3.6896350383758545, -4.327152729034424 
3.453835964202881, -4.048274993896484 
-0.2576022446155548, 0.22395436465740204 
2.183737277984619, -2.558419942855835 
-2.3064517974853516, 2.6399271488189697 
2.6519949436187744, -3.1272172927856445 
0.7285719513893127, -0.9352876543998718 
-2.9919562339782715, 3.404381513595581 
2.3770079612731934, -2.788914442062378 
3.075716495513916, -3.5751922130584717 
-3.290743112564087, 3.8216235637664795 
-3.979203224182129, 4.5861358642578125 
1.2574411630630493, -1.5438429117202759 
1.9776642322540283, -2.4114015102386475 
-0.4886760413646698, 0.4819571077823639 
1.541957974433899, -1.8993726968765259 
-3.1071996688842773, 3.608344078063965 
2.156061887741089, -2.5711958408355713 
-3.851874351501465, 4.408533096313477 
-0.3305266797542572, 0.36388149857521057 
-2.598397731781006, 2.9718549251556396 
2.5950369834899902, -3.0520689487457275 
-2.422153949737549, 2.7689969539642334 
-3.4976236820220947, 4.0066118240356445 
-3.866070032119751, 4.505806922912598 
-2.9839515686035156, 3.4492034912109375 
-2.6909022331237793, 3.0704517364501953 
-2.1126022338867188, 2.3795647621154785 
-3.986621379852295, 4.559325695037842 
1.2614099979400635, -1.508668303489685 
-3.0650246143341064, 3.5046565532684326 
-0.2015974372625351, 0.16264869272708893 
2.545461654663086, -3.0061628818511963 
1.6411323547363281, -1.9595292806625366 
-2.5181221961975098, 2.9124755859375 
1.5218870639801025, -1.8310467004776 
0.8104200959205627, -1.0010452270507812 
2.3120217323303223, -2.740262269973755 
1.4103708267211914, -1.7169232368469238 
0.9663408994674683, -1.1811556816101074 
2.495577335357666, -2.955608606338501 
2.8444817066192627, -3.340388059616089 
2.2626609802246094, -2.695061445236206 
-0.02629871666431427, -0.052066437900066376 
-3.017594337463379, 3.4115800857543945 
2.0576233863830566, -2.495422840118408 
-0.17380376160144806, 0.12160386145114899 
-4.7784247398376465, 5.530349254608154 
-4.383210182189941, 5.069727897644043 
-1.8479771614074707, 2.1163268089294434 
-4.805782318115234, 5.526262283325195 
2.16159725189209, -2.5479862689971924 
1.156062364578247, -1.361807107925415 
0.6153674721717834, -0.7960929274559021 
-3.04565167427063, 3.5110580921173096 
0.9767259955406189, -1.1807548999786377 
-2.8422422409057617, 3.2379190921783447 
1.5575547218322754, -1.8761736154556274 
-3.99474835395813, 4.656497955322266 
-3.7558441162109375, 4.3364410400390625 
-1.747066617012024, 1.9992784261703491 
2.820685625076294, -3.3395230770111084 
-3.368381977081299, 3.909791946411133 
-0.8820859789848328, 0.9528906941413879 
3.413250207901001, -4.015904426574707 
-3.1183197498321533, 3.5595014095306396 
-1.7935450077056885, 2.060624361038208 
-2.502850294113159, 2.880470037460327 
-3.214895009994507, 3.709688901901245 
2.0395967960357666, -2.419210910797119 
2.217535972595215, -2.640721082687378 
2.4583489894866943, -2.912097692489624 
1.819690227508545, -2.1850392818450928 
2.4570746421813965, -2.889688730239868 
-3.7607998847961426, 4.318064212799072 
-4.090415954589844, 4.727969169616699 
-1.6390810012817383, 1.8170830011367798 
-2.1235573291778564, 2.475346803665161 
0.9471518993377686, -1.1664170026779175 
-1.1173123121261597, 1.2974642515182495 
2.421457052230835, -2.8712077140808105 
1.9295971393585205, -2.309614419937134 
1.7413403987884521, -2.048121690750122 
-2.1869430541992188, 2.512847423553467 
-3.773754119873047, 4.313986301422119 
2.5025525093078613, -2.9560883045196533 
1.1078680753707886, -1.3660705089569092 
-4.279478073120117, 4.943005084991455 
-2.4191184043884277, 2.701555013656616 
0.07449404150247574, -0.15595488250255585 
1.685470461845398, -2.019444227218628 
-1.8420696258544922, 2.0938024520874023 
2.991267681121826, -3.5258843898773193 
-3.2241742610931396, 3.7277510166168213 
1.602970838546753, -1.927740454673767 
-4.519954204559326, 5.183292388916016 
-3.567908763885498, 4.108859539031982 
-1.6799044609069824, 1.8904250860214233 
1.1709811687469482, -1.4288400411605835 
2.1575355529785156, -2.566835641860962 
-2.3740851879119873, 2.755420446395874 
-3.1603081226348877, 3.663424015045166 
2.419279098510742, -2.8680875301361084 
-3.788517713546753, 4.359685897827148 
-1.0844067335128784, 1.1428020000457764 
2.458998918533325, -2.901609182357788 
-1.0185201168060303, 1.078022837638855 
-4.443206787109375, 5.1316819190979 
-2.4872190952301025, 2.8833634853363037 
-0.450137197971344, 0.4479222297668457 
-4.071221351623535, 4.712082386016846 
2.735485553741455, -3.238760471343994 
-1.6942921876907349, 1.987313151359558 
-4.6668195724487305, 5.361104488372803 
-3.8573498725891113, 4.46124267578125 
2.003391981124878, -2.3572170734405518 
-1.5074042081832886, 1.7193132638931274 
1.664813756942749, -1.9789406061172485 
-4.046261787414551, 4.685343265533447 
0.673494279384613, -0.8141768574714661 
3.444007635116577, -4.045268535614014 
-3.1978378295898438, 3.695117235183716 
1.957688570022583, -2.3357393741607666 
1.6747386455535889, -2.0284786224365234 
1.4238507747650146, -1.752238154411316 
2.3295130729675293, -2.7866876125335693 
-3.1545941829681396, 3.582019567489624 
-1.4248754978179932, 1.5655900239944458 
-2.8286643028259277, 3.1914563179016113 
-2.145480155944824, 2.411822557449341 
1.958876371383667, -2.3153774738311768 
-0.6173595190048218, 0.6712941527366638 
-3.6733415126800537, 4.268034934997559 
-3.007808208465576, 3.447169780731201 
1.1366956233978271, -1.39364492893219 
2.7643070220947266, -3.2848165035247803 
3.282353401184082, -3.866175889968872 
0.625688910484314, -0.7779711484909058 
-4.567224979400635, 5.289608955383301 
0.6295411586761475, -0.8311555981636047 
0.2824282646179199, -0.3860006630420685 
-3.2348365783691406, 3.779693126678467 
-2.7330172061920166, 3.1859230995178223 
2.868748664855957, -3.343383550643921 
-0.6654167771339417, 0.6914613246917725 
-4.33836555480957, 5.021040916442871 
-0.7712364792823792, 0.785631537437439 
-4.173793792724609, 4.872401237487793 
2.7841796875, -3.3146822452545166 
2.281048536300659, -2.7244510650634766 
3.232325315475464, -3.816542625427246 
2.3766274452209473, -2.830695867538452 
1.6770448684692383, -1.9994724988937378 
-1.9112086296081543, 2.166567087173462 
-4.2522687911987305, 4.948707103729248 
-1.4684799909591675, 1.646274447441101 
-3.438845157623291, 3.9421513080596924 
-2.2026567459106445, 2.530461311340332 
2.55332088470459, -3.0119376182556152 
3.003783702850342, -3.5673463344573975 
1.3206149339675903, -1.5865890979766846 
-0.6092404723167419, 0.6123330593109131 
-4.629272937774658, 5.325060844421387 
-1.2942429780960083, 1.4448140859603882 
3.345073699951172, -3.910740613937378 
2.8555941581726074, -3.3785998821258545 
2.7364532947540283, -3.214124917984009 
-4.79157018661499, 5.516818046569824 
3.5991578102111816, -4.249207973480225 
-2.870150089263916, 3.2547643184661865 
2.9193062782287598, -3.4335858821868896 
-3.067117929458618, 3.5288801193237305 
1.5996391773223877, -1.9121242761611938 
0.29715171456336975, -0.42651116847991943 
2.821380615234375, -3.3180973529815674 
0.4968048632144928, -0.622682511806488 
-1.8902359008789062, 2.155748128890991 
-1.5345906019210815, 1.768926978111267 
2.444715976715088, -2.874997615814209 
-4.355496883392334, 5.01187801361084 
-3.305203914642334, 3.7842767238616943 
-2.2385270595550537, 2.575697183609009 
-2.292297601699829, 2.6537530422210693 
2.6739730834960938, -3.1520516872406006 
-1.3690237998962402, 1.5731256008148193 
-4.410829544067383, 5.059808731079102 
-0.9067869186401367, 1.0369549989700317 
0.6331043243408203, -0.787559449672699 
-2.794229030609131, 3.240463972091675 
1.0796456336975098, -1.2966316938400269 
-3.5688247680664062, 4.078060150146484 
1.9210747480392456, -2.3336985111236572 
-3.62835693359375, 4.191617012023926 
-2.5663905143737793, 2.9302027225494385 
-1.5641074180603027, 1.8052085638046265 
1.8067690134048462, -2.1760365962982178 
2.5219550132751465, -2.9836363792419434 
-4.250295639038086, 4.9185004234313965 
0.08787291496992111, -0.15037043392658234 
-1.88905930519104, 2.0862700939178467 
-1.5308454036712646, 1.7532860040664673 
3.0136289596557617, -3.5337579250335693 
1.805770993232727, -2.1750071048736572 
-1.1269381046295166, 1.251702904701233 
-3.668440818786621, 4.260855674743652 
-3.2897191047668457, 3.776902675628662 
1.067284107208252, -1.3148363828659058 
1.8118172883987427, -2.1786434650421143 
-1.6117439270019531, 1.8014318943023682 
-1.107234239578247, 1.2679901123046875 
2.9097654819488525, -3.451709270477295 
-1.7218596935272217, 1.9580214023590088 
1.9571890830993652, -2.336817979812622 
-0.7946394085884094, 0.8771780133247375 
-3.280003547668457, 3.762505292892456 
-2.0689072608947754, 2.315135955810547 
-2.094261884689331, 2.33331298828125 
0.1730642318725586, -0.27065858244895935 
1.9558331966400146, -2.306243658065796 
-2.036512851715088, 2.3123440742492676 
1.2231394052505493, -1.4733706712722778 
-2.238807201385498, 2.5192720890045166 
-0.5289002060890198, 0.5905347466468811 
-3.627087116241455, 4.140894412994385 
0.4464668333530426, -0.6141995787620544 
2.8792197704315186, -3.4088294506073 
2.643583297729492, -3.140571117401123 
0.5773231983184814, -0.7224161028862 
3.1085453033447266, -3.664919137954712 
3.006570339202881, -3.5499932765960693 
-3.060401201248169, 3.542983055114746 
-3.7763595581054688, 4.362340927124023 
2.634178400039673, -3.138446807861328 
-2.702875852584839, 3.120068311691284 
1.8331489562988281, -2.1654937267303467 
2.277435779571533, -2.680586099624634 
-4.1887993812561035, 4.86530876159668 
2.1922571659088135, -2.586242914199829 
-4.551281929016113, 5.208600044250488 
3.1289334297180176, -3.652836561203003 
-2.5136942863464355, 2.8353464603424072 
-1.478081226348877, 1.6819974184036255 
2.346097946166992, -2.797241687774658 
2.3448715209960938, -2.7490341663360596 
-3.0593955516815186, 3.5564606189727783 
2.394967555999756, -2.8781847953796387 
-3.6560795307159424, 4.185702323913574 
-2.236802101135254, 2.5797624588012695 
2.2084569931030273, -2.6412594318389893 
1.1176726818084717, -1.3473511934280396 
-2.7464795112609863, 3.182373285293579 
-4.036306858062744, 4.687722206115723 
0.271231085062027, -0.34650635719299316 
3.4590823650360107, -4.041695594787598 
2.711653709411621, -3.199727773666382 
-1.0640928745269775, 1.1855181455612183 
-0.14589999616146088, 0.13267579674720764 
2.2737302780151367, -2.7138664722442627 
-0.6391919255256653, 0.7253972887992859 
-2.6900057792663574, 3.0853822231292725 
1.8579884767532349, -2.2290213108062744 
2.320199966430664, -2.772745370864868 
1.6747528314590454, -2.034789562225342 
-3.215444803237915, 3.6531264781951904 
1.3898258209228516, -1.649268627166748 
-0.482990026473999, 0.5277363657951355 
-3.930205821990967, 4.578664779663086 
0.37978339195251465, -0.4859578609466553 
-1.8753119707107544, 2.141780138015747 
-1.4877583980560303, 1.6656092405319214 
-0.7372934222221375, 0.796209990978241 
2.8759336471557617, -3.360720634460449 
1.251075029373169, -1.497541904449463 
-3.2348837852478027, 3.744328260421753 
-3.3494269847869873, 3.8250234127044678 
-4.77553129196167, 5.563089370727539 
2.510793685913086, -2.983372449874878 
-0.7499599456787109, 0.8317117094993591 
-4.455034255981445, 5.190792560577393 
0.784346878528595, -0.9573602080345154 
-2.8574395179748535, 3.3070852756500244 
2.0527422428131104, -2.452688455581665 
2.533052444458008, -2.9966115951538086 
0.7848401665687561, -1.0004435777664185 
-3.326046943664551, 3.7996270656585693 
2.3342556953430176, -2.7737674713134766 
-2.0942344665527344, 2.3956925868988037 
-1.928997278213501, 2.1631228923797607 
-1.6696820259094238, 1.8750296831130981 
-4.780877113342285, 5.537104606628418 
1.3884271383285522, -1.666353702545166 
-2.0902724266052246, 2.35115122795105 
-4.711841106414795, 5.431828498840332 
-4.684962272644043, 5.398866653442383 
-1.4951289892196655, 1.7034155130386353 
1.718259334564209, -2.064711332321167 
2.153724431991577, -2.5769712924957275 
0.33144626021385193, -0.4475333094596863 
0.33574002981185913, -0.43179070949554443 
0.01998024247586727, -0.0580393448472023 
-4.303647518157959, 4.953460216522217 
-2.488133430480957, 2.872055768966675 
1.3283376693725586, -1.5929564237594604 
-2.9680302143096924, 3.362388849258423 
-3.4058327674865723, 3.9231228828430176 
-1.263500690460205, 1.4015661478042603 
2.2399842739105225, -2.661750555038452 
2.318798542022705, -2.7600653171539307 
-0.9350454807281494, 1.0361112356185913 
-1.0635132789611816, 1.130698800086975 
2.2982711791992188, -2.748389482498169 
2.934065818786621, -3.4513702392578125 
1.5622652769088745, -1.8922683000564575 
-3.310333251953125, 3.807497024536133 
-4.6304545402526855, 5.3650312423706055 
-4.030523777008057, 4.621103763580322 
-4.338775634765625, 4.994084358215332 
-2.3613855838775635, 2.6536269187927246 
-3.327434539794922, 3.7817602157592773 
-3.642247200012207, 4.191225051879883 
-3.4902124404907227, 4.024909496307373 
-1.0281883478164673, 1.1578060388565063 
1.1897761821746826, -1.4110468626022339 
-4.266959190368652, 4.898587703704834 
2.6994404792785645, -3.1748621463775635 
2.9746460914611816, -3.5450756549835205 
1.1827151775360107, -1.4237545728683472 
-2.1367316246032715, 2.4172065258026123 
-2.5523643493652344, 2.952291250228882 
1.6741430759429932, -1.98735511302948 
-1.5039558410644531, 1.7092927694320679 
-1.787261962890625, 2.055718421936035 
-1.937925100326538, 2.1606638431549072 
2.942439079284668, -3.4879872798919678 
-0.8303638100624084, 0.9139478802680969 
1.480395793914795, -1.768445611000061 
2.6542296409606934, -3.1578900814056396 
-1.054071307182312, 1.17877995967865 
2.483102321624756, -2.9628360271453857 
2.977303981781006, -3.520047187805176 
3.032175064086914, -3.6179392337799072 
-3.2476043701171875, 3.751211404800415 
2.5203447341918945, -2.9952964782714844 
-1.3926372528076172, 1.5982688665390015 
2.2771754264831543, -2.716205358505249 
-3.338196039199829, 3.886708974838257 
-3.2301554679870605, 3.7257707118988037 
-3.476658821105957, 3.9993293285369873 
-3.3597283363342285, 3.8247179985046387 
1.981900691986084, -2.3722500801086426 
-3.2651190757751465, 3.79331374168396 
2.322741985321045, -2.7662670612335205 
-3.49088716506958, 4.035754203796387 
3.107923984527588, -3.6606271266937256 
-1.8583054542541504, 2.1586554050445557 
-4.234970569610596, 4.826535701751709 
2.219964027404785, -2.6305482387542725 
1.7101647853851318, -2.04423451423645 
-1.9059425592422485, 2.1381237506866455 
1.9097471237182617, -2.2949655055999756 
2.0432138442993164, -2.398725748062134 
0.5240783095359802, -0.671619713306427 
1.1776432991027832, -1.446815848350525 
-3.7330970764160156, 4.32508659362793 
0.38814476132392883, -0.5036512017250061 
2.736994981765747, -3.2442731857299805 
-3.4704275131225586, 3.9454500675201416 
2.8706746101379395, -3.3908579349517822 
-1.898045539855957, 2.182795763015747 
-4.848216533660889, 5.594778060913086 
-2.839087963104248, 3.2076942920684814 
-1.8717138767242432, 2.1158201694488525 
2.164731979370117, -2.5800082683563232 
1.869764804840088, -2.2792012691497803 
-3.1479415893554688, 3.6343045234680176 
-3.9310548305511475, 4.579821586608887 
-0.1694098263978958, 0.09884053468704224 
3.0996294021606445, -3.650028944015503 
1.743148684501648, -2.103902816772461 
2.3328380584716797, -2.7442786693573 
-1.9609732627868652, 2.2009565830230713 
1.791017770767212, -2.0910699367523193 
3.2201788425445557, -3.7475197315216064 
2.711113452911377, -3.2060234546661377 
-4.498919486999512, 5.178303241729736 
-2.84749436378479, 3.235701560974121 
3.430060863494873, -4.032663822174072 
3.3634705543518066, -3.930084705352783 
-3.0477190017700195, 3.558291435241699 
2.053659439086914, -2.414987325668335 
0.24205546081066132, -0.3349096477031708 
3.773301362991333, -4.468080520629883 
-3.2930736541748047, 3.803863763809204 
2.1860721111297607, -2.613422155380249 
2.158674716949463, -2.542203664779663 
-2.5522117614746094, 2.950382947921753 
-3.018644332885742, 3.5238583087921143 
-0.3532957434654236, 0.378703773021698 
-0.5774334073066711, 0.5803772807121277 
3.0966010093688965, -3.6541593074798584 
-1.7845466136932373, 2.0646073818206787 
1.4872695207595825, -1.8131636381149292 
-2.9108235836029053, 3.398401975631714 
-0.31719765067100525, 0.3098835349082947 
-3.4959683418273926, 4.0352325439453125 
-1.4753292798995972, 1.656140685081482 
-3.24898624420166, 3.6927742958068848 
0.5027201175689697, -0.6316872239112854 
-1.9828555583953857, 2.246958017349243 
2.3526978492736816, -2.785857915878296 
1.8709497451782227, -2.2296152114868164 
-2.6518571376800537, 3.013322114944458 
3.080221652984619, -3.5940358638763428 
2.961158275604248, -3.483013868331909 
2.3992996215820312, -2.7889139652252197 
3.1801817417144775, -3.7417232990264893 
-2.4262125492095947, 2.7967689037323 
-3.779876232147217, 4.403497695922852 
-1.9430328607559204, 2.2305707931518555 
-2.2492172718048096, 2.619447946548462 
-0.9018160700798035, 1.020054578781128 
-4.804931640625, 5.564249038696289 
2.0201687812805176, -2.412013292312622 
-0.5322076082229614, 0.5224773287773132 
-3.491799831390381, 3.974017381668091 
1.9282453060150146, -2.325943946838379 
-4.113247871398926, 4.799962997436523 
-5.110406875610352, 5.928949356079102 
-3.320679187774658, 3.822810411453247 
-0.22769418358802795, 0.21601277589797974 
0.5663551688194275, -0.7230493426322937 
1.211161732673645, -1.4608224630355835 
2.4821906089782715, -2.9494388103485107 
2.668863296508789, -3.1841561794281006 
3.0091123580932617, -3.552412509918213 
-4.521974563598633, 5.210981369018555 
0.8870702385902405, -1.0802181959152222 
-1.3922834396362305, 1.5841597318649292 
2.708282947540283, -3.153862237930298 
1.811721920967102, -2.1751577854156494 
-3.5292444229125977, 4.043231010437012 
-1.3425850868225098, 1.5295445919036865 
2.5678229331970215, -3.0590627193450928 
0.5805010795593262, -0.7387418150901794 
1.997483491897583, -2.394057035446167 
-3.387821674346924, 3.9205312728881836 
-1.8706063032150269, 2.11775803565979 
1.6348806619644165, -1.9275357723236084 
-2.0625667572021484, 2.390099287033081 
1.6451818943023682, -1.9674185514450073 
-1.0351046323776245, 1.1095480918884277 
-2.9475479125976562, 3.379854917526245 
0.23424001038074493, -0.3490166664123535 
-1.6655369997024536, 1.8876005411148071 
2.6622347831726074, -3.1501076221466064 
2.031440258026123, -2.422496795654297 
-3.031393051147461, 3.5106711387634277 
1.6149628162384033, -1.9753944873809814 
3.3794968128204346, -3.9627366065979004 
-2.374011516571045, 2.6671574115753174 
-1.9613072872161865, 2.2459628582000732 
-3.924583911895752, 4.507598400115967 
1.332115650177002, -1.6344237327575684 
-3.561450481414795, 4.085882186889648 
-0.849574625492096, 0.9467967748641968 
0.7061688303947449, -0.8968244194984436 
-2.0519120693206787, 2.3319547176361084 
3.096230983734131, -3.641099452972412 
2.319794178009033, -2.7791666984558105 
3.099114179611206, -3.69111704826355 
-2.6523146629333496, 3.0645077228546143 
-3.466853141784668, 4.0375261306762695 
3.6334471702575684, -4.257869720458984 
-3.0379209518432617, 3.5265347957611084 
2.305680274963379, -2.75917387008667 
2.402618408203125, -2.8237621784210205 
2.1404500007629395, -2.5585105419158936 
1.8939292430877686, -2.255279302597046 
2.772980213165283, -3.281264543533325 
-3.3650290966033936, 3.85003662109375 
3.201846122741699, -3.7701051235198975 
-4.577755928039551, 5.281578540802002 
-1.124876618385315, 1.2250007390975952 
-0.6888864636421204, 0.721089780330658 
-3.117844581604004, 3.6303365230560303 
-2.631753921508789, 3.0485918521881104 
2.0456748008728027, -2.4440457820892334 
-2.6600303649902344, 3.1196744441986084 
1.6134870052337646, -1.931939959526062 
-0.4776211082935333, 0.5427767634391785 
2.850939989089966, -3.3321516513824463 
-3.110560417175293, 3.617894411087036 
3.1631827354431152, -3.729800224304199 
2.6007132530212402, -3.0586321353912354 
-3.9312736988067627, 4.519321441650391 
-3.884861946105957, 4.444260597229004 
-3.757082939147949, 4.314327716827393 
-2.209825038909912, 2.5535976886749268 
-2.038604736328125, 2.3239617347717285 
-1.9050447940826416, 2.1920511722564697 
-4.153417110443115, 4.812815189361572 
-0.652053713798523, 0.6989902853965759 
-1.1173319816589355, 1.2500499486923218 
1.4647294282913208, -1.7644623517990112 
2.9407291412353516, -3.4669246673583984 
2.274277687072754, -2.6890268325805664 
-2.5169591903686523, 2.8880228996276855 
2.5881507396698, -3.0880649089813232 
-3.8334908485412598, 4.451602935791016 
-4.382439136505127, 5.0071563720703125 
-1.7197754383087158, 1.927733302116394 
1.870189905166626, -2.246084213256836 
-1.7303118705749512, 1.9997109174728394 
-4.591424942016602, 5.346798896789551 
1.9971849918365479, -2.3485493659973145 
3.3610219955444336, -3.9593493938446045 
2.613800525665283, -3.082737922668457 
1.7105021476745605, -2.0443761348724365 
-0.28421637415885925, 0.2861524224281311 
0.2159060388803482, -0.3208405375480652 
-4.7904205322265625, 5.537176609039307 
2.547384262084961, -3.042611837387085 
-3.7768585681915283, 4.356253623962402 
2.1652016639709473, -2.5917341709136963 
2.1627073287963867, -2.5539560317993164 
1.892211675643921, -2.2514913082122803 
-3.024439811706543, 3.4453115463256836 
3.4443185329437256, -4.062028884887695 
-2.556917190551758, 2.9710443019866943 
2.8009819984436035, -3.2960407733917236 
-0.12393217533826828, 0.056863654404878616 
2.0712192058563232, -2.4879815578460693 
-1.5085370540618896, 1.7376744747161865 
-1.568154215812683, 1.8076592683792114 
-3.167532205581665, 3.6714227199554443 
-3.762544631958008, 4.311973571777344 
2.4333016872406006, -2.905941963195801 
1.4798505306243896, -1.7745914459228516 
-3.440600872039795, 3.955242872238159 
-2.542970657348633, 2.969644546508789 
2.4336211681365967, -2.878319263458252 
-4.70417594909668, 5.43605375289917 
-2.076645851135254, 2.4021847248077393 
-0.06530682742595673, 0.03555374965071678 
-3.9410643577575684, 4.573370933532715 
-3.1086697578430176, 3.5656394958496094 
-3.0192112922668457, 3.4612951278686523 
-0.257449209690094, 0.2519676089286804 
-4.552386283874512, 5.2491984367370605 
-1.6062169075012207, 1.7750283479690552 
-0.26545950770378113, 0.23125098645687103 
-2.756681442260742, 3.2056758403778076 
1.7552154064178467, -2.0756452083587646 
1.1064331531524658, -1.3168073892593384 
2.396873950958252, -2.8549728393554688 
-4.660402297973633, 5.355873107910156 
2.9292140007019043, -3.4216160774230957 
-0.5539546012878418, 0.5711001753807068 
-2.7476894855499268, 3.2119827270507812 
-3.460831880569458, 3.966944694519043 
-2.3053512573242188, 2.5920047760009766 
-2.450227737426758, 2.7931697368621826 
3.0765271186828613, -3.6190781593322754 
-0.08330739289522171, 0.0668129175901413 
-1.7052780389785767, 1.98711097240448 
2.858741044998169, -3.3974103927612305 
-3.771073579788208, 4.330656051635742 
-2.606893539428711, 3.0248303413391113 
-1.505789041519165, 1.6852318048477173 
-2.7691216468811035, 3.1939938068389893 
1.1654245853424072, -1.4199535846710205 
-0.8193809986114502, 0.8619870543479919 
2.405156135559082, -2.8639166355133057 
-3.7405214309692383, 4.352938175201416 
2.0254087448120117, -2.410161018371582 
-2.177929401397705, 2.4315614700317383 
-1.7705864906311035, 1.980781078338623 
2.341980218887329, -2.7483036518096924 
-4.399226665496826, 5.099327087402344 
-3.855207681655884, 4.48470401763916 
-3.2023677825927734, 3.642437696456909 
-3.4166436195373535, 3.955922842025757 
2.686875104904175, -3.1858108043670654 
-4.46893835067749, 5.159322738647461 
2.173553466796875, -2.5760388374328613 
1.6717679500579834, -1.9918556213378906 
-2.927633762359619, 3.3724658489227295 
2.5092263221740723, -2.95139741897583 
-3.571992874145508, 4.141733169555664 
-2.412039041519165, 2.8435909748077393 
1.6812334060668945, -2.0181901454925537 
-2.890768527984619, 3.370382070541382 
1.5257340669631958, -1.8731844425201416 
-0.491362601518631, 0.5667296648025513 
-2.2191855907440186, 2.5754590034484863 
-3.0958189964294434, 3.5283923149108887 
-3.7285683155059814, 4.265343189239502 
-3.6813762187957764, 4.220669746398926 
2.343702554702759, -2.8130650520324707 
-0.7030876278877258, 0.7583761811256409 
-2.5934152603149414, 2.9941890239715576 
-3.723090887069702, 4.280972480773926 
-4.133279323577881, 4.7539963722229 
-3.965409755706787, 4.550642967224121 
-2.0728046894073486, 2.444934606552124 
-4.828084945678711, 5.595108985900879 
-2.1508238315582275, 2.4306137561798096 
2.687237024307251, -3.2001898288726807 
-3.669318675994873, 4.264181137084961 
2.467085361480713, -2.9291300773620605 
1.5482656955718994, -1.878423810005188 
-0.13401730358600616, 0.13073445856571198 
-2.217772960662842, 2.5595147609710693 
-3.1215367317199707, 3.602825164794922 
1.0349892377853394, -1.2650333642959595 
0.9951465725898743, -1.2074617147445679 
-1.4725441932678223, 1.6888980865478516 
-4.3355512619018555, 5.004879474639893 
3.7335004806518555, -4.392674446105957 
-2.7550759315490723, 3.165553331375122 
-4.02341890335083, 4.622905731201172 
-2.205598831176758, 2.5483531951904297 
1.306753396987915, -1.5882004499435425 
-1.465205192565918, 1.7153898477554321 
-0.4577772617340088, 0.44630128145217896 
-4.359316825866699, 5.062143802642822 
-2.417034864425659, 2.7299644947052 
2.3814656734466553, -2.8603436946868896 
2.53892183303833, -3.0415432453155518 
1.1330363750457764, -1.3816324472427368 
1.672271728515625, -2.004216194152832 
1.8220889568328857, -2.2031142711639404 
-3.5999603271484375, 4.148221492767334 
3.4450623989105225, -4.046274185180664 
2.382305145263672, -2.835156202316284 
-4.967048645019531, 5.741071701049805 
-3.5804436206817627, 4.105581760406494 
-3.537179470062256, 4.024840831756592 
-1.175109624862671, 1.2785778045654297 
2.336778163909912, -2.783766031265259 
-3.070232391357422, 3.5623557567596436 
2.851984977722168, -3.3702783584594727 
-1.5380923748016357, 1.7305347919464111 
-1.214529037475586, 1.3048909902572632 
-1.3669260740280151, 1.5164878368377686 
-3.929133415222168, 4.505444049835205 
-2.0375304222106934, 2.31123423576355 
-2.913635730743408, 3.29683518409729 
2.4016053676605225, -2.8617706298828125 
2.4164586067199707, -2.851827383041382 
2.0789339542388916, -2.5024938583374023 
2.8526248931884766, -3.3834362030029297 
-3.7862777709960938, 4.400059223175049 
-1.4200550317764282, 1.6470937728881836 
-4.060283184051514, 4.711574554443359 
-3.8049073219299316, 4.427348613739014 
1.9189867973327637, -2.32149338722229 
2.7244441509246826, -3.2473480701446533 
2.6938114166259766, -3.1914336681365967 
1.4744184017181396, -1.794901967048645 
-3.484468460083008, 4.072202682495117 
-0.282478004693985, 0.28402945399284363 
2.616356372833252, -3.0914571285247803 
-3.5936131477355957, 4.142397880554199 
3.125328540802002, -3.6652109622955322 
-2.303316593170166, 2.6517951488494873 
-2.8646929264068604, 3.2768070697784424 
2.780783176422119, -3.28762149810791 
-0.09910530596971512, -0.00239762756973505 
2.2547409534454346, -2.6673598289489746 
2.572509765625, -3.0518462657928467 
-2.7323436737060547, 3.194655179977417 
-4.159179210662842, 4.8203935623168945 
2.293551206588745, -2.703115463256836 
-2.493685245513916, 2.8419742584228516 
2.020848274230957, -2.3937253952026367 
-2.804205894470215, 3.222156286239624 
3.343900203704834, -3.9517486095428467 
-2.6110832691192627, 2.9675910472869873 
0.39772161841392517, -0.5333715081214905 
-2.585963010787964, 2.987431764602661 
2.615966796875, -3.0918972492218018 
0.9480651021003723, -1.183108925819397 
-2.239445924758911, 2.5685529708862305 
-4.4982991218566895, 5.217399597167969 
-3.343000888824463, 3.86828875541687 
2.31290602684021, -2.7908084392547607 
-2.3326711654663086, 2.6934688091278076 
-0.1726020872592926, 0.14941848814487457 
3.061940908432007, -3.6202895641326904 
-3.322197437286377, 3.769693613052368 
-3.318371295928955, 3.7960450649261475 
-0.8582892417907715, 0.9746420979499817 
-4.015436172485352, 4.633520603179932 
-3.4468579292297363, 3.952589750289917 
-3.425987720489502, 3.94834041595459 
2.252509593963623, -2.6813294887542725 
3.5825257301330566, -4.191991329193115 
1.4250288009643555, -1.7227942943572998 
-0.9822641015052795, 1.12185800075531 
1.6885850429534912, -2.0290470123291016 
-2.136171579360962, 2.494926691055298 
-3.9892396926879883, 4.636163234710693 
-3.316868782043457, 3.819481372833252 
-3.679258346557617, 4.277734756469727 
-0.454649418592453, 0.43257617950439453 
2.385590076446533, -2.8520607948303223 
-1.641961693763733, 1.8440229892730713 
1.9743515253067017, -2.3506391048431396 
2.1677322387695312, -2.556225538253784 
-3.5556466579437256, 4.1108503341674805 
2.6551132202148438, -3.129943609237671 
0.7567960023880005, -0.9086784720420837 
2.3082661628723145, -2.7217600345611572 
-4.04654598236084, 4.664926528930664 
-3.3555173873901367, 3.9163854122161865 
-3.8865151405334473, 4.429141521453857 
-2.9111905097961426, 3.3225760459899902 
2.042639970779419, -2.4373044967651367 
0.9054471850395203, -1.1208783388137817 
-3.2595489025115967, 3.7976272106170654 
-0.39628294110298157, 0.40016740560531616 
-4.878056526184082, 5.619113922119141 
1.516067385673523, -1.8324800729751587 
-3.8770904541015625, 4.476485252380371 
0.7975482940673828, -1.0456550121307373 
-1.6239968538284302, 1.8759424686431885 
-3.8584036827087402, 4.409363746643066 
2.3546717166900635, -2.805952787399292 
1.7586790323257446, -2.0914974212646484 
-3.368471622467041, 3.907442808151245 
0.5895133018493652, -0.7574965357780457 
2.0783820152282715, -2.501466751098633 
-0.8755430579185486, 0.9696321487426758 
-3.5782556533813477, 4.126469612121582 
2.1803691387176514, -2.5763163566589355 
-1.6670329570770264, 1.8886992931365967 
2.3672149181365967, -2.8228299617767334 
0.9882532954216003, -1.2298892736434937 
0.9629353880882263, -1.19015634059906 
2.901075601577759, -3.413259983062744 
2.8531718254089355, -3.360445022583008 
2.6713671684265137, -3.1414568424224854 
1.4768095016479492, -1.80435049533844 
-0.9597956538200378, 1.0809065103530884 
-3.636627435684204, 4.188637733459473 
1.7577552795410156, -2.087481737136841 
-2.1361865997314453, 2.39526629447937 
-2.0797836780548096, 2.3257229328155518 
0.4670572280883789, -0.6316773891448975 
2.7168538570404053, -3.1738898754119873 
-1.8973238468170166, 2.1902568340301514 
0.8992673754692078, -1.0931226015090942 
-2.9512085914611816, 3.4238131046295166 
-3.101710319519043, 3.5400960445404053 
-2.1359972953796387, 2.46663498878479 
-1.2240480184555054, 1.4095929861068726 
2.856464385986328, -3.3426923751831055 
-3.1672821044921875, 3.6560518741607666 
-2.386385679244995, 2.681445360183716 
-3.8222665786743164, 4.37630558013916 
-1.4355485439300537, 1.5764919519424438 
0.05510133504867554, -0.1612057238817215 
-4.015631198883057, 4.580434799194336 
3.003425359725952, -3.561199903488159 
3.0807981491088867, -3.630885601043701 
1.4688479900360107, -1.7626378536224365 
2.4167985916137695, -2.8258309364318848 
-1.4443970918655396, 1.6394881010055542 
-3.118227005004883, 3.5730807781219482 
0.30808278918266296, -0.39615464210510254 
-2.0764079093933105, 2.34133243560791 
-2.514329433441162, 2.9240481853485107 
-1.2551264762878418, 1.3837356567382812 
-1.5904667377471924, 1.7659367322921753 
-0.83367919921875, 0.8728464841842651 
-2.959679365158081, 3.3826606273651123 
2.766223907470703, -3.273571491241455 
-1.4476639032363892, 1.6104954481124878 
3.134854793548584, -3.697291612625122 
-2.540916919708252, 2.927595853805542 
1.4915989637374878, -1.7971004247665405 
-4.191380977630615, 4.886260986328125 
-1.3577609062194824, 1.5730093717575073 
-3.7033650875091553, 4.243106842041016 
2.158891201019287, -2.567077398300171 
1.1808887720108032, -1.4095262289047241 
0.5434647798538208, -0.6787949800491333 
3.1546735763549805, -3.7294821739196777 
-3.5604257583618164, 4.096519470214844 
-3.791809320449829, 4.381513595581055 
2.5551068782806396, -3.0193769931793213 
-3.0656137466430664, 3.550812005996704 
-2.753096103668213, 3.133439779281616 
2.6071696281433105, -3.069059133529663 
-3.4954919815063477, 4.080615043640137 
-3.6279146671295166, 4.198986530303955 
-3.324826717376709, 3.8007652759552 
3.2789108753204346, -3.887681245803833 
1.6013107299804688, -1.9096497297286987 
-3.5592331886291504, 4.138055801391602 
-0.056557513773441315, 0.0027027875185012817 
-2.5478246212005615, 2.924556255340576 
-1.541434645652771, 1.7957398891448975 
-0.4122963845729828, 0.37076252698898315 
-1.089786171913147, 1.196762204170227 
0.6011375784873962, -0.7723888158798218 
2.448047399520874, -2.9111878871917725 
-3.2073655128479004, 3.673595666885376 
1.845266342163086, -2.2031137943267822 
-3.0854148864746094, 3.5772736072540283 
-2.9797585010528564, 3.3861563205718994 
-2.3850302696228027, 2.7671291828155518 
3.0076828002929688, -3.5498576164245605 
2.2418270111083984, -2.6830241680145264 
-0.10032174736261368, 0.06681017577648163 
-1.8106448650360107, 2.0006837844848633 
0.9614728093147278, -1.1596952676773071 
-3.571082592010498, 4.124744892120361 
3.423705577850342, -4.001060962677002 
-0.4482836425304413, 0.49999189376831055 
2.679474115371704, -3.1388862133026123 
2.360057830810547, -2.8207004070281982 
-3.796760082244873, 4.423859596252441 
0.32526901364326477, -0.442305326461792 
-0.6916182041168213, 0.7176184058189392 
-3.651963233947754, 4.194458961486816 
-3.888047218322754, 4.468849182128906 
-2.1715245246887207, 2.498325824737549 
2.1779427528381348, -2.592508554458618 
-0.3664962351322174, 0.328420490026474 
2.099541425704956, -2.4721763134002686 
0.5850332379341125, -0.7658674120903015 
-4.308282852172852, 4.9724578857421875 
-4.536991119384766, 5.228398323059082 
-0.8299044370651245, 0.8626466989517212 
-4.247097969055176, 4.899662971496582 
-1.5894372463226318, 1.8328038454055786 
-3.4368972778320312, 3.9425909519195557 
1.2823078632354736, -1.5529640913009644 
-3.944387912750244, 4.559081077575684 
2.2606966495513916, -2.7030842304229736 
-1.0130846500396729, 1.1645572185516357 
-3.7524945735931396, 4.361104965209961 
-3.4329800605773926, 3.9191620349884033 
-3.387505054473877, 3.9277052879333496 
2.7602996826171875, -3.268829822540283 
-1.888810157775879, 2.1489245891571045 
-3.5495810508728027, 4.036495208740234 
0.03349749743938446, -0.09238239377737045 
-1.836883783340454, 2.064058542251587 
-2.5379161834716797, 2.943984270095825 
0.059464119374752045, -0.12387149035930634 
1.4464597702026367, -1.7378884553909302 
-1.4196157455444336, 1.6190593242645264 
1.6500486135482788, -1.9816092252731323 
-1.3794622421264648, 1.5561673641204834 
-4.637606620788574, 5.339654445648193 
2.0857646465301514, -2.5118463039398193 
3.025036096572876, -3.576917886734009 
-0.3856039047241211, 0.37309467792510986 
2.5085227489471436, -2.9839749336242676 
1.7729185819625854, -2.113663911819458 
2.1355652809143066, -2.5476114749908447 
1.964859962463379, -2.3629419803619385 
-2.4042463302612305, 2.692206382751465 
-1.226133108139038, 1.4208894968032837 
1.0869712829589844, -1.3164141178131104 
-2.364128589630127, 2.7147650718688965 
-4.047412872314453, 4.6743669509887695 
-4.561991214752197, 5.284022331237793 
-2.4673781394958496, 2.8496170043945312 
-2.8736634254455566, 3.3240511417388916 
1.886981725692749, -2.2608253955841064 
-2.73988676071167, 3.1053316593170166 
-2.2364165782928467, 2.561838388442993 
2.4619035720825195, -2.895855188369751 
-3.777292251586914, 4.379485130310059 
-4.036883354187012, 4.633915901184082 
0.5361337065696716, -0.6893735527992249 
-3.4872989654541016, 4.037149429321289 
2.1767425537109375, -2.623725414276123 
1.277055263519287, -1.5415992736816406 
2.130498170852661, -2.522289276123047 
-4.398956775665283, 5.084342956542969 
-4.1539788246154785, 4.8355817794799805 
3.037008762359619, -3.548335552215576 
-1.8266692161560059, 2.0522048473358154 
-3.939105272293091, 4.575997352600098 
-2.8393211364746094, 3.200882911682129 
-2.6286778450012207, 3.0367588996887207 
-2.873166799545288, 3.231732130050659 
-2.0051279067993164, 2.2332682609558105 
1.828920841217041, -2.1703784465789795 
0.32541799545288086, -0.42020803689956665 
-1.259777545928955, 1.3833626508712769 
-2.2882676124572754, 2.582324743270874 
-1.9677021503448486, 2.1887047290802 
1.8047446012496948, -2.160801649093628 
-3.9200377464294434, 4.5475311279296875 
2.6433236598968506, -3.1169795989990234 
-2.100081443786621, 2.4371936321258545 
-3.8766746520996094, 4.4923624992370605 
-3.515286922454834, 4.067992687225342 
3.179900884628296, -3.753288984298706 
2.961252212524414, -3.4903204441070557 
1.49617338180542, -1.8241397142410278 
0.24524472653865814, -0.3485768437385559 
-2.6888818740844727, 3.03733229637146 
-4.768121242523193, 5.514834880828857 
2.4974260330200195, -2.990061044692993 
1.708750605583191, -2.0362017154693604 
0.28440865874290466, -0.38141930103302 
-4.612819194793701, 5.291723251342773 
2.4562530517578125, -2.9001715183258057 
-1.8421580791473389, 2.0557522773742676 
-3.392426013946533, 3.9398205280303955 
-1.7395554780960083, 2.010634183883667 
-2.364927053451538, 2.711141347885132 
-0.8717527389526367, 0.9525427222251892 
0.8927363753318787, -1.0977903604507446 
-3.50849986076355, 4.071481704711914 
-2.76326060295105, 3.1624369621276855 
-2.9820544719696045, 3.389263868331909 
2.9225001335144043, -3.4910311698913574 
2.77166748046875, -3.2912395000457764 
1.4768197536468506, -1.7958701848983765 
-2.3840837478637695, 2.7465507984161377 
-0.296865850687027, 0.2671665549278259 
2.911658763885498, -3.432591199874878 
-4.3640546798706055, 5.042777061462402 
1.6884641647338867, -2.0364859104156494 
0.2699926197528839, -0.38608136773109436 
-1.9916940927505493, 2.261007070541382 
1.8011741638183594, -2.141054391860962 
1.3897383213043213, -1.68645441532135 
3.063774347305298, -3.616154432296753 
-2.4703445434570312, 2.7898504734039307 
-2.5850470066070557, 2.992655038833618 
-0.12728898227214813, 0.052113696932792664 
2.2779483795166016, -2.7133474349975586 
-2.9856081008911133, 3.442837953567505 
-3.3212337493896484, 3.8118960857391357 
-4.798062324523926, 5.5647783279418945 
-3.121791124343872, 3.5990006923675537 
1.4919257164001465, -1.7701046466827393 
-2.1382012367248535, 2.3974287509918213 
-2.3025217056274414, 2.6466028690338135 
-2.9246978759765625, 3.303377866744995 
2.7032086849212646, -3.2159321308135986 
0.73565673828125, -0.9358429312705994 
2.2294771671295166, -2.660001516342163 
2.5124406814575195, -2.9643566608428955 
-3.5876641273498535, 4.148584365844727 
-2.810397148132324, 3.1765549182891846 
2.322932243347168, -2.7463810443878174 
-4.196965217590332, 4.846803665161133 
-4.050856113433838, 4.709084987640381 
2.408061981201172, -2.855435609817505 
-4.622438430786133, 5.335491180419922 
-3.2179348468780518, 3.7653231620788574 
2.1149990558624268, -2.5360209941864014 
2.1945419311523438, -2.60107421875 
2.3090906143188477, -2.7111756801605225 
2.046133279800415, -2.429248571395874 
2.019988536834717, -2.416790246963501 
3.1787919998168945, -3.734302520751953 
-4.64051628112793, 5.327756881713867 
-4.771563529968262, 5.5222368240356445 
-3.1641170978546143, 3.6767470836639404 
2.97798490524292, -3.5103890895843506 
2.830693006515503, -3.325374126434326 
0.9740911722183228, -1.2190072536468506 
2.74407958984375, -3.2745378017425537 
-1.8461830615997314, 2.123074769973755 
-0.7891334891319275, 0.8657682538032532 
-1.0470699071884155, 1.1716972589492798 
-1.3604599237442017, 1.5641902685165405 
-4.4158935546875, 5.1097893714904785 
-4.0033793449401855, 4.607912063598633 
-0.8617459535598755, 0.9267763495445251 
-1.14361572265625, 1.2107878923416138 
-0.4119969308376312, 0.4037802815437317 
-2.917145252227783, 3.3898441791534424 
2.3195388317108154, -2.7744853496551514 
2.5805130004882812, -3.052971839904785 
-0.3130187690258026, 0.34381532669067383 
2.7645626068115234, -3.31445574760437 
1.6315405368804932, -1.92476487159729 
-1.6007959842681885, 1.8131622076034546 
-3.7555999755859375, 4.333261489868164 
-1.5726208686828613, 1.7175374031066895 
-2.976408004760742, 3.399376153945923 
-2.034588098526001, 2.3442070484161377 
2.0422611236572266, -2.456794261932373 
-2.537879467010498, 2.9608585834503174 
-3.386646032333374, 3.91731858253479 
-1.113896369934082, 1.2126905918121338 
2.9441239833831787, -3.488355875015259 
1.3603239059448242, -1.6470280885696411 
2.5872962474823, -3.058529853820801 
-2.7547192573547363, 3.151090145111084 
-1.2852058410644531, 1.4690821170806885 
-3.208872079849243, 3.6908819675445557 
2.237079381942749, -2.6617095470428467 
-2.369037628173828, 2.68265700340271 
2.11868953704834, -2.5308570861816406 
-4.829975605010986, 5.587469100952148 
-3.4856972694396973, 4.047381401062012 
2.1383917331695557, -2.551995038986206 
2.6780223846435547, -3.1601879596710205 
1.7053143978118896, -2.045318126678467 
-1.0656118392944336, 1.2033401727676392 
0.4907490909099579, -0.5973554253578186 
-3.406527519226074, 3.853039026260376 
-4.708288669586182, 5.4351420402526855 
-3.5246047973632812, 4.0650482177734375 
2.7711875438690186, -3.2855403423309326 
-3.1035561561584473, 3.5208282470703125 
1.49136483669281, -1.8527854681015015 
2.883359670639038, -3.414808511734009 
-2.9946868419647217, 3.374176502227783 
1.330312728881836, -1.624484896659851 
-1.305809497833252, 1.4292097091674805 
2.09840726852417, -2.5009453296661377 
1.9976718425750732, -2.3806684017181396 
-3.971090316772461, 4.55982780456543 
-1.5399012565612793, 1.7152587175369263 
-3.3037519454956055, 3.7923672199249268 
-3.6249423027038574, 4.173225402832031 
-3.517151355743408, 4.043084144592285 
-4.280135154724121, 4.9455156326293945 
-4.068396091461182, 4.6808624267578125 
-3.5507924556732178, 4.110647201538086 
-2.5925984382629395, 2.9588639736175537 
-2.3314290046691895, 2.6771998405456543 
2.259586811065674, -2.7022202014923096 
-3.189091682434082, 3.7219040393829346 
-0.9307394623756409, 1.0672340393066406 
-3.2807400226593018, 3.8245842456817627 
-2.7549173831939697, 3.150071144104004 
2.3070197105407715, -2.7184078693389893 
-3.8141191005706787, 4.377495765686035 
-0.6542455554008484, 0.7342467904090881 
-1.4389866590499878, 1.6153136491775513 
3.4095654487609863, -3.9886865615844727 
-1.8346368074417114, 2.1105897426605225 
-2.4300689697265625, 2.8438656330108643 
0.9777843356132507, -1.2301433086395264 
1.4013667106628418, -1.6821688413619995 
-3.8082900047302246, 4.362888813018799 
-0.9855549931526184, 1.0828019380569458 
-2.8078994750976562, 3.2660677433013916 
1.8383631706237793, -2.18037486076355 
-2.6287479400634766, 3.0373117923736572 
-0.9951097965240479, 1.1343005895614624 
-3.1225104331970215, 3.5814173221588135 
2.073928117752075, -2.4560225009918213 
1.8264360427856445, -2.1858391761779785 
-0.1817895919084549, 0.11460283398628235 
-2.29402756690979, 2.609825611114502 
0.7569029927253723, -0.9707404971122742 
-4.9442219734191895, 5.698678970336914 
-2.4081177711486816, 2.802837610244751 
2.4852559566497803, -2.9430835247039795 
-3.4796600341796875, 3.994236707687378 
-2.470435380935669, 2.841090440750122 
2.0700769424438477, -2.4545109272003174 
-2.031350612640381, 2.3323543071746826 
-3.844475746154785, 4.465697288513184 
-2.5330348014831543, 2.95843768119812 
1.1465667486190796, -1.437903642654419 
3.0596837997436523, -3.5954699516296387 
2.0595321655273438, -2.4770333766937256 
0.44307222962379456, -0.6270800828933716 
2.6254324913024902, -3.1165826320648193 
-0.9319081902503967, 1.0377005338668823 
-1.2318196296691895, 1.3904708623886108 
-1.3006956577301025, 1.4702023267745972 
-3.0829391479492188, 3.4898979663848877 
2.370403528213501, -2.828565835952759 
-0.27631232142448425, 0.254716157913208 
-3.4050326347351074, 3.9649250507354736 
-3.8614213466644287, 4.4203782081604 
-1.3277873992919922, 1.5267963409423828 
1.4025795459747314, -1.6773463487625122 
-3.425551414489746, 3.9831535816192627 
-3.944457769393921, 4.529087543487549 
3.149178981781006, -3.6648597717285156 
2.2057857513427734, -2.600762367248535 
2.320590019226074, -2.755413293838501 
3.0002541542053223, -3.5204999446868896 
-0.42586350440979004, 0.4768984317779541 
0.7443879246711731, -0.9231720566749573 
1.8687835931777954, -2.2432477474212646 
0.08737366646528244, -0.11876054853200912 
2.7773942947387695, -3.298424243927002 
-2.7945969104766846, 3.2388570308685303 
-3.0173840522766113, 3.438560724258423 
2.2131829261779785, -2.6185271739959717 
2.957064628601074, -3.497004508972168 
-2.532320499420166, 2.8949761390686035 
-1.343470811843872, 1.5517010688781738 
-2.751251697540283, 3.146341562271118 
-0.8071960806846619, 0.8720038533210754 
2.453402519226074, -2.9279286861419678 
-0.8562528491020203, 0.9593902826309204 
-3.2372870445251465, 3.748265504837036 
2.3440470695495605, -2.736988067626953 
-2.659660577774048, 3.0263965129852295 
3.681901454925537, -4.312504291534424 
2.0805935859680176, -2.452638864517212 
0.6841227412223816, -0.8659451603889465 
2.5102639198303223, -2.9305269718170166 
-3.751365900039673, 4.352903366088867 
-4.692069053649902, 5.400818824768066 
-3.2452032566070557, 3.718162775039673 
1.9769659042358398, -2.367570400238037 
1.7042737007141113, -2.0651543140411377 
-0.2666722238063812, 0.26902419328689575 
-2.0981063842773438, 2.410616397857666 
-2.10677433013916, 2.4468095302581787 
2.532975435256958, -3.0172691345214844 
1.2038366794586182, -1.4487175941467285 
2.9780654907226562, -3.4872570037841797 
1.1454946994781494, -1.3779770135879517 
1.4711110591888428, -1.7712363004684448 
-0.8077706694602966, 0.9279678463935852 
-1.6807200908660889, 1.9529798030853271 
-2.5787789821624756, 2.9479801654815674 
2.2311556339263916, -2.6687753200531006 
2.0545268058776855, -2.456176519393921 
1.8878240585327148, -2.266584634780884 
2.4170117378234863, -2.9043128490448 
3.005866050720215, -3.5426712036132812 
-4.986386299133301, 5.773376941680908 
-4.560112476348877, 5.251937389373779 
-1.6186422109603882, 1.841809630393982 
2.8895318508148193, -3.418159008026123 
-3.0374550819396973, 3.5389182567596436 
-3.3044474124908447, 3.7665629386901855 
-0.4204270541667938, 0.4156551957130432 
0.6964966654777527, -0.913177490234375 
-4.277726650238037, 4.951010704040527 
-2.919980049133301, 3.3791778087615967 
-0.9262111783027649, 1.0160735845565796 
2.7041354179382324, -3.2216198444366455 
-0.9429160356521606, 1.0721341371536255 
1.4391729831695557, -1.740410566329956 
1.5672062635421753, -1.8812795877456665 
0.06657426804304123, -0.14930520951747894 
-2.4739794731140137, 2.7698397636413574 
-3.6765730381011963, 4.1981916427612305 
2.352519989013672, -2.779940366744995 
0.030905036255717278, -0.05595299229025841 
-4.161127090454102, 4.760693550109863 
2.4549989700317383, -2.9040725231170654 
2.0684003829956055, -2.45861554145813 
-2.3480992317199707, 2.737363576889038 
2.937701463699341, -3.4564049243927 
-4.116197109222412, 4.740035057067871 
-0.18880242109298706, 0.15796712040901184 
0.6728065609931946, -0.8308764100074768 
-4.691131591796875, 5.411786079406738 
2.2090392112731934, -2.624814510345459 
3.1301965713500977, -3.6956093311309814 
-2.8421854972839355, 3.2017362117767334 
-1.6589407920837402, 1.8148272037506104 
2.4338197708129883, -2.8882710933685303 
-3.025362014770508, 3.4849259853363037 
-4.401334762573242, 5.067721843719482 
2.5308308601379395, -2.993870496749878 
0.5828900933265686, -0.7836628556251526 
0.1086115762591362, -0.1807652860879898 
2.599768877029419, -3.082427978515625 
1.0731254816055298, -1.3075600862503052 
-3.27113676071167, 3.7384843826293945 
3.5041069984436035, -4.12694787979126 
1.0156004428863525, -1.2524104118347168 
-0.15234282612800598, 0.09877584129571915 
-2.1051127910614014, 2.3719418048858643 
3.0219595432281494, -3.572028875350952 
-3.346514940261841, 3.8525664806365967 
-3.347548007965088, 3.905675172805786 
-2.923206090927124, 3.3393208980560303 
0.8958386182785034, -1.075898289680481 
-1.9400908946990967, 2.231886625289917 
-2.7598366737365723, 3.145167350769043 
-3.9753777980804443, 4.573392391204834 
-3.6629133224487305, 4.2672882080078125 
1.4519060850143433, -1.759360909461975 
-4.035846710205078, 4.675314903259277 
1.8820408582687378, -2.241199493408203 
-3.754940986633301, 4.363475799560547 
1.1257195472717285, -1.3970409631729126 
2.705575942993164, -3.1779563426971436 
3.5127103328704834, -4.148530006408691 
-1.6845686435699463, 1.897426962852478 
3.2082839012145996, -3.7877352237701416 
1.0925979614257812, -1.3610657453536987 
2.726949691772461, -3.2522900104522705 
-2.820481777191162, 3.2762649059295654 
3.4582278728485107, -4.0463175773620605 
-0.009035253897309303, -0.0781194418668747 
-4.508069038391113, 5.215194225311279 
2.5660839080810547, -3.01993727684021 
-2.3407516479492188, 2.6346075534820557 
-2.3231217861175537, 2.6192901134490967 
-3.7854814529418945, 4.402462959289551 
1.5472385883331299, -1.8827883005142212 
2.960603713989258, -3.463996648788452 
1.71944260597229, -2.039445161819458 
2.722278594970703, -3.210676908493042 
-2.9914934635162354, 3.4604763984680176 
-2.93982195854187, 3.3840534687042236 
2.5493149757385254, -3.036818742752075 
-1.9272167682647705, 2.2573845386505127 
2.2144088745117188, -2.6146726608276367 
-3.4825031757354736, 3.966444492340088 
1.8939156532287598, -2.2691283226013184 
-3.886327028274536, 4.536298751831055 
1.9308348894119263, -2.336341619491577 
2.132129669189453, -2.5084798336029053 
2.1896896362304688, -2.6083261966705322 
-3.3804922103881836, 3.8619801998138428 
1.8659429550170898, -2.236748456954956 
1.4606724977493286, -1.7644761800765991 
-1.9986895322799683, 2.25246262550354 
1.9906282424926758, -2.3579623699188232 
-3.1503658294677734, 3.589951276779175 
-0.18097437918186188, 0.1674548089504242 
2.198690414428711, -2.629737615585327 
-3.2804040908813477, 3.730355739593506 
-0.7334875464439392, 0.8198668360710144 
-2.4519801139831543, 2.822620153427124 
-3.944105863571167, 4.609370231628418 
2.717073440551758, -3.2145609855651855 
-3.569516181945801, 4.080711364746094 
-2.674710273742676, 3.091095209121704 
-2.2982993125915527, 2.6778128147125244 
1.5751001834869385, -1.8778084516525269 
-0.45844706892967224, 0.5169689655303955 
-2.5928752422332764, 2.918586492538452 
3.3490958213806152, -3.9307920932769775 
-4.263697147369385, 4.895391941070557 
2.9052042961120605, -3.4455082416534424 
-0.47972866892814636, 0.5166451334953308 
2.8359150886535645, -3.36653733253479 
-2.535701036453247, 2.856778621673584 
-2.5866997241973877, 2.931180953979492 
-3.6561999320983887, 4.198503494262695 
3.036813735961914, -3.5608575344085693 
-1.3329927921295166, 1.5210016965866089 
-0.27388060092926025, 0.28889575600624084 
-2.2162177562713623, 2.5452606678009033 
2.4546430110931396, -2.9305202960968018 
-1.4063743352890015, 1.5136696100234985 
-4.688924312591553, 5.414763450622559 
1.073065996170044, -1.3119415044784546 
-3.9600839614868164, 4.546370506286621 
-3.4168596267700195, 3.954915761947632 
-3.6434457302093506, 4.17558479309082 
-2.008723497390747, 2.2689058780670166 
0.37447109818458557, -0.5013450384140015 
-0.1192094162106514, 0.07053318619728088 
1.3920047283172607, -1.6672815084457397 
-4.638997554779053, 5.331112384796143 
2.2260119915008545, -2.637969970703125 
-1.9583650827407837, 2.196450710296631 
1.3356621265411377, -1.6025022268295288 
-3.7830545902252197, 4.364535331726074 
-4.774105072021484, 5.491818428039551 
-3.1661548614501953, 3.566612720489502 
2.6374802589416504, -3.126530408859253 
3.0817503929138184, -3.60414719581604 
3.0655550956726074, -3.6463818550109863 
1.7258635759353638, -2.0606179237365723 
0.14568956196308136, -0.23588795959949493 
-1.183002233505249, 1.299494981765747 
1.7585266828536987, -2.0863356590270996 
-2.9904589653015137, 3.427708864212036 
-4.705533504486084, 5.420117378234863 
2.3920700550079346, -2.8461434841156006 
-2.0028841495513916, 2.2767856121063232 
-4.158677577972412, 4.754551887512207 
-3.1294631958007812, 3.583839178085327 
2.502261161804199, -2.962345838546753 
-2.168794631958008, 2.5153017044067383 
2.2593913078308105, -2.7042148113250732 
-2.2666046619415283, 2.636461019515991 
1.1214690208435059, -1.3652952909469604 
-0.7681441903114319, 0.8667212128639221 
2.599726676940918, -3.0739986896514893 
2.064115524291992, -2.4469449520111084 
-2.5335073471069336, 2.9332146644592285 
-1.2119430303573608, 1.30349600315094 
3.2463631629943848, -3.8345277309417725 
1.8994265794754028, -2.2438695430755615 
1.0865037441253662, -1.3209658861160278 
0.5516355633735657, -0.6583138108253479 
2.8648877143859863, -3.3687007427215576 
1.6741262674331665, -1.9973596334457397 
-0.7649325132369995, 0.8262556791305542 
-3.855461597442627, 4.442700386047363 
2.7134881019592285, -3.195746421813965 
-1.6597604751586914, 1.9048312902450562 
-3.1120824813842773, 3.554889440536499 
-4.062851905822754, 4.716205596923828 
-1.890174388885498, 2.157864809036255 
2.598327398300171, -3.1008541584014893 
2.529409408569336, -2.9742276668548584 
-0.8061402440071106, 0.841451108455658 
2.615718364715576, -3.130841016769409 
2.2385799884796143, -2.6296536922454834 
-3.8638341426849365, 4.442495346069336 
-3.4978232383728027, 4.027708053588867 
-2.5266847610473633, 2.8699445724487305 
-4.070664882659912, 4.746870040893555 
-3.5319817066192627, 4.124291896820068 
1.911486268043518, -2.293073892593384 
-3.6284704208374023, 4.14387321472168 
-2.5192179679870605, 2.9089698791503906 
-4.467338562011719, 5.151402473449707 
-3.1831564903259277, 3.696324586868286 
-1.3257297277450562, 1.5348871946334839 
-1.059454083442688, 1.2313202619552612 
0.48772528767585754, -0.6140250563621521 
1.6219497919082642, -1.9977216720581055 
-4.156408309936523, 4.853363037109375 
0.9649965167045593, -1.1656521558761597 
-2.298306465148926, 2.6026532649993896 
-3.2714731693267822, 3.751563787460327 
-2.6339032649993896, 3.0393621921539307 
1.2059261798858643, -1.4773682355880737 
-0.618333637714386, 0.6667670607566833 
-4.550570487976074, 5.288170337677002 
3.193967580795288, -3.7691948413848877 
-3.7896738052368164, 4.339478492736816 
-3.0785396099090576, 3.5536739826202393 
-2.621936559677124, 3.009793996810913 
0.701193630695343, -0.8739471435546875 
-4.2321295738220215, 4.895280838012695 
0.3020762503147125, -0.36940157413482666 
3.8741283416748047, -4.573147296905518 
0.7407895922660828, -0.9260125160217285 
-3.963338613510132, 4.587172508239746 
2.458587169647217, -2.8986053466796875 
-3.5853967666625977, 4.165201663970947 
-4.362902641296387, 5.03368616104126 
1.5082111358642578, -1.7820078134536743 
1.2006187438964844, -1.4229155778884888 
2.9369611740112305, -3.4528329372406006 
2.003533363342285, -2.3851590156555176 
2.131518840789795, -2.51829195022583 
2.6727845668792725, -3.1382391452789307 
-0.27601510286331177, 0.26009684801101685 
-2.328592300415039, 2.637080669403076 
-1.8081600666046143, 2.076021909713745 
0.42530667781829834, -0.5509104132652283 
-2.345690965652466, 2.7177581787109375 
1.13155198097229, -1.4119566679000854 
2.5438027381896973, -3.0237998962402344 
0.8466491103172302, -1.0293703079223633 
0.9528730511665344, -1.2100120782852173 
1.7257616519927979, -2.0607047080993652 
-2.1282620429992676, 2.3919808864593506 
-2.1011672019958496, 2.4263572692871094 
2.330906391143799, -2.7763149738311768 
-1.9718562364578247, 2.2626147270202637 
-2.530038356781006, 2.8797872066497803 
-3.628000259399414, 4.156166076660156 
0.48248305916786194, -0.644035816192627 
-0.8772414326667786, 1.0007466077804565 
0.3754907548427582, -0.4618428945541382 
-1.0929840803146362, 1.239686369895935 
-3.317142963409424, 3.804469585418701 
-3.80918025970459, 4.4215087890625 
-3.2891643047332764, 3.783643960952759 
-1.0856313705444336, 1.186201810836792 
1.049562692642212, -1.2460378408432007 
2.652512550354004, -3.1446244716644287 
2.299349784851074, -2.7447917461395264 
0.45194298028945923, -0.5634706020355225 
2.763890266418457, -3.254974126815796 
2.496285915374756, -2.944148302078247 
0.11849503964185715, -0.18145276606082916 
-3.9534473419189453, 4.563047409057617 
0.3893987834453583, -0.5273640751838684 
0.17569604516029358, -0.24867969751358032 
-1.2662181854248047, 1.4736055135726929 
2.0051286220550537, -2.3903746604919434 
-0.5774185061454773, 0.6301624178886414 
-0.9401764273643494, 1.0542417764663696 
-0.8369290232658386, 0.8591758608818054 
2.301032543182373, -2.736478090286255 
0.3514719009399414, -0.49742528796195984 
2.683349132537842, -3.1822593212127686 
-1.603514552116394, 1.8314669132232666 
-1.2631583213806152, 1.4430615901947021 
-3.295670986175537, 3.7524359226226807 
1.2611885070800781, -1.515621542930603 
-2.8161284923553467, 3.242889165878296 
1.2752127647399902, -1.566673994064331 
-1.6728150844573975, 1.9226590394973755 
1.8605858087539673, -2.2293150424957275 
-3.2314281463623047, 3.7068111896514893 
2.183798313140869, -2.577204465866089 
-3.4209940433502197, 3.9108564853668213 
1.040947437286377, -1.2772949934005737 
-4.829545021057129, 5.586427688598633 
2.7128207683563232, -3.2078213691711426 
-3.1786398887634277, 3.6941375732421875 
-2.98728346824646, 3.4049746990203857 
-4.010792255401611, 4.639039516448975 
3.136247158050537, -3.7093334197998047 
1.531449556350708, -1.8398460149765015 
-1.7779592275619507, 2.0645620822906494 
1.3133755922317505, -1.6357166767120361 
2.9648940563201904, -3.4992098808288574 
2.517392873764038, -2.981837511062622 
2.638984203338623, -3.153064489364624 
-2.7082536220550537, 3.1601743698120117 
-1.110396146774292, 1.2286672592163086 
-3.722080945968628, 4.292014122009277 
-0.05472628399729729, 0.03400750458240509 
-1.340638279914856, 1.528173804283142 
-4.253730297088623, 4.947085857391357 
-4.440274715423584, 5.1298933029174805 
-4.4139509201049805, 5.069040298461914 
-0.33314111828804016, 0.3833053708076477 
2.5173869132995605, -2.9769368171691895 
-0.27730002999305725, 0.2400275021791458 
-4.693093776702881, 5.4251909255981445 
-4.768508434295654, 5.507430076599121 
1.9462676048278809, -2.3307361602783203 
0.8776786923408508, -1.0870217084884644 
2.858231544494629, -3.3748395442962646 
-2.5195212364196777, 2.8845932483673096 
2.6519925594329834, -3.142141103744507 
-1.5327386856079102, 1.6374050378799438 
-1.1782777309417725, 1.2640678882598877 
3.0313596725463867, -3.5658681392669678 
-4.572183609008789, 5.288053035736084 
3.3210997581481934, -3.9067649841308594 
1.3008986711502075, -1.5475493669509888 
-1.8508081436157227, 2.1281399726867676 
1.8059959411621094, -2.1597788333892822 
-3.2103147506713867, 3.648634195327759 
1.7931568622589111, -2.1660702228546143 
2.3085334300994873, -2.7326414585113525 
-0.1483687162399292, 0.12913693487644196 
-2.1551969051361084, 2.47159743309021 
-4.559480667114258, 5.239020347595215 
2.3205196857452393, -2.762227773666382 
1.4051449298858643, -1.7050069570541382 
2.074800968170166, -2.452730894088745 
0.19408351182937622, -0.2672611474990845 
2.4629507064819336, -2.946352243423462 
-1.5133471488952637, 1.739449381828308 
-3.1639585494995117, 3.6866750717163086 
-3.8269777297973633, 4.41692590713501 
1.067490816116333, -1.335851788520813 
2.5812525749206543, -3.0754544734954834 
-3.1508948802948, 3.6531026363372803 
-3.0167877674102783, 3.4838879108428955 
2.4473042488098145, -2.90742564201355 
-3.659053087234497, 4.259576320648193 
-2.9993903636932373, 3.499953031539917 
-0.12897923588752747, 0.05150861665606499 
-2.4344284534454346, 2.8176538944244385 
-2.046400785446167, 2.3469812870025635 
-2.4609568119049072, 2.801664113998413 
2.7478182315826416, -3.2632296085357666 
-2.348905086517334, 2.6754915714263916 
2.9473671913146973, -3.4870378971099854 
2.969014883041382, -3.509025812149048 
-2.661893844604492, 3.119455575942993 
-2.1260294914245605, 2.455906629562378 
-2.0155580043792725, 2.3144068717956543 
-3.481212615966797, 3.9449524879455566 
-3.837416172027588, 4.409916400909424 
-3.329394817352295, 3.8698437213897705 
2.365205764770508, -2.803098678588867 
0.14545610547065735, -0.23951764404773712 
1.4848322868347168, -1.7841414213180542 
2.572603702545166, -3.0436527729034424 
-1.0487818717956543, 1.1251412630081177 
-3.3943464756011963, 3.8917148113250732 
1.297619342803955, -1.5718872547149658 
2.1271278858184814, -2.5430479049682617 
2.642947196960449, -3.146796226501465 
-1.7328523397445679, 1.9299160242080688 
-3.251008987426758, 3.744252920150757 
-2.2215685844421387, 2.505774736404419 
1.8181734085083008, -2.189652919769287 
-3.1573963165283203, 3.662808418273926 
-3.623065233230591, 4.134214878082275 
2.1651251316070557, -2.6129157543182373 
3.0302515029907227, -3.5970747470855713 
2.313955307006836, -2.7473738193511963 
-1.297208309173584, 1.419384241104126 
-3.4880616664886475, 4.020116329193115 
0.975668728351593, -1.1944161653518677 
-2.908547878265381, 3.369483709335327 
-3.0115435123443604, 3.4994895458221436 
-2.5402042865753174, 2.9295928478240967 
1.6164329051971436, -1.9460829496383667 
0.8043399453163147, -1.0145920515060425 
0.017120545729994774, -0.09740699827671051 
-4.957154273986816, 5.753202438354492 
-2.669118881225586, 3.078415632247925 
-1.193986177444458, 1.3067737817764282 
0.9099007248878479, -1.1463537216186523 
-1.8660738468170166, 2.1373488903045654 
-2.5938618183135986, 2.974024534225464 
-2.052931308746338, 2.373634099960327 
-0.9412733316421509, 1.0335286855697632 
-1.9615765810012817, 2.2951507568359375 
3.2606399059295654, -3.841075897216797 
1.9198901653289795, -2.2746989727020264 
0.84120112657547, -1.0253465175628662 
-0.9165316224098206, 1.0191669464111328 
1.4439122676849365, -1.7779481410980225 
-1.4005351066589355, 1.5931364297866821 
-3.827099561691284, 4.33306884765625 
1.698225975036621, -2.030534505844116 
-2.9037866592407227, 3.3521642684936523 
2.738093614578247, -3.224224090576172 
2.739391326904297, -3.2756507396698 
-3.5617873668670654, 4.094282627105713 
-1.5438977479934692, 1.7586569786071777 
2.6657581329345703, -3.1337499618530273 
-4.900126934051514, 5.679072856903076 
-2.2584002017974854, 2.58599591255188 
2.2957305908203125, -2.745508909225464 
-0.509903073310852, 0.5352863669395447 
-2.630180835723877, 2.9754788875579834 
2.20021390914917, -2.61277174949646 
1.1416044235229492, -1.405492901802063 
1.7885198593139648, -2.1349117755889893 
-3.510186195373535, 4.011346817016602 
-5.112804412841797, 5.897563934326172 
-1.6100389957427979, 1.8278231620788574 
-0.14043156802654266, 0.0834975466132164 
-0.2996065318584442, 0.3260446786880493 
2.444157123565674, -2.8971073627471924 
-3.6814308166503906, 4.194307327270508 
0.8632591366767883, -1.0533267259597778 
-3.095399856567383, 3.591111421585083 
1.7107678651809692, -2.0360171794891357 
0.9307347536087036, -1.161680817604065 
-2.8950700759887695, 3.3572885990142822 
2.4238266944885254, -2.8381335735321045 
3.4157934188842773, -4.020073413848877 
-3.768348217010498, 4.285385608673096 
2.3462748527526855, -2.8038270473480225 
2.397794246673584, -2.8349647521972656 
1.5454232692718506, -1.8956507444381714 
-0.27313950657844543, 0.26035839319229126 
-4.164037704467773, 4.843024253845215 
-2.237037181854248, 2.57859468460083 
-2.8591079711914062, 3.3274900913238525 
2.902935266494751, -3.413433074951172 
-1.6811217069625854, 1.9205025434494019 
-3.9764811992645264, 4.589406967163086 
-1.967275857925415, 2.242452383041382 
-1.4710791110992432, 1.6984009742736816 
2.1344876289367676, -2.5618526935577393 
1.7897775173187256, -2.1524789333343506 
3.0610275268554688, -3.618171215057373 
2.784912109375, -3.2847235202789307 
1.4369332790374756, -1.7597159147262573 
-3.9203929901123047, 4.52992582321167 
2.9862451553344727, -3.5407657623291016 
-3.9058940410614014, 4.524747371673584 
-3.1277575492858887, 3.5528724193573 
2.333102226257324, -2.7871015071868896 
-2.492985248565674, 2.804755210876465 
-4.7081828117370605, 5.472520351409912 
-3.9635367393493652, 4.536525726318359 
-3.035325527191162, 3.492716073989868 
-3.518265962600708, 4.001951217651367 
-4.6378045082092285, 5.353156089782715 
1.1238105297088623, -1.3818354606628418 
-3.3203511238098145, 3.881319284439087 
-2.4599225521087646, 2.7609970569610596 
-3.9328737258911133, 4.574452877044678 
-3.4008448123931885, 3.9358344078063965 
2.5970141887664795, -3.091020345687866 
-2.894895076751709, 3.2707417011260986 
-3.277261972427368, 3.8052399158477783 
-4.808692932128906, 5.558084487915039 
-0.6684169769287109, 0.6915488243103027 
-3.4927268028259277, 3.990126848220825 
-1.535535454750061, 1.716934323310852 
-1.2624175548553467, 1.420725703239441 
-3.228806972503662, 3.726672410964966 
2.5636024475097656, -3.0202953815460205 
-0.8433324694633484, 0.9093217253684998 
-3.6007723808288574, 4.150209426879883 
-2.97139310836792, 3.350454807281494 
-3.823777198791504, 4.364261627197266 
3.213094472885132, -3.802276372909546 
-2.753222942352295, 3.14412522315979 
-2.7392635345458984, 3.1734209060668945 
-1.3470180034637451, 1.5321506261825562 
-2.36808443069458, 2.7006003856658936 
2.7792139053344727, -3.2583019733428955 
-0.8787539601325989, 0.9895456433296204 
-1.9977024793624878, 2.3082849979400635 
-2.538153648376465, 2.8605728149414062 
-1.111719012260437, 1.2477365732192993 
2.931795358657837, -3.4843671321868896 
-4.642070770263672, 5.387697219848633 
-2.492849826812744, 2.8992981910705566 
0.688038170337677, -0.8481138348579407 
-1.732701301574707, 2.027928113937378 
-2.8351666927337646, 3.3084638118743896 
2.951143264770508, -3.499887704849243 
-3.668395519256592, 4.165637016296387 
2.439216375350952, -2.897980213165283 
-4.8322038650512695, 5.5750908851623535 
-3.425605058670044, 3.929367780685425 
3.034567356109619, -3.594184160232544 
-1.3771216869354248, 1.546697735786438 
-0.10956694185733795, 0.10583034157752991 
-1.0953017473220825, 1.1598414182662964 
-2.091614246368408, 2.40315842628479 
-1.3335472345352173, 1.4947630167007446 
1.3128981590270996, -1.5835107564926147 
3.108248233795166, -3.6721279621124268 
1.573165774345398, -1.8815158605575562 
-4.269585609436035, 4.955855369567871 
3.7268710136413574, -4.4023027420043945 
-0.030985288321971893, -0.03660760074853897 
-1.2796722650527954, 1.438132405281067 
1.4007766246795654, -1.6580394506454468 
-1.606640338897705, 1.833480715751648 
2.2496423721313477, -2.6319921016693115 
-0.1535145342350006, 0.14008544385433197 
2.4208812713623047, -2.8628463745117188 
-1.9396274089813232, 2.2254984378814697 
-1.5787951946258545, 1.7977733612060547 
-3.1851015090942383, 3.6973795890808105 
1.3374110460281372, -1.6186760663986206 
2.607199192047119, -3.0652897357940674 
-4.722208499908447, 5.46028995513916 
2.5566904544830322, -3.016396999359131 
2.2648067474365234, -2.7087275981903076 
2.5302083492279053, -2.9782679080963135 
-2.188190460205078, 2.5274722576141357 
2.6404271125793457, -3.097003936767578 
2.576897144317627, -3.0280611515045166 
-1.5012257099151611, 1.6769686937332153 
0.31508785486221313, -0.38989177346229553 
2.91723895072937, -3.4337868690490723 
3.0617218017578125, -3.601457357406616 
1.2847946882247925, -1.572513461112976 
-2.1472294330596924, 2.486279249191284 
-3.0948469638824463, 3.567744016647339 
2.7609810829162598, -3.2619850635528564 
1.7219468355178833, -2.0741899013519287 
0.5213964581489563, -0.6724418997764587 
-1.257502794265747, 1.4136601686477661 
-4.106568813323975, 4.701704025268555 
-3.0916852951049805, 3.5260612964630127 
-1.7565925121307373, 2.0451128482818604 
-0.421617716550827, 0.38529959321022034 
0.8323908448219299, -1.0354427099227905 
-1.8125993013381958, 2.060443162918091 
-2.475749969482422, 2.8642001152038574 
-4.049647331237793, 4.713499069213867 
1.6356079578399658, -1.9803428649902344 
-2.5208804607391357, 2.9249794483184814 
2.5935373306274414, -3.0830273628234863 
0.7738085389137268, -0.9663164019584656 
2.9400548934936523, -3.477552890777588 
-3.7534937858581543, 4.349031925201416 
-3.1865625381469727, 3.655320405960083 
-3.3897695541381836, 3.8823435306549072 
-3.8338875770568848, 4.4188737869262695 
-3.358539342880249, 3.8215205669403076 
-3.308844804763794, 3.7596275806427 
-2.622642993927002, 2.9654786586761475 
-2.4527039527893066, 2.8667232990264893 
-3.3964571952819824, 3.938693046569824 
2.786085605621338, -3.303328037261963 
1.691565752029419, -2.049423933029175 
-4.419327735900879, 5.106216907501221 
0.35368970036506653, -0.4731178879737854 
-4.510626316070557, 5.22198486328125 
