7.2745232582092285, -8.551691055297852 
-4.991909503936768, 5.764436721801758 
8.649544715881348, -10.116599082946777 
8.578093528747559, -10.047106742858887 
7.7841081619262695, -9.09334659576416 
-8.415976524353027, 9.701350212097168 
-7.241419315338135, 8.295260429382324 
4.315208435058594, -5.099058151245117 
7.669967174530029, -9.005975723266602 
-3.1518352031707764, 3.5374138355255127 
7.156095504760742, -8.381646156311035 
3.6199610233306885, -4.240027904510498 
8.243033409118652, -9.65442943572998 
7.79692268371582, -9.125398635864258 
-8.624536514282227, 9.948689460754395 
-1.945255160331726, 2.1686463356018066 
7.748917579650879, -9.111489295959473 
8.093328475952148, -9.454290390014648 
8.12729549407959, -9.548154830932617 
-2.9018990993499756, 3.2415764331817627 
2.852726697921753, -3.4479851722717285 
8.682899475097656, -10.175387382507324 
2.778524875640869, -3.307332992553711 
-8.886138916015625, 10.252399444580078 
-9.18995475769043, 10.607564926147461 
-6.497663974761963, 7.442495822906494 
8.208677291870117, -9.626884460449219 
-1.5678164958953857, 1.6622653007507324 
2.0525028705596924, -2.52390193939209 
-5.819446563720703, 6.703268527984619 
-8.635518074035645, 9.986287117004395 
7.6410746574401855, -8.959200859069824 
6.67522668838501, -7.837529182434082 
-5.909970283508301, 6.74054479598999 
6.805560111999512, -7.980630397796631 
-6.78181266784668, 7.8342814445495605 
8.065744400024414, -9.366620063781738 
-6.505667686462402, 7.529565334320068 
8.362060546875, -9.789721488952637 
-1.7915362119674683, 1.935907244682312 
9.400032043457031, -10.945019721984863 
7.818565368652344, -9.161049842834473 
4.606165409088135, -5.3926100730896 
6.571244239807129, -7.733152866363525 
-6.89813232421875, 7.900852203369141 
-8.323814392089844, 9.575530052185059 
-5.801199913024902, 6.605740070343018 
-8.174459457397461, 9.414701461791992 
-4.978521347045898, 5.739631175994873 
-8.760185241699219, 10.102295875549316 
7.978503227233887, -9.380874633789062 
7.009477138519287, -8.25212574005127 
-6.990849018096924, 8.100414276123047 
3.8804101943969727, -4.546602725982666 
-6.749887466430664, 7.803045272827148 
7.505194664001465, -8.825711250305176 
-7.187309265136719, 8.269925117492676 
-9.023895263671875, 10.458054542541504 
0.552255392074585, -0.7789466977119446 
-7.287569522857666, 8.431354522705078 
-8.164543151855469, 9.455681800842285 
7.501069068908691, -8.816668510437012 
6.202273368835449, -7.301186561584473 
-7.284436225891113, 8.454621315002441 
6.800824165344238, -7.972177028656006 
-0.9315289855003357, 0.9397594332695007 
6.952010154724121, -8.172809600830078 
-7.794716835021973, 8.989603042602539 
-8.286901473999023, 9.553308486938477 
0.9400075078010559, -1.1719756126403809 
7.429441452026367, -8.700552940368652 
-6.4077653884887695, 7.36740255355835 
-7.8769001960754395, 9.04022216796875 
3.045764923095703, -3.598297595977783 
7.749002456665039, -9.042217254638672 
-7.331524848937988, 8.462864875793457 
8.25559139251709, -9.66118335723877 
-1.5369828939437866, 1.6899021863937378 
-9.064981460571289, 10.457552909851074 
8.387784957885742, -9.772054672241211 
8.11855697631836, -9.492315292358398 
-9.446907043457031, 10.916258811950684 
-7.838560104370117, 8.99375057220459 
-7.741345405578613, 8.927245140075684 
-8.804668426513672, 10.182206153869629 
6.285351753234863, -7.385686874389648 
7.904979705810547, -9.20792007446289 
-8.824300765991211, 10.24450397491455 
-9.032712936401367, 10.419550895690918 
4.270273208618164, -5.042975425720215 
9.158584594726562, -10.682181358337402 
-4.554139137268066, 5.271149635314941 
-5.208030700683594, 5.972529888153076 
-9.213337898254395, 10.682196617126465 
-7.604692459106445, 8.81236457824707 
9.115713119506836, -10.656207084655762 
7.697723388671875, -8.990250587463379 
8.325498580932617, -9.736677169799805 
-6.506267547607422, 7.489441394805908 
8.46337890625, -9.912752151489258 
1.6680145263671875, -2.02884578704834 
8.485037803649902, -9.956631660461426 
-3.390685558319092, 3.9008541107177734 
-4.995622634887695, 5.697714805603027 
7.8669939041137695, -9.218695640563965 
4.432950019836426, -5.19846773147583 
-9.291864395141602, 10.745247840881348 
10.201265335083008, -11.8995361328125 
-1.568611741065979, 1.7418781518936157 
-6.718328475952148, 7.79644250869751 
-8.039077758789062, 9.23924732208252 
6.801941871643066, -7.980071544647217 
-8.429861068725586, 9.700547218322754 
6.310410976409912, -7.43862771987915 
7.953272342681885, -9.300681114196777 
-4.675429821014404, 5.348358631134033 
-4.114192962646484, 4.694527626037598 
-4.315924644470215, 4.886224746704102 
-7.567371845245361, 8.701506614685059 
-7.0863566398620605, 8.132378578186035 
-8.703348159790039, 10.079426765441895 
-8.458979606628418, 9.762051582336426 
6.94617223739624, -8.161550521850586 
7.496408939361572, -8.769307136535645 
7.378783226013184, -8.652861595153809 
-9.043025016784668, 10.44771671295166 
7.920577049255371, -9.311802864074707 
-8.092805862426758, 9.337504386901855 
-4.766549110412598, 5.459038734436035 
7.202678203582764, -8.456988334655762 
-0.991166353225708, 1.0675175189971924 
8.013937950134277, -9.420794486999512 
-5.18615198135376, 5.9006171226501465 
-5.788718223571777, 6.602355003356934 
7.574375629425049, -8.886412620544434 
-7.261850357055664, 8.406563758850098 
8.569000244140625, -9.999776840209961 
-8.516403198242188, 9.872977256774902 
-8.85599136352539, 10.214030265808105 
-8.189292907714844, 9.502679824829102 
7.285581111907959, -8.553190231323242 
7.110677719116211, -8.353736877441406 
8.978959083557129, -10.514073371887207 
9.442955017089844, -11.037799835205078 
-8.459259033203125, 9.770148277282715 
-4.817045211791992, 5.496889114379883 
-8.668563842773438, 9.974014282226562 
9.152798652648926, -10.737399101257324 
-7.2111968994140625, 8.324070930480957 
7.159231185913086, -8.417937278747559 
-9.042025566101074, 10.444016456604004 
-8.313070297241211, 9.647883415222168 
-5.689526557922363, 6.474854469299316 
7.9697160720825195, -9.302882194519043 
-6.818778991699219, 7.847911357879639 
-7.785897731781006, 8.94979476928711 
0.01054023951292038, -0.055997952818870544 
7.302839279174805, -8.55469799041748 
-8.793936729431152, 10.168508529663086 
-9.264814376831055, 10.693331718444824 
-7.052384853363037, 8.176142692565918 
-8.597711563110352, 9.91489315032959 
-8.03811264038086, 9.30502986907959 
-8.817774772644043, 10.20518684387207 
-9.02143669128418, 10.400376319885254 
-5.848162651062012, 6.776085376739502 
-7.602570056915283, 8.749275207519531 
7.698215007781982, -9.023648262023926 
4.499482154846191, -5.3402485847473145 
8.57213306427002, -10.007124900817871 
8.011346817016602, -9.369665145874023 
-1.4361604452133179, 1.626267433166504 
7.449306964874268, -8.746676445007324 
6.231075286865234, -7.336266994476318 
-4.597629547119141, 5.3164496421813965 
-8.076287269592285, 9.362592697143555 
-6.305410385131836, 7.257287502288818 
-8.43643569946289, 9.770931243896484 
9.43065357208252, -11.05535888671875 
-6.225536346435547, 7.135875225067139 
8.331024169921875, -9.752642631530762 
-5.065098285675049, 5.828734874725342 
-7.93714714050293, 9.1238374710083 
-7.95896053314209, 9.143058776855469 
6.448738098144531, -7.563244819641113 
8.640143394470215, -10.107678413391113 
4.893166542053223, -5.732629299163818 
8.200753211975098, -9.618937492370605 
-7.866861820220947, 9.099259376525879 
-8.926156997680664, 10.312294006347656 
6.186642646789551, -7.255407810211182 
8.026021957397461, -9.421900749206543 
7.004247188568115, -8.203104972839355 
6.619021415710449, -7.741672992706299 
5.8009033203125, -6.851054668426514 
-3.7273247241973877, 4.229961395263672 
0.35570386052131653, -0.491449236869812 
-7.91622257232666, 9.167163848876953 
-7.746384620666504, 8.93620777130127 
7.824394226074219, -9.130437850952148 
-7.454909801483154, 8.578969955444336 
-7.77202033996582, 8.929328918457031 
-6.624028205871582, 7.6226677894592285 
5.691635608673096, -6.697855472564697 
6.239312171936035, -7.371058940887451 
9.436986923217773, -11.041184425354004 
-4.096683502197266, 4.644970893859863 
8.619915008544922, -10.062800407409668 
7.573086738586426, -8.854008674621582 
-2.7515246868133545, 3.059519052505493 
5.343262672424316, -6.2975850105285645 
0.28655683994293213, -0.46914634108543396 
8.8521728515625, -10.301680564880371 
8.232234954833984, -9.676016807556152 
-2.270364761352539, 2.4924612045288086 
8.176612854003906, -9.559627532958984 
7.773922920227051, -9.07251262664795 
-6.104737281799316, 7.032919406890869 
6.563481330871582, -7.682796001434326 
-7.3347883224487305, 8.42117977142334 
-7.638677597045898, 8.79350757598877 
-5.726834774017334, 6.510585308074951 
-7.06313419342041, 8.170611381530762 
-7.996091365814209, 9.179526329040527 
-5.343457221984863, 6.09263277053833 
-5.793618679046631, 6.686401844024658 
-3.469287872314453, 3.932600975036621 
8.996903419494629, -10.542068481445312 
-7.587754726409912, 8.767790794372559 
3.5225894451141357, -4.129809856414795 
7.485098838806152, -8.808048248291016 
7.340668678283691, -8.561376571655273 
5.5534892082214355, -6.552866458892822 
-3.1449878215789795, 3.52083158493042 
-8.574817657470703, 9.883414268493652 
7.5860676765441895, -8.883400917053223 
8.900142669677734, -10.376168251037598 
-9.05654525756836, 10.455016136169434 
-5.701945781707764, 6.567627429962158 
-7.379786968231201, 8.45596981048584 
-6.176515579223633, 7.107943534851074 
-5.760354042053223, 6.640620708465576 
-3.85794997215271, 4.376804828643799 
8.135505676269531, -9.53261661529541 
-7.6818647384643555, 8.844672203063965 
9.021069526672363, -10.558773040771484 
-8.691944122314453, 10.05167293548584 
6.642641544342041, -7.839938640594482 
-8.600687026977539, 9.913481712341309 
8.297571182250977, -9.717178344726562 
7.543641090393066, -8.859139442443848 
-7.684015274047852, 8.820647239685059 
-8.228134155273438, 9.455567359924316 
8.457164764404297, -9.94076919555664 
-8.598770141601562, 9.957560539245605 
-8.62990951538086, 9.997797966003418 
-8.024747848510742, 9.307048797607422 
8.372581481933594, -9.795825958251953 
9.577406883239746, -11.194395065307617 
8.37814712524414, -9.790596961975098 
-8.48958969116211, 9.793920516967773 
2.815173387527466, -3.3336374759674072 
-8.55380630493164, 9.86617374420166 
5.366633415222168, -6.359055042266846 
9.661367416381836, -11.306744575500488 
-3.731032133102417, 4.3172173500061035 
-4.435142517089844, 5.093635559082031 
0.16461317241191864, -0.3226006329059601 
-1.9130645990371704, 2.104255199432373 
8.402965545654297, -9.840222358703613 
-6.896164417266846, 7.997565746307373 
7.632939338684082, -8.95460033416748 
-7.086407661437988, 8.164445877075195 
-8.413514137268066, 9.671256065368652 
-8.830978393554688, 10.16215705871582 
8.484739303588867, -9.903521537780762 
-6.699057579040527, 7.699592590332031 
-8.539144515991211, 9.863327980041504 
1.4405332803726196, -1.795323371887207 
-3.8587872982025146, 4.493392467498779 
-7.449084281921387, 8.577542304992676 
7.638543605804443, -8.94452953338623 
4.671904563903809, -5.521340847015381 
8.001360893249512, -9.346308708190918 
-7.204397201538086, 8.354073524475098 
2.0364582538604736, -2.454829216003418 
2.585817575454712, -3.1675612926483154 
8.81236457824707, -10.31408977508545 
-9.03256607055664, 10.429430961608887 
-1.4658623933792114, 1.5753962993621826 
5.884370803833008, -6.91746711730957 
1.6144825220108032, -1.9619114398956299 
9.06972885131836, -10.615239143371582 
7.218992233276367, -8.480299949645996 
-6.73660135269165, 7.728659629821777 
6.7763848304748535, -7.954295635223389 
-6.5397796630859375, 7.535158634185791 
8.757266998291016, -10.248971939086914 
-7.807713031768799, 9.027968406677246 
-5.901885986328125, 6.742148399353027 
9.268299102783203, -10.826522827148438 
-3.7049012184143066, 4.220646381378174 
-6.688906192779541, 7.721058368682861 
-8.429581642150879, 9.751816749572754 
8.742069244384766, -10.222306251525879 
5.965581893920898, -6.996819019317627 
-5.680627822875977, 6.56789493560791 
8.191701889038086, -9.5982084274292 
7.952987194061279, -9.315292358398438 
9.503332138061523, -11.083526611328125 
8.506296157836914, -9.927908897399902 
2.990211009979248, -3.589656114578247 
6.734986305236816, -7.83880615234375 
-6.537078857421875, 7.533761501312256 
8.026525497436523, -9.373663902282715 
7.885519981384277, -9.238234519958496 
-4.488184928894043, 5.088339328765869 
7.79621696472168, -9.100704193115234 
7.7888994216918945, -9.04943561553955 
-8.034788131713867, 9.306246757507324 
-8.699974060058594, 10.038622856140137 
6.429688453674316, -7.574583053588867 
8.877222061157227, -10.441363334655762 
7.819960594177246, -9.188206672668457 
7.9508562088012695, -9.357945442199707 
-7.286635398864746, 8.416651725769043 
7.550917148590088, -8.843303680419922 
-8.295377731323242, 9.527205467224121 
-3.2669517993927, 3.741969585418701 
-6.481390953063965, 7.452568531036377 
5.268764495849609, -6.188336372375488 
-0.3907327950000763, 0.39226284623146057 
-5.772010803222656, 6.610474586486816 
-9.286365509033203, 10.764605522155762 
-8.147205352783203, 9.430026054382324 
2.6810193061828613, -3.188166618347168 
-3.6084649562835693, 4.089783191680908 
-8.278968811035156, 9.518004417419434 
5.175427436828613, -6.082434177398682 
-7.125586032867432, 8.178025245666504 
6.299546718597412, -7.39152193069458 
8.391855239868164, -9.795926094055176 
6.907811164855957, -8.08280086517334 
-8.221575736999512, 9.502196311950684 
6.619653701782227, -7.78726053237915 
5.769062519073486, -6.770544052124023 
6.6757917404174805, -7.842663288116455 
7.223810195922852, -8.483901023864746 
7.883206367492676, -9.234682083129883 
7.949616432189941, -9.289358139038086 
6.698291778564453, -7.80871057510376 
7.9402337074279785, -9.3114595413208 
0.4809052050113678, -0.7155873775482178 
-6.460224628448486, 7.3883819580078125 
8.240372657775879, -9.688128471374512 
5.358808517456055, -6.3366312980651855 
-8.321264266967773, 9.59780502319336 
-9.122529983520508, 10.545987129211426 
-6.731993675231934, 7.753533840179443 
-9.076733589172363, 10.464719772338867 
7.570243835449219, -8.828587532043457 
5.915699005126953, -6.928334712982178 
4.625387191772461, -5.5000691413879395 
-8.047464370727539, 9.282768249511719 
3.651008367538452, -4.298001766204834 
1.6108428239822388, -1.9680836200714111 
6.687228679656982, -7.849784851074219 
-8.877579689025879, 10.287474632263184 
-8.975017547607422, 10.366846084594727 
-6.240551948547363, 7.209404468536377 
8.472872734069824, -9.919795036315918 
-8.368484497070312, 9.693686485290527 
0.9633862376213074, -1.2374515533447266 
9.195701599121094, -10.744532585144043 
-0.38666585087776184, 0.3205724060535431 
-4.868668556213379, 5.61607027053833 
-4.051792621612549, 4.633760452270508 
-5.326326370239258, 6.115209579467773 
6.145596981048584, -7.207935333251953 
7.571976184844971, -8.884602546691895 
8.284491539001465, -9.689757347106934 
8.535811424255371, -9.98633098602295 
7.37130880355835, -8.606249809265137 
-6.591625213623047, 7.584774017333984 
-8.714469909667969, 10.077736854553223 
4.60136079788208, -5.4666428565979 
-7.03726863861084, 8.15682315826416 
4.501394271850586, -5.334618091583252 
-2.589958906173706, 3.000326156616211 
8.040176391601562, -9.402976036071777 
8.411354064941406, -9.844769477844238 
6.183079719543457, -7.2001633644104 
-3.5992534160614014, 4.104322910308838 
-7.947530746459961, 9.122847557067871 
7.233867645263672, -8.45624828338623 
6.655033588409424, -7.812647342681885 
-8.67900276184082, 10.025165557861328 
-1.9488117694854736, 2.101822853088379 
1.6490288972854614, -2.0019371509552 
7.168846130371094, -8.420966148376465 
-7.110235214233398, 8.171692848205566 
8.570209503173828, -10.016573905944824 
-8.512996673583984, 9.834380149841309 
8.686403274536133, -10.170247077941895 
-9.254463195800781, 10.6646728515625 
-8.42642879486084, 9.726265907287598 
-6.68121337890625, 7.657386779785156 
3.4143779277801514, -4.046720027923584 
7.414198398590088, -8.684422492980957 
-8.257699966430664, 9.551579475402832 
-6.468012809753418, 7.454329490661621 
7.797506332397461, -9.133564949035645 
-8.326273918151855, 9.605494499206543 
-4.477200031280518, 5.046961784362793 
7.430579662322998, -8.668601036071777 
2.401371479034424, -2.9536781311035156 
-8.715267181396484, 10.043816566467285 
-7.469969749450684, 8.625496864318848 
3.0738227367401123, -3.6631994247436523 
-9.438238143920898, 10.922036170959473 
7.4482879638671875, -8.713824272155762 
-6.291493892669678, 7.319297790527344 
-8.944877624511719, 10.311073303222656 
-3.619086980819702, 4.090820789337158 
7.25611686706543, -8.486364364624023 
-3.4915542602539062, 4.029870986938477 
6.7545952796936035, -7.90710973739624 
-8.852067947387695, 10.225269317626953 
4.28346061706543, -5.023393630981445 
9.54608154296875, -11.155634880065918 
-8.141156196594238, 9.43210506439209 
6.807624340057373, -7.987483501434326 
7.578483581542969, -8.881699562072754 
9.092378616333008, -10.664870262145996 
6.80328893661499, -8.016206741333008 
-8.271265029907227, 9.5122652053833 
-1.1984171867370605, 1.2769083976745605 
-7.462479114532471, 8.545100212097168 
-5.671008110046387, 6.483378887176514 
7.465044975280762, -8.729508399963379 
4.291995048522949, -5.068185329437256 
-8.556573867797852, 9.917855262756348 
-7.2208943367004395, 8.331761360168457 
7.4741668701171875, -8.77513599395752 
8.447824478149414, -9.901865005493164 
9.484210968017578, -11.0845308303833 
6.192651748657227, -7.271622180938721 
-9.175612449645996, 10.597752571105957 
6.451263427734375, -7.596250057220459 
8.549474716186523, -10.024127006530762 
-8.939382553100586, 10.372105598449707 
-8.51988410949707, 9.873197555541992 
7.654562950134277, -8.912819862365723 
3.919752359390259, -4.661280632019043 
-9.423308372497559, 10.88850212097168 
3.4353764057159424, -4.157711982727051 
-9.09671401977539, 10.540739059448242 
8.952438354492188, -10.492091178894043 
5.945334434509277, -7.014612197875977 
8.899726867675781, -10.423518180847168 
8.43760871887207, -9.896788597106934 
6.368816375732422, -7.462714672088623 
-4.713552951812744, 5.368673801422119 
-9.605094909667969, 11.137704849243164 
-5.670096397399902, 6.499633312225342 
-7.52451753616333, 8.643997192382812 
-5.706544876098633, 6.563631534576416 
8.302752494812012, -9.709964752197266 
8.981879234313965, -10.533254623413086 
4.995188236236572, -5.871001720428467 
6.545707702636719, -7.7108941078186035 
-8.854215621948242, 10.192392349243164 
5.653985977172852, -6.639536380767822 
8.322145462036133, -9.680480003356934 
8.253225326538086, -9.665509223937988 
8.595101356506348, -10.02858829498291 
-8.597976684570312, 9.893868446350098 
9.281166076660156, -10.871374130249023 
-5.897669792175293, 6.745688438415527 
8.640997886657715, -10.091986656188965 
-0.6606643199920654, 0.6909604072570801 
6.996601581573486, -8.20566463470459 
4.702900409698486, -5.572506904602051 
8.535184860229492, -9.96389102935791 
5.044172286987305, -5.926327705383301 
-5.682498931884766, 6.506608486175537 
-7.7550859451293945, 8.985489845275879 
7.795909881591797, -9.092414855957031 
-8.880623817443848, 10.250228881835938 
-7.951987266540527, 9.151984214782715 
-7.907285690307617, 9.133551597595215 
-7.936372756958008, 9.21352481842041 
7.016280174255371, -8.203679084777832 
-6.085244178771973, 7.052042484283447 
-8.763858795166016, 10.081986427307129 
-3.903620958328247, 4.5018157958984375 
5.893993377685547, -6.933764934539795 
-7.247342109680176, 8.367133140563965 
3.833753824234009, -4.506633281707764 
-8.002469062805176, 9.198431015014648 
8.145317077636719, -9.6027193069458 
-8.558669090270996, 9.89126968383789 
-6.232212543487549, 7.172178745269775 
-4.994009017944336, 5.774579048156738 
8.345453262329102, -9.785616874694824 
8.592277526855469, -10.061612129211426 
-9.059493064880371, 10.47217082977295 
0.4095859229564667, -0.512640655040741 
-1.5897672176361084, 1.6858720779418945 
-2.3778421878814697, 2.7331414222717285 
8.867706298828125, -10.335383415222168 
7.1031975746154785, -8.323430061340332 
2.326430559158325, -2.791666269302368 
-8.979460716247559, 10.406954765319824 
-6.885459899902344, 7.913573741912842 
6.9990925788879395, -8.216164588928223 
8.890878677368164, -10.417571067810059 
1.8774811029434204, -2.292182683944702 
-5.771516799926758, 6.683330059051514 
8.684039115905762, -10.175061225891113 
2.590278387069702, -3.0780110359191895 
6.699351787567139, -7.884834289550781 
-5.376771926879883, 6.206733703613281 
-7.807477951049805, 8.987319946289062 
2.4564950466156006, -2.9854977130889893 
4.00022554397583, -4.751430511474609 
5.4973344802856445, -6.493532657623291 
6.184079170227051, -7.236541748046875 
-4.849400520324707, 5.545746326446533 
3.668395757675171, -4.329058647155762 
2.39929461479187, -2.8988232612609863 
-4.058344841003418, 4.679328441619873 
-8.524946212768555, 9.823113441467285 
7.536303997039795, -8.879701614379883 
8.803497314453125, -10.308775901794434 
8.273019790649414, -9.690244674682617 
4.76629638671875, -5.590824127197266 
9.124114036560059, -10.656876564025879 
8.570924758911133, -10.037835121154785 
-8.74012565612793, 10.116944313049316 
-7.895158290863037, 9.114303588867188 
8.313045501708984, -9.743134498596191 
-4.052452564239502, 4.613102436065674 
5.96078634262085, -6.959598064422607 
6.757176399230957, -7.883995532989502 
-6.385104179382324, 7.3863911628723145 
7.0105791091918945, -8.205595970153809 
-8.931024551391602, 10.279862403869629 
7.898444652557373, -9.215202331542969 
-3.8788349628448486, 4.380765438079834 
-3.2381482124328613, 3.706033229827881 
7.908503532409668, -9.285592079162598 
6.240863800048828, -7.29249906539917 
-8.310627937316895, 9.628243446350098 
7.169829845428467, -8.434342384338379 
-8.566000938415527, 9.877767562866211 
-6.732174396514893, 7.805691242218018 
7.241961479187012, -8.507281303405762 
3.426175832748413, -4.041929721832275 
-6.600987434387207, 7.61854362487793 
-8.88163948059082, 10.27712345123291 
-2.4884579181671143, 2.8716626167297363 
7.9556989669799805, -9.256817817687988 
8.755819320678711, -10.222615242004395 
-3.581341505050659, 4.111828804016113 
-1.252713680267334, 1.4094754457473755 
6.717612266540527, -7.897305011749268 
1.4711130857467651, -1.7544655799865723 
-7.398833751678467, 8.524296760559082 
6.029399394989014, -7.0899529457092285 
8.956178665161133, -10.493247032165527 
7.629581451416016, -8.976889610290527 
-7.929055213928223, 9.120224952697754 
7.979442596435547, -9.34262752532959 
-1.8331382274627686, 2.0707502365112305 
-8.590788841247559, 9.957784652709961 
2.2634971141815186, -2.6938085556030273 
-6.966175556182861, 8.058436393737793 
-1.6079143285751343, 1.7357456684112549 
-1.7705737352371216, 1.9465376138687134 
7.958177089691162, -9.281362533569336 
6.990226745605469, -8.179536819458008 
-8.870420455932617, 10.263260841369629 
-7.407986164093018, 8.51620101928711 
-8.883896827697754, 10.279903411865234 
8.7288179397583, -10.215971946716309 
-0.5599643588066101, 0.5871963500976562 
-8.727997779846191, 10.087651252746582 
7.346782207489014, -8.60315990447998 
-6.458586692810059, 7.439831733703613 
7.235415458679199, -8.500454902648926 
8.444757461547852, -9.855302810668945 
2.561599016189575, -3.105639934539795 
-7.198947906494141, 8.25774097442627 
7.627097129821777, -8.942924499511719 
-6.681518077850342, 7.68653678894043 
0.33608096837997437, -0.5230838060379028 
-2.1830379962921143, 2.4561383724212646 
-9.144939422607422, 10.57519817352295 
7.205541133880615, -8.442570686340332 
-4.090143203735352, 4.610750675201416 
-9.20612621307373, 10.62175464630127 
-9.003816604614258, 10.386439323425293 
-6.21746826171875, 7.169280529022217 
8.278897285461426, -9.690381050109863 
7.9644598960876465, -9.35873794555664 
6.94113826751709, -8.156529426574707 
3.8997111320495605, -4.602506160736084 
1.4007561206817627, -1.6406915187835693 
-8.533013343811035, 9.845540046691895 
-7.501711368560791, 8.662489891052246 
5.39373779296875, -6.331613540649414 
-7.830129623413086, 8.99798583984375 
-8.036632537841797, 9.260926246643066 
3.5872089862823486, -4.269151210784912 
7.892727851867676, -9.232943534851074 
7.268306732177734, -8.524589538574219 
-5.840511322021484, 6.720901012420654 
4.455052375793457, -5.292582035064697 
8.24760627746582, -9.693511962890625 
7.363909721374512, -8.605572700500488 
6.826254844665527, -8.0354585647583 
-8.496715545654297, 9.80052661895752 
-9.245685577392578, 10.691971778869629 
-8.461587905883789, 9.73648452758789 
-8.57882308959961, 9.90234088897705 
-7.06002140045166, 8.07882308959961 
-7.349339485168457, 8.41637134552002 
-8.4439697265625, 9.741978645324707 
-8.375710487365723, 9.669468879699707 
-4.483187198638916, 5.1832756996154785 
4.022393226623535, -4.723367691040039 
-8.524979591369629, 9.823087692260742 
7.495965957641602, -8.741186141967773 
9.118806838989258, -10.71035099029541 
3.9256813526153564, -4.627538204193115 
-7.454117774963379, 8.569225311279297 
-7.248597145080566, 8.37839412689209 
7.566188335418701, -8.835221290588379 
2.269526481628418, -2.7261626720428467 
-8.117156982421875, 9.400764465332031 
-1.311980128288269, 1.4046310186386108 
8.751970291137695, -10.257356643676758 
3.6167309284210205, -4.263957500457764 
5.33574914932251, -6.265726089477539 
9.39767074584961, -11.002594947814941 
8.177794456481934, -9.588337898254395 
8.900422096252441, -10.423047065734863 
8.754525184631348, -10.255181312561035 
9.642518997192383, -11.331698417663574 
-7.470067024230957, 8.624220848083496 
7.281225204467773, -8.544514656066895 
-4.33831262588501, 4.99369478225708 
7.109235763549805, -8.367035865783691 
-8.233609199523926, 9.548556327819824 
-7.6326584815979, 8.811955451965332 
-8.153631210327148, 9.418736457824707 
-7.7305498123168945, 8.873690605163574 
8.186570167541504, -9.601834297180176 
-7.923727035522461, 9.156575202941895 
6.617800712585449, -7.7689433097839355 
-7.442880153656006, 8.577498435974121 
8.033113479614258, -9.362051963806152 
-7.179781436920166, 8.34888744354248 
-7.966267108917236, 9.138444900512695 
8.089555740356445, -9.472009658813477 
7.618355751037598, -8.928464889526367 
-1.390418291091919, 1.4857268333435059 
6.382294654846191, -7.490316867828369 
6.812504768371582, -7.95159387588501 
0.171556293964386, -0.29138365387916565 
6.809799671173096, -8.003689765930176 
-8.525264739990234, 9.83764362335205 
1.3990212678909302, -1.6998653411865234 
8.495882034301758, -9.956348419189453 
-7.860319137573242, 9.021559715270996 
9.297636032104492, -10.866747856140137 
-5.371768474578857, 6.174806594848633 
-9.356088638305664, 10.806037902832031 
-7.344082355499268, 8.418082237243652 
-5.721417427062988, 6.531822681427002 
7.268065929412842, -8.522673606872559 
6.140454292297363, -7.277303218841553 
-8.030981063842773, 9.257765769958496 
-8.961549758911133, 10.387038230895996 
5.795022010803223, -6.871437072753906 
8.217007637023926, -9.579434394836426 
6.933253288269043, -8.151028633117676 
7.305639266967773, -8.540283203125 
3.83296799659729, -4.581811904907227 
6.63905668258667, -7.73406457901001 
7.585330486297607, -8.822624206542969 
7.974420070648193, -9.32968807220459 
-8.838454246520996, 10.196318626403809 
-7.7347517013549805, 8.90404987335205 
8.788410186767578, -10.25936508178711 
9.581233978271484, -11.167065620422363 
-8.124857902526855, 9.441790580749512 
6.2759504318237305, -7.330841541290283 
2.4167985916137695, -2.885087013244629 
10.056289672851562, -11.778790473937988 
-8.022151947021484, 9.28641128540039 
8.160722732543945, -9.57190227508545 
7.241822242736816, -8.463133811950684 
-8.505525588989258, 9.824179649353027 
-8.668314933776855, 10.06323528289795 
3.1275055408477783, -3.672712802886963 
4.629911422729492, -5.51057767868042 
8.055410385131836, -9.433794975280762 
-4.639021873474121, 5.414181232452393 
7.834037780761719, -9.205968856811523 
-8.616588592529297, 10.001997947692871 
6.710563659667969, -7.87039041519165 
-8.548070907592773, 9.88099193572998 
-4.279080390930176, 4.8881330490112305 
-7.926492691040039, 9.122984886169434 
5.733412742614746, -6.727636337280273 
-3.781196355819702, 4.29200553894043 
9.173637390136719, -10.734890937805176 
7.198754787445068, -8.439323425292969 
-4.3843207359313965, 4.96291971206665 
8.035467147827148, -9.354022979736328 
8.281896591186523, -9.688417434692383 
5.668220520019531, -6.605470657348633 
9.04156494140625, -10.561612129211426 
-8.608226776123047, 9.964808464050293 
-8.689469337463379, 10.06147289276123 
-2.6412675380706787, 3.045437812805176 
-8.286643981933594, 9.614707946777344 
-6.203597545623779, 7.18943452835083 
-8.959207534790039, 10.364972114562988 
6.480788230895996, -7.6161603927612305 
2.3967180252075195, -2.9202091693878174 
-6.686456203460693, 7.6578521728515625 
8.49216079711914, -9.95341682434082 
-9.354961395263672, 10.84991455078125 
-9.208052635192871, 10.640193939208984 
-7.077322959899902, 8.126294136047363 
-6.031789779663086, 6.938106536865234 
6.613373756408691, -7.762027740478516 
7.628519535064697, -8.922820091247559 
8.300065994262695, -9.706575393676758 
9.710794448852539, -11.403788566589355 
8.367951393127441, -9.792058944702148 
-8.877520561218262, 10.240904808044434 
4.446980953216553, -5.246031761169434 
-4.615227222442627, 5.327765941619873 
7.541912078857422, -8.78128719329834 
7.585588455200195, -8.891449928283691 
-4.811424732208252, 5.499314308166504 
-6.742217063903809, 7.799858570098877 
7.799009323120117, -9.149147033691406 
8.239221572875977, -9.649628639221191 
7.083607196807861, -8.31723403930664 
-8.17447280883789, 9.440350532531738 
-6.1019086837768555, 6.986332416534424 
6.568220138549805, -7.669633388519287 
-6.20475959777832, 7.182347774505615 
4.838761806488037, -5.692265510559082 
7.364317417144775, -8.664133071899414 
-8.756780624389648, 10.113322257995605 
7.3021440505981445, -8.598348617553711 
-3.291883945465088, 3.772365093231201 
7.326174259185791, -8.581860542297363 
6.669384479522705, -7.813478946685791 
-8.491050720214844, 9.819846153259277 
9.042734146118164, -10.634921073913574 
8.64571762084961, -10.095093727111816 
-0.5788422226905823, 0.5453802347183228 
-6.384230613708496, 7.365712642669678 
-8.397703170776367, 9.682002067565918 
7.957416534423828, -9.34460163116455 
-8.333011627197266, 9.587913513183594 
2.289736032485962, -2.742887496948242 
6.931141376495361, -8.15229320526123 
-6.702101230621338, 7.719540119171143 
8.15042495727539, -9.510828971862793 
8.450944900512695, -9.9396390914917 
9.080133438110352, -10.652148246765137 
-7.941388130187988, 9.21900463104248 
-8.615924835205078, 9.980225563049316 
9.204648971557617, -10.747086524963379 
-8.514113426208496, 9.870362281799316 
7.690357685089111, -9.036124229431152 
9.14919662475586, -10.687041282653809 
7.691986083984375, -9.018523216247559 
7.844412803649902, -9.178194046020508 
7.931463241577148, -9.278098106384277 
-7.138017654418945, 8.179879188537598 
8.764488220214844, -10.245158195495605 
-8.898975372314453, 10.262646675109863 
7.524134635925293, -8.840371131896973 
-3.9108715057373047, 4.4173102378845215 
-7.276666164398193, 8.417807579040527 
-8.271076202392578, 9.57919979095459 
8.23054027557373, -9.647802352905273 
-8.30665397644043, 9.64598274230957 
7.372494697570801, -8.673111915588379 
0.3402916193008423, -0.38299456238746643 
8.03062629699707, -9.358475685119629 
-6.589754104614258, 7.61843204498291 
9.359535217285156, -10.920830726623535 
7.0831499099731445, -8.271507263183594 
-8.691762924194336, 10.007447242736816 
-8.214395523071289, 9.462190628051758 
-7.394562244415283, 8.508870124816895 
-6.959011077880859, 8.058207511901855 
-0.2345835417509079, 0.1927337497472763 
-5.754162311553955, 6.628774166107178 
-9.220198631286621, 10.655680656433105 
-0.5693182349205017, 0.5736928582191467 
-2.8204009532928467, 3.1890029907226562 
7.441826820373535, -8.713704109191895 
8.033483505249023, -9.40307331085205 
6.652290344238281, -7.798446178436279 
-6.949891090393066, 8.002936363220215 
8.838581085205078, -10.374074935913086 
-9.302877426147461, 10.775096893310547 
-8.300227165222168, 9.537761688232422 
0.6067333817481995, -0.8125301599502563 
8.095440864562988, -9.488621711730957 
-7.353823661804199, 8.510090827941895 
-6.837969779968262, 7.894453048706055 
1.7178746461868286, -2.026702404022217 
9.732135772705078, -11.378129959106445 
8.135235786437988, -9.526938438415527 
6.919683456420898, -8.112625122070312 
-6.2132182121276855, 7.172268390655518 
6.859436988830566, -8.064461708068848 
-9.383234024047852, 10.848090171813965 
9.384891510009766, -11.018254280090332 
-8.302241325378418, 9.591864585876465 
7.927151203155518, -9.295950889587402 
7.0583109855651855, -8.235480308532715 
5.967686653137207, -6.99928617477417 
-6.908184051513672, 7.922031879425049 
10.308839797973633, -12.039393424987793 
-6.355975151062012, 7.33405065536499 
8.657572746276855, -10.10254955291748 
6.6556901931762695, -7.874556064605713 
8.987312316894531, -10.549593925476074 
-7.514829635620117, 8.716748237609863 
-7.055578231811523, 8.179694175720215 
-7.389565467834473, 8.530346870422363 
-8.585516929626465, 9.882157325744629 
7.75941276550293, -9.130760192871094 
8.45516586303711, -9.911620140075684 
-8.158149719238281, 9.406747817993164 
-7.586113929748535, 8.786328315734863 
7.142833709716797, -8.34631633758545 
-9.076081275939941, 10.480507850646973 
-6.211127281188965, 7.16343879699707 
4.04579496383667, -4.736586093902588 
-8.935775756835938, 10.324787139892578 
-7.812779903411865, 8.990912437438965 
-7.004712104797363, 8.053007125854492 
5.328605651855469, -6.289215087890625 
-9.131770133972168, 10.541627883911133 
-2.296797037124634, 2.55118989944458 
5.584386825561523, -6.584692478179932 
-7.2447686195373535, 8.374364852905273 
5.728975296020508, -6.704371929168701 
2.717060089111328, -3.1941139698028564 
8.390424728393555, -9.818784713745117 
-9.254488945007324, 10.662657737731934 
7.996208190917969, -9.3091402053833 
6.15895938873291, -7.2659831047058105 
-8.32581901550293, 9.643796920776367 
-8.463253021240234, 9.75677490234375 
-6.194823265075684, 7.0580644607543945 
-5.988259315490723, 6.875998497009277 
9.261621475219727, -10.82776165008545 
3.4083316326141357, -3.996129274368286 
-4.636148452758789, 5.385456562042236 
9.327911376953125, -10.9154691696167 
-8.597875595092773, 9.92526912689209 
-7.369292259216309, 8.517422676086426 
-1.6562772989273071, 1.830120325088501 
-4.5147576332092285, 5.184129238128662 
7.712188243865967, -9.028552055358887 
2.2964749336242676, -2.797922134399414 
9.324041366577148, -10.906769752502441 
-9.348870277404785, 10.848006248474121 
7.781276702880859, -9.127163887023926 
0.48747119307518005, -0.6986500024795532 
-5.591803550720215, 6.363162040710449 
6.261553764343262, -7.307051181793213 
-8.615259170532227, 9.942927360534668 
-7.665521144866943, 8.858068466186523 
-6.768536567687988, 7.741745471954346 
-8.599894523620605, 9.937334060668945 
8.537120819091797, -9.986273765563965 
-9.093185424804688, 10.499022483825684 
8.541954040527344, -9.997875213623047 
6.909953594207764, -8.085906028747559 
-6.870560646057129, 7.902653694152832 
7.750702381134033, -9.052725791931152 
-8.977743148803711, 10.390599250793457 
-7.712978363037109, 8.974015235900879 
7.7342939376831055, -9.072407722473145 
-5.641725540161133, 6.533636569976807 
7.113992691040039, -8.391936302185059 
-4.9478559494018555, 5.741065502166748 
-8.360518455505371, 9.690102577209473 
-6.174691200256348, 7.038329601287842 
-8.252867698669434, 9.505319595336914 
-7.353902816772461, 8.447352409362793 
9.077579498291016, -10.655519485473633 
0.8129177093505859, -1.0323477983474731 
-7.839914321899414, 9.098262786865234 
-8.432494163513184, 9.719254493713379 
-7.7314453125, 8.893888473510742 
-8.799962997436523, 10.134798049926758 
-7.747526168823242, 9.038290023803711 
-9.533430099487305, 11.017836570739746 
-6.984013557434082, 8.020259857177734 
7.622931480407715, -8.963164329528809 
-8.781839370727539, 10.161808967590332 
7.91744327545166, -9.280611991882324 
7.464846134185791, -8.761709213256836 
-3.626044988632202, 4.182122707366943 
-7.525617599487305, 8.725260734558105 
-7.832394123077393, 9.046263694763184 
-1.6573928594589233, 1.8730087280273438 
5.046695709228516, -5.93733549118042 
-4.934291839599609, 5.67382287979126 
-9.070632934570312, 10.47153091430664 
10.367615699768066, -12.098733901977539 
-5.185606956481934, 5.943456172943115 
-8.109149932861328, 9.336441993713379 
-4.45554256439209, 5.116703033447266 
7.093544960021973, -8.332642555236816 
-6.940832138061523, 8.09135913848877 
6.127780914306641, -7.217458248138428 
-9.108955383300781, 10.532258987426758 
-7.117090225219727, 8.155190467834473 
8.924007415771484, -10.46841812133789 
10.203521728515625, -11.962770462036133 
6.478847503662109, -7.626301288604736 
5.418910980224609, -6.393709659576416 
7.087217330932617, -8.339383125305176 
-7.743326187133789, 8.917036056518555 
9.181824684143066, -10.72465705871582 
8.258711814880371, -9.692561149597168 
-9.161487579345703, 10.580513954162598 
-8.58173942565918, 9.88436222076416 
-7.791319370269775, 8.956470489501953 
-0.8307897448539734, 0.8564127683639526 
7.13816499710083, -8.39388656616211 
-8.606176376342773, 9.957295417785645 
7.819543361663818, -9.157171249389648 
-2.3463821411132812, 2.6121482849121094 
6.9001970291137695, -8.110032081604004 
-1.9386943578720093, 2.123460531234741 
-8.247089385986328, 9.504842758178711 
-4.2971954345703125, 4.9038825035095215 
-1.8891748189926147, 2.0251379013061523 
8.41832447052002, -9.87224006652832 
8.827404022216797, -10.314544677734375 
7.442938804626465, -8.762245178222656 
8.57632064819336, -10.045844078063965 
-8.724109649658203, 10.087191581726074 
-5.321632385253906, 6.199280738830566 
-9.053369522094727, 10.484696388244629 
-9.00265884399414, 10.406205177307129 
6.765944004058838, -7.973825454711914 
8.817551612854004, -10.33201789855957 
8.114684104919434, -9.50035572052002 
7.757253646850586, -9.134257316589355 
-9.322803497314453, 10.817069053649902 
4.621079444885254, -5.426501750946045 
9.061455726623535, -10.604732513427734 
-7.517573356628418, 8.6790132522583 
9.090799331665039, -10.59489917755127 
-7.78183650970459, 8.989358901977539 
-4.738362789154053, 5.413997173309326 
6.862482070922852, -8.03245735168457 
6.067678928375244, -7.176162242889404 
7.885339736938477, -9.2184476852417 
8.277738571166992, -9.686055183410645 
-8.4637451171875, 9.804980278015137 
-8.608560562133789, 9.93813419342041 
7.116841793060303, -8.3241548538208 
-6.600398063659668, 7.559803009033203 
7.947068214416504, -9.286515235900879 
-8.296878814697266, 9.581986427307129 
9.54201889038086, -11.175796508789062 
-6.972966194152832, 8.03311824798584 
6.999614715576172, -8.22587776184082 
-8.239033699035645, 9.546477317810059 
7.270086765289307, -8.498900413513184 
4.262108325958252, -5.061334609985352 
-2.0045511722564697, 2.22810697555542 
-7.366086483001709, 8.491547584533691 
-8.884489059448242, 10.293057441711426 
8.954161643981934, -10.515181541442871 
-5.573859214782715, 6.410253047943115 
3.3066248893737793, -3.9425301551818848 
9.491464614868164, -11.094178199768066 
-2.0215883255004883, 2.208652973175049 
-7.426921844482422, 8.522072792053223 
-6.556211471557617, 7.5884881019592285 
-8.44239330291748, 9.760332107543945 
-6.846217155456543, 7.8583550453186035 
-9.115285873413086, 10.530726432800293 
8.20771598815918, -9.614518165588379 
8.746054649353027, -10.190258026123047 
6.201624870300293, -7.302762031555176 
-0.1900651901960373, 0.17427211999893188 
7.607564926147461, -8.911118507385254 
-7.263574123382568, 8.44528865814209 
-9.015289306640625, 10.475284576416016 
-5.763956546783447, 6.607199668884277 
-8.988058090209961, 10.407256126403809 
2.1038949489593506, -2.5590624809265137 
8.822005271911621, -10.354430198669434 
-2.1028239727020264, 2.339519739151001 
7.93675422668457, -9.28962516784668 
7.610929489135742, -8.894765853881836 
-8.525903701782227, 9.855429649353027 
7.4393815994262695, -8.709935188293457 
2.063030958175659, -2.44329833984375 
6.659509658813477, -7.7880682945251465 
-8.29131031036377, 9.553548812866211 
-8.656475067138672, 10.03576946258545 
-8.422359466552734, 9.677140235900879 
-6.518750190734863, 7.479318618774414 
8.059840202331543, -9.4298095703125 
6.724084854125977, -7.882041931152344 
-8.49372673034668, 9.83459758758545 
6.099377632141113, -7.1552510261535645 
-9.293094635009766, 10.717244148254395 
7.428863525390625, -8.71593189239502 
-8.846593856811523, 10.208211898803711 
6.045236587524414, -7.195721626281738 
-2.996445894241333, 3.429459571838379 
-8.138191223144531, 9.374091148376465 
7.4023847579956055, -8.701142311096191 
6.274992942810059, -7.359381198883057 
-7.928443908691406, 9.159266471862793 
7.997550964355469, -9.407837867736816 
7.8293023109436035, -9.193255424499512 
2.8262648582458496, -3.3401412963867188 
-8.17570686340332, 9.438849449157715 
7.951148986816406, -9.270769119262695 
-4.845940113067627, 5.541988849639893 
8.443803787231445, -9.900252342224121 
7.228517532348633, -8.49795150756836 
7.378360748291016, -8.654692649841309 
6.880422115325928, -8.04610824584961 
8.854122161865234, -10.340432167053223 
8.020315170288086, -9.364119529724121 
8.753860473632812, -10.289175987243652 
-1.874804139137268, 2.1141724586486816 
-8.527301788330078, 9.851601600646973 
7.246580600738525, -8.464980125427246 
-6.595995903015137, 7.534204959869385 
-4.449236869812012, 5.042490005493164 
6.847934722900391, -8.070082664489746 
6.731386661529541, -7.8581318855285645 
-7.333147048950195, 8.48189640045166 
4.572840690612793, -5.400963306427002 
-6.492161273956299, 7.4769697189331055 
-7.297847747802734, 8.3761625289917 
-5.881869316101074, 6.769352436065674 
-5.557724952697754, 6.462998867034912 
7.894410133361816, -9.188470840454102 
-6.6424970626831055, 7.644673824310303 
-7.517568111419678, 8.60104751586914 
-8.474959373474121, 9.750313758850098 
-6.008614540100098, 6.85716438293457 
4.601138591766357, -5.461728572845459 
-6.912045955657959, 7.9120001792907715 
8.393630981445312, -9.844147682189941 
8.699719429016113, -10.159754753112793 
5.998067855834961, -7.026991367340088 
6.935393333435059, -8.09903621673584 
-2.5574653148651123, 2.9235706329345703 
-2.919598340988159, 3.3255221843719482 
4.606177806854248, -5.403687000274658 
-4.5558624267578125, 5.201092720031738 
-5.675398826599121, 6.54480504989624 
-1.8729373216629028, 2.06455659866333 
-3.208277463912964, 3.6246938705444336 
3.9136884212493896, -4.680126667022705 
-7.915849208831787, 9.122458457946777 
8.938345909118652, -10.469218254089355 
-0.7507431507110596, 0.7438380718231201 
9.676681518554688, -11.294952392578125 
-7.302635192871094, 8.417815208435059 
6.480842590332031, -7.62952184677124 
-7.2577738761901855, 8.404537200927734 
-7.568326950073242, 8.790692329406738 
-7.786159038543701, 8.954259872436523 
7.395343780517578, -8.647217750549316 
5.8952202796936035, -6.918093204498291 
4.01973819732666, -4.739144802093506 
8.972819328308105, -10.5006742477417 
-8.891077041625977, 10.262978553771973 
-6.160870552062988, 7.0715012550354 
7.513898849487305, -8.775538444519043 
-7.0549445152282715, 8.143729209899902 
-1.1918762922286987, 1.241563320159912 
7.857450485229492, -9.174700736999512 
-8.654067993164062, 10.02177619934082 
-0.21138985455036163, 0.118620365858078 
-7.892031669616699, 9.062472343444824 
10.09304428100586, -11.802367210388184 
5.325413227081299, -6.2724761962890625 
-8.615453720092773, 9.97551155090332 
2.7351396083831787, -3.280712366104126 
-5.225790023803711, 5.984172344207764 
-7.213625907897949, 8.384451866149902 
3.9600884914398193, -4.757045269012451 
3.889726161956787, -4.6249213218688965 
7.4562296867370605, -8.757233619689941 
8.06109619140625, -9.438440322875977 
-4.222234725952148, 4.8011474609375 
5.622323513031006, -6.6135382652282715 
-7.623250961303711, 8.811871528625488 
-6.1752214431762695, 7.051607608795166 
-7.752328872680664, 8.981766700744629 
8.398000717163086, -9.827322959899902 
8.19033432006836, -9.599806785583496 
-0.06583815813064575, 0.0027268892154097557 
-6.632236480712891, 7.571945667266846 
2.924011707305908, -3.4475808143615723 
-7.839025020599365, 9.049616813659668 
9.427742004394531, -10.981225967407227 
0.47163841128349304, -0.5865309238433838 
8.07889461517334, -9.431367874145508 
9.207053184509277, -10.805070877075195 
-8.983083724975586, 10.411856651306152 
4.197153091430664, -4.955846786499023 
1.1217094659805298, -1.4265449047088623 
-8.493358612060547, 9.794511795043945 
-8.091994285583496, 9.32599925994873 
-5.893767356872559, 6.799178600311279 
8.602277755737305, -10.085230827331543 
-3.227815866470337, 3.622502565383911 
7.7417311668396, -9.045538902282715 
3.3369710445404053, -4.000097274780273 
-8.467037200927734, 9.763847351074219 
-9.147353172302246, 10.554144859313965 
5.967589378356934, -7.07344388961792 
-7.866798400878906, 9.044440269470215 
-5.033464431762695, 5.804958820343018 
-3.400263786315918, 3.8247413635253906 
6.085597515106201, -7.161304950714111 
-6.393194198608398, 7.358908176422119 
8.049291610717773, -9.452095985412598 
3.622567653656006, -4.2496161460876465 
-9.37861442565918, 10.861893653869629 
-7.120609760284424, 8.153203964233398 
-8.652709007263184, 9.998425483703613 
8.62625503540039, -10.086565971374512 
-6.251476287841797, 7.157042026519775 
-7.50843620300293, 8.585888862609863 
4.12114953994751, -4.882919788360596 
-0.6741452813148499, 0.6552302837371826 
-7.678312301635742, 8.881986618041992 
2.8042871952056885, -3.371239423751831 
3.882044553756714, -4.628171443939209 
-1.2148387432098389, 1.3400118350982666 
7.124457836151123, -8.342732429504395 
4.506054401397705, -5.330056190490723 
-8.892850875854492, 10.256288528442383 
8.349883079528809, -9.800795555114746 
8.794124603271484, -10.29378604888916 
-0.8729217648506165, 0.8931111693382263 
9.663961410522461, -11.303332328796387 
6.624467849731445, -7.763721942901611 
7.3316473960876465, -8.590632438659668 
8.01498031616211, -9.422524452209473 
-3.4766523838043213, 3.8807382583618164 
-6.277284622192383, 7.269639492034912 
7.735414505004883, -9.069026947021484 
-6.42457389831543, 7.403409481048584 
-2.66430926322937, 3.002227306365967 
-8.657228469848633, 9.997027397155762 
-8.509827613830566, 9.872150421142578 
-5.731010913848877, 6.6049933433532715 
8.793179512023926, -10.295574188232422 
-7.3115644454956055, 8.390860557556152 
-3.2609870433807373, 3.6996307373046875 
7.71541166305542, -9.019030570983887 
-8.728092193603516, 10.08371353149414 
-8.135398864746094, 9.348697662353516 
5.8740949630737305, -6.895625114440918 
-8.809562683105469, 10.168718338012695 
7.460151672363281, -8.769770622253418 
7.923430442810059, -9.306218147277832 
8.156652450561523, -9.548624038696289 
-8.551340103149414, 9.85912036895752 
-8.971065521240234, 10.38525104522705 
8.124253273010254, -9.475028038024902 
-0.9826552271842957, 1.065602421760559 
-9.025211334228516, 10.448625564575195 
-7.4868316650390625, 8.586047172546387 
-4.598855495452881, 5.283145904541016 
-7.975869178771973, 9.144874572753906 
5.326594352722168, -6.301228046417236 
7.4090118408203125, -8.667956352233887 
0.8392071723937988, -1.0481311082839966 
5.5286865234375, -6.5385966300964355 
4.466391563415527, -5.308345794677734 
-6.872597694396973, 7.881833076477051 
7.772116184234619, -9.114136695861816 
-9.130289077758789, 10.570328712463379 
7.886073112487793, -9.201098442077637 
-5.020855903625488, 5.843841075897217 
-8.334638595581055, 9.620366096496582 
-3.2030398845672607, 3.6515493392944336 
9.134476661682129, -10.684569358825684 
8.349061965942383, -9.771571159362793 
8.280027389526367, -9.734204292297363 
-0.8872029185295105, 0.9118260145187378 
4.208136558532715, -4.994166851043701 
-9.269205093383789, 10.712554931640625 
8.349398612976074, -9.795662879943848 
5.678123474121094, -6.6398396492004395 
2.543813943862915, -3.0646984577178955 
-8.156020164489746, 9.372279167175293 
7.020341396331787, -8.215280532836914 
4.492134094238281, -5.349039554595947 
-7.976888179779053, 9.229598999023438 
-7.166406631469727, 8.283167839050293 
1.7463916540145874, -2.0977349281311035 
2.608877420425415, -3.080909252166748 
4.529515266418457, -5.357288360595703 
-7.934760570526123, 9.18268871307373 
-0.5993377566337585, 0.6470717787742615 
-6.354025840759277, 7.281682014465332 
8.641735076904297, -10.147459983825684 
7.876924991607666, -9.233207702636719 
6.276451587677002, -7.4058613777160645 
-7.42981481552124, 8.60062313079834 
7.229261875152588, -8.474413871765137 
8.634716033935547, -10.088824272155762 
-8.975631713867188, 10.362488746643066 
6.474026679992676, -7.633730411529541 
6.802552223205566, -8.007018089294434 
-6.674473762512207, 7.663652420043945 
6.651741027832031, -7.80588960647583 
8.09975528717041, -9.500487327575684 
9.269054412841797, -10.829985618591309 
-5.234776496887207, 5.956329345703125 
-5.053866386413574, 5.799680233001709 
8.47175121307373, -9.937762260437012 
9.176795959472656, -10.742865562438965 
-7.098260402679443, 8.166930198669434 
-8.576571464538574, 9.902449607849121 
-9.450067520141602, 10.934123039245605 
-6.491797924041748, 7.467634201049805 
7.826711654663086, -9.146870613098145 
-6.716408729553223, 7.698103904724121 
-4.960567951202393, 5.700654029846191 
-1.457405924797058, 1.5484886169433594 
8.925251007080078, -10.461400032043457 
6.338983535766602, -7.464100360870361 
7.876257419586182, -9.229886054992676 
7.400716781616211, -8.659249305725098 
-8.127439498901367, 9.369542121887207 
-3.4639930725097656, 3.8845295906066895 
7.63387393951416, -8.93381404876709 
-8.947376251220703, 10.334806442260742 
-9.1733980178833, 10.625616073608398 
8.161758422851562, -9.569233894348145 
-8.866440773010254, 10.231067657470703 
-8.627069473266602, 10.01778507232666 
7.571520805358887, -8.891551971435547 
6.659934997558594, -7.808274745941162 
7.394901275634766, -8.631519317626953 
8.273284912109375, -9.681818008422852 
7.296937465667725, -8.578436851501465 
8.449434280395508, -9.851569175720215 
-9.093761444091797, 10.477629661560059 
-9.24070930480957, 10.674281120300293 
-3.518158197402954, 4.062305927276611 
8.72761058807373, -10.191454887390137 
8.713834762573242, -10.17673110961914 
7.3776702880859375, -8.684762954711914 
7.994524955749512, -9.382044792175293 
-5.941249847412109, 6.863389015197754 
-6.113870620727539, 7.009654998779297 
1.6327816247940063, -1.9915597438812256 
-5.225125312805176, 6.074394226074219 
-9.005838394165039, 10.399651527404785 
-7.945191383361816, 9.147358894348145 
3.6675989627838135, -4.367279529571533 
4.479612350463867, -5.351080894470215 
-3.2125232219696045, 3.6099941730499268 
-8.158027648925781, 9.439604759216309 
8.303897857666016, -9.746710777282715 
8.469152450561523, -9.91037368774414 
-0.39834699034690857, 0.42131510376930237 
8.594675064086914, -10.114102363586426 
7.399850845336914, -8.629651069641113 
-5.124057769775391, 5.868653774261475 
-8.241303443908691, 9.50428295135498 
0.3610055148601532, -0.5853590965270996 
-7.493231773376465, 8.618292808532715 
-4.868988513946533, 5.6182732582092285 
7.383565425872803, -8.677913665771484 
-7.971177577972412, 9.26086139678955 
5.50701904296875, -6.471441745758057 
5.487462043762207, -6.486154079437256 
8.028315544128418, -9.42077350616455 
6.936894416809082, -8.154068946838379 
7.933098793029785, -9.28908920288086 
-7.475815773010254, 8.587628364562988 
-6.5555219650268555, 7.57680606842041 
-4.681815147399902, 5.361945629119873 
8.228639602661133, -9.651871681213379 
-7.696844577789307, 8.853619575500488 
7.321362495422363, -8.596173286437988 
-9.07655143737793, 10.48507022857666 
-8.809343338012695, 10.187885284423828 
6.904695987701416, -8.119561195373535 
7.785654067993164, -9.103318214416504 
7.724604606628418, -9.06981086730957 
1.596640944480896, -1.8836041688919067 
5.59680700302124, -6.541192054748535 
-7.177101135253906, 8.192357063293457 
-9.458955764770508, 10.928877830505371 
-8.381460189819336, 9.681785583496094 
8.582132339477539, -10.029572486877441 
-5.03862190246582, 5.718183517456055 
7.448538303375244, -8.784723281860352 
7.456334114074707, -8.75487232208252 
-6.09580659866333, 6.9426045417785645 
4.315680503845215, -5.1222100257873535 
-5.008507251739502, 5.693297863006592 
7.930816650390625, -9.308381080627441 
7.238070011138916, -8.494695663452148 
-8.093503952026367, 9.314244270324707 
2.7992947101593018, -3.3472697734832764 
-7.970865249633789, 9.192925453186035 
-8.337491989135742, 9.61651611328125 
-7.906507968902588, 9.135885238647461 
-8.5906982421875, 9.910041809082031 
-8.590339660644531, 9.922898292541504 
-8.490798950195312, 9.801054954528809 
-5.891280174255371, 6.770370960235596 
-6.884550094604492, 7.973011493682861 
7.085218906402588, -8.338407516479492 
-8.661824226379395, 10.055878639221191 
-2.6667985916137695, 3.0499637126922607 
-8.846882820129395, 10.258099555969238 
-6.187675952911377, 7.093530178070068 
7.226846694946289, -8.444820404052734 
-8.235458374023438, 9.486455917358398 
-0.9069824814796448, 0.9983706474304199 
-4.482460021972656, 5.123938083648682 
9.209836959838867, -10.758102416992188 
-4.687792778015137, 5.3912129402160645 
-8.327938079833984, 9.672622680664062 
6.9931464195251465, -8.234285354614258 
7.325300216674805, -8.601941108703613 
-6.816678047180176, 7.809782028198242 
6.3557448387146, -7.485344886779785 
-7.870250701904297, 9.1310453414917 
6.9578351974487305, -8.146944046020508 
-7.401017189025879, 8.540264129638672 
4.874017715454102, -5.681682586669922 
-6.987555503845215, 8.027602195739746 
7.752907752990723, -9.072776794433594 
6.023468017578125, -7.096459865570068 
3.4463202953338623, -4.128497123718262 
-7.571909427642822, 8.716517448425293 
7.070755958557129, -8.308140754699707 
-9.257820129394531, 10.690415382385254 
-6.981163024902344, 8.088362693786621 
8.397621154785156, -9.828365325927734 
-6.06157112121582, 6.944548606872559 
-7.310868263244629, 8.424190521240234 
6.236859321594238, -7.310250282287598 
-3.2556095123291016, 3.7137060165405273 
-9.069441795349121, 10.499800682067871 
-8.214041709899902, 9.543248176574707 
7.594903469085693, -8.92773723602295 
7.156008720397949, -8.36470890045166 
7.1082305908203125, -8.374944686889648 
5.671139717102051, -6.73091459274292 
7.190044403076172, -8.430876731872559 
-2.140700101852417, 2.415227174758911 
-3.5641837120056152, 4.07930850982666 
-3.478760004043579, 3.9819841384887695 
-7.871155261993408, 9.017701148986816 
8.059846878051758, -9.460420608520508 
6.416770935058594, -7.560668468475342 
-8.682394027709961, 10.064713478088379 
-8.28305721282959, 9.5248384475708 
-5.9205427169799805, 6.8619704246521 
-0.03256702423095703, -0.001733236014842987 
-8.670282363891602, 10.043785095214844 
-8.408602714538574, 9.687243461608887 
8.79233455657959, -10.227887153625488 
6.65628719329834, -7.781619548797607 
8.474597930908203, -9.912297248840332 
7.212815761566162, -8.422767639160156 
-6.942279815673828, 8.030391693115234 
5.0054497718811035, -5.891221046447754 
7.075936317443848, -8.299967765808105 
4.273164749145508, -4.982284069061279 
8.572936058044434, -10.048433303833008 
-7.638785362243652, 8.843174934387207 
4.59643030166626, -5.437780857086182 
7.306859493255615, -8.544564247131348 
8.077454566955566, -9.462519645690918 
-5.528527736663818, 6.344653606414795 
-6.712725639343262, 7.804562091827393 
4.658144950866699, -5.522655010223389 
4.728634357452393, -5.610904216766357 
7.970661163330078, -9.354388236999512 
-4.344886779785156, 5.023693561553955 
-8.463532447814941, 9.782326698303223 
6.960833549499512, -8.119413375854492 
-6.4346160888671875, 7.3938374519348145 
9.274375915527344, -10.80935001373291 
7.615905284881592, -8.902353286743164 
8.406286239624023, -9.856900215148926 
5.6826348304748535, -6.641014575958252 
-8.813721656799316, 10.192895889282227 
-9.144519805908203, 10.553326606750488 
-1.1320246458053589, 1.2176941633224487 
7.839324474334717, -9.208112716674805 
8.73912239074707, -10.263758659362793 
-0.2884271442890167, 0.29934290051460266 
-8.120607376098633, 9.377968788146973 
-7.549063682556152, 8.736454010009766 
8.462424278259277, -9.91671085357666 
3.1609227657318115, -3.6969716548919678 
7.996451377868652, -9.32827091217041 
6.339987754821777, -7.429764270782471 
5.4824371337890625, -6.4581217765808105 
-1.7274730205535889, 1.9908981323242188 
-6.538573265075684, 7.580834865570068 
-6.54049015045166, 7.508085250854492 
8.91262435913086, -10.43622875213623 
7.463977336883545, -8.764362335205078 
7.302631378173828, -8.569689750671387 
9.223323822021484, -10.824230194091797 
9.59880542755127, -11.210108757019043 
-9.276281356811523, 10.714646339416504 
-9.063061714172363, 10.461180686950684 
2.903088331222534, -3.43163800239563 
9.004515647888184, -10.54086685180664 
-8.244901657104492, 9.552163124084473 
-6.902414798736572, 7.916375160217285 
1.8799265623092651, -2.2750444412231445 
8.490235328674316, -9.983874320983887 
-9.612801551818848, 11.120033264160156 
-8.175283432006836, 9.464274406433105 
6.9102091789245605, -8.126254081726074 
8.14892292022705, -9.573287010192871 
-0.7935896515846252, 0.8334407806396484 
6.189329147338867, -7.296321868896484 
6.757507801055908, -7.921193599700928 
3.178650140762329, -3.817884922027588 
-1.273684024810791, 1.326033592224121 
-8.051746368408203, 9.252153396606445 
8.823570251464844, -10.280064582824707 
-1.7790952920913696, 2.052640438079834 
-7.73621129989624, 8.873259544372559 
8.384355545043945, -9.830519676208496 
6.4141998291015625, -7.5235748291015625 
-7.807775497436523, 9.067070960998535 
8.232564926147461, -9.62789249420166 
-8.333919525146484, 9.617676734924316 
3.382222890853882, -4.004761219024658 
-0.3976978063583374, 0.4070756435394287 
-9.332545280456543, 10.767352104187012 
8.328116416931152, -9.747149467468262 
9.299203872680664, -10.870882034301758 
-6.812758445739746, 7.773900508880615 
6.360100746154785, -7.510327339172363 
8.08315658569336, -9.472494125366211 
-7.59542179107666, 8.768964767456055 
-8.921958923339844, 10.294060707092285 
8.190473556518555, -9.579445838928223 
6.017702102661133, -7.1077494621276855 
6.6092987060546875, -7.768692493438721 
8.509140968322754, -9.966020584106445 
5.273244857788086, -6.194655418395996 
-6.70344352722168, 7.661723613739014 
9.357519149780273, -10.934849739074707 
7.921457767486572, -9.305304527282715 
3.6814751625061035, -4.38901948928833 
2.2480063438415527, -2.713794708251953 
8.42960262298584, -9.876237869262695 
-8.145750045776367, 9.399009704589844 
-8.618942260742188, 10.008625984191895 
-7.754878044128418, 8.9260892868042 
6.633303642272949, -7.766086101531982 
-7.4046759605407715, 8.580327987670898 
-7.55238151550293, 8.691481590270996 
-8.725704193115234, 10.061345100402832 
-9.294883728027344, 10.783035278320312 
8.174674034118652, -9.63288402557373 
-9.319339752197266, 10.784579277038574 
5.6601996421813965, -6.643286228179932 
-9.09780216217041, 10.537123680114746 
6.970442771911621, -8.168920516967773 
7.29686164855957, -8.509349822998047 
9.210275650024414, -10.78554630279541 
-4.519166946411133, 5.15931510925293 
8.343781471252441, -9.762625694274902 
6.862082004547119, -8.079330444335938 
8.678247451782227, -10.183547019958496 
-6.330711364746094, 7.319109916687012 
8.739977836608887, -10.177144050598145 
7.800623893737793, -9.153090476989746 
-8.74718189239502, 10.095388412475586 
7.693264961242676, -8.993485450744629 
-5.840231895446777, 6.679811477661133 
-7.550324440002441, 8.675675392150879 
-8.893389701843262, 10.284674644470215 
7.702258110046387, -9.04265308380127 
7.758806228637695, -9.038517951965332 
7.696266174316406, -9.001140594482422 
8.19371509552002, -9.564156532287598 
-5.407655715942383, 6.209237575531006 
-8.585396766662598, 9.916342735290527 
8.027074813842773, -9.442389488220215 
-7.422068119049072, 8.61698055267334 
9.036519050598145, -10.548229217529297 
-1.1856480836868286, 1.2446589469909668 
7.543087005615234, -8.85608196258545 
-9.093327522277832, 10.558418273925781 
7.785122871398926, -9.15652847290039 
7.406597137451172, -8.631884574890137 
8.172693252563477, -9.581377983093262 
-8.254226684570312, 9.50339412689209 
6.679687023162842, -7.835494518280029 
7.543239116668701, -8.853288650512695 
-1.4227395057678223, 1.5705385208129883 
6.150678634643555, -7.180837154388428 
-7.999880790710449, 9.206883430480957 
4.746445655822754, -5.6086578369140625 
7.82772159576416, -9.182835578918457 
-6.071767807006836, 6.925295352935791 
-1.4082229137420654, 1.6040688753128052 
-4.22089958190918, 4.873106002807617 
-9.311208724975586, 10.803711891174316 
8.641103744506836, -10.102655410766602 
-7.122260093688965, 8.171961784362793 
-7.862568378448486, 9.110356330871582 
-7.735976219177246, 8.96987533569336 
6.23616886138916, -7.318362712860107 
-2.758307695388794, 3.205833911895752 
3.18989634513855, -3.8480353355407715 
8.515022277832031, -9.942366600036621 
-8.329651832580566, 9.59571361541748 
8.077235221862793, -9.452993392944336 
-4.344009876251221, 4.996791362762451 
9.150675773620605, -10.713417053222656 
-6.492199897766113, 7.411486625671387 
-6.898652076721191, 7.905704975128174 
-7.125298023223877, 8.184714317321777 
7.944931983947754, -9.271214485168457 
-3.6749565601348877, 4.221818923950195 
-5.77181339263916, 6.660407543182373 
-7.494673728942871, 8.651782035827637 
7.988755226135254, -9.393305778503418 
5.314967632293701, -6.31074333190918 
-9.533872604370117, 11.007586479187012 
5.9461870193481445, -6.991884708404541 
-8.589621543884277, 9.889447212219238 
-6.502553939819336, 7.482122898101807 
-7.936217308044434, 9.13791561126709 
-6.229090690612793, 7.1476969718933105 
7.218413352966309, -8.457598686218262 
6.414084434509277, -7.551209926605225 
6.559075355529785, -7.688684940338135 
-8.884664535522461, 10.239042282104492 
8.805818557739258, -10.288817405700684 
-5.002584457397461, 5.674866199493408 
6.763148784637451, -7.9399309158325195 
-8.778523445129395, 10.143967628479004 
-9.010083198547363, 10.378674507141113 
-4.7966485023498535, 5.4205756187438965 
8.953193664550781, -10.459432601928711 
8.433351516723633, -9.813788414001465 
8.9107027053833, -10.435357093811035 
9.033807754516602, -10.54327392578125 
4.31266975402832, -5.087391376495361 
2.522947072982788, -3.044619083404541 
6.883266925811768, -8.069042205810547 
-7.630067825317383, 8.768275260925293 
-9.392056465148926, 10.837201118469238 
7.237321853637695, -8.496447563171387 
0.5184957385063171, -0.6804132461547852 
-7.891420841217041, 9.052729606628418 
-5.9212799072265625, 6.766018390655518 
7.746910572052002, -9.066645622253418 
-8.013279914855957, 9.327089309692383 
8.519384384155273, -9.98969554901123 
-6.903231620788574, 8.012850761413574 
6.682103157043457, -7.840512275695801 
-8.238704681396484, 9.540329933166504 
7.631287574768066, -8.934504508972168 
8.141295433044434, -9.532515525817871 
-6.663005828857422, 7.717574596405029 
5.195714473724365, -6.177919387817383 
8.622465133666992, -10.083014488220215 
8.40151309967041, -9.803875923156738 
5.974205017089844, -7.0200395584106445 
2.6247191429138184, -3.0714950561523438 
7.243337631225586, -8.454238891601562 
7.705600261688232, -9.03542423248291 
3.2578747272491455, -3.8983078002929688 
-7.052059650421143, 8.113654136657715 
8.84255599975586, -10.34277057647705 
-4.273417949676514, 4.943844795227051 
-7.150944709777832, 8.20739459991455 
-8.953085899353027, 10.373394966125488 
-6.17916202545166, 7.100942611694336 
7.818863868713379, -9.19475269317627 
8.50227165222168, -9.914477348327637 
4.356542110443115, -5.169568061828613 
8.017579078674316, -9.423904418945312 
7.617753028869629, -8.90619945526123 
-6.683684349060059, 7.6638712882995605 
2.504389524459839, -3.0328941345214844 
-3.9984569549560547, 4.514969348907471 
-8.881027221679688, 10.276148796081543 
-8.836456298828125, 10.24361801147461 
7.676941394805908, -9.012208938598633 
-8.147161483764648, 9.368269920349121 
-6.84926700592041, 7.9000773429870605 
-8.48159408569336, 9.787878036499023 
-4.095005035400391, 4.693668365478516 
-5.8289265632629395, 6.751566410064697 
-4.709104537963867, 5.456689357757568 
3.629263162612915, -4.295938014984131 
9.485939025878906, -11.158041954040527 
-9.359235763549805, 10.850937843322754 
6.261857509613037, -7.369721412658691 
-0.10333004593849182, 0.03574616461992264 
-7.428801536560059, 8.571802139282227 
-3.4071314334869385, 3.8820853233337402 
7.41632080078125, -8.71766471862793 
4.773141384124756, -5.648505687713623 
-8.582590103149414, 9.93226146697998 
8.583702087402344, -10.044901847839355 
-8.15096664428711, 9.368199348449707 
-6.7491960525512695, 7.761411190032959 
-8.668245315551758, 9.997661590576172 
5.59157133102417, -6.5893378257751465 
-7.966207027435303, 9.190345764160156 
5.2332658767700195, -6.107829570770264 
10.452605247497559, -12.219264030456543 
6.619665145874023, -7.795828342437744 
-9.076854705810547, 10.485559463500977 
8.22745132446289, -9.616684913635254 
-7.861267566680908, 9.06887435913086 
-8.759326934814453, 10.113890647888184 
6.285750389099121, -7.345527172088623 
5.125972747802734, -5.9828667640686035 
8.286397933959961, -9.671393394470215 
8.610294342041016, -10.067038536071777 
8.053357124328613, -9.413601875305176 
6.377007484436035, -7.469850540161133 
2.2445106506347656, -2.7137744426727295 
-7.490753173828125, 8.613892555236816 
-7.126321792602539, 8.234674453735352 
7.615788459777832, -8.933669090270996 
-8.208974838256836, 9.509801864624023 
6.018744468688965, -7.105032444000244 
7.880938529968262, -9.24971866607666 
6.415683746337891, -7.515853404998779 
7.539342880249023, -8.863991737365723 
7.348784446716309, -8.593118667602539 
-2.0207831859588623, 2.2156338691711426 
-8.627589225769043, 10.024033546447754 
8.021279335021973, -9.40117359161377 
-6.371330261230469, 7.339242458343506 
-5.50189208984375, 6.280468463897705 
-8.324536323547363, 9.57618236541748 
6.480440139770508, -7.628220558166504 
-0.7964248061180115, 0.8799071311950684 
2.4206039905548096, -2.8678948879241943 
0.4325203597545624, -0.5708935260772705 
-8.797064781188965, 10.159123420715332 
-8.845176696777344, 10.237936973571777 
-8.584405899047852, 9.906928062438965 
4.923813819885254, -5.835925579071045 
5.282095909118652, -6.179593563079834 
7.490374565124512, -8.788697242736816 
7.686313629150391, -9.025797843933105 
2.991933584213257, -3.530130386352539 
7.039032936096191, -8.229325294494629 
7.902630805969238, -9.234746932983398 
5.785007953643799, -6.820920467376709 
-8.886240005493164, 10.2621431350708 
5.344318389892578, -6.301649570465088 
-4.3464508056640625, 5.021924018859863 
-4.808304786682129, 5.5715203285217285 
7.4225006103515625, -8.714150428771973 
-1.7503957748413086, 1.9627199172973633 
1.5924819707870483, -1.908909559249878 
5.982463836669922, -7.08186674118042 
7.963900089263916, -9.35205364227295 
7.334310531616211, -8.599639892578125 
7.721662998199463, -9.04155158996582 
-0.5804855823516846, 0.5872976779937744 
-7.939913749694824, 9.179305076599121 
-7.438573837280273, 8.523473739624023 
6.702943801879883, -7.86923360824585 
-4.889699935913086, 5.60010290145874 
5.2349443435668945, -6.210713863372803 
-7.281134605407715, 8.41466999053955 
7.9270710945129395, -9.279715538024902 
-8.137067794799805, 9.379469871520996 
7.041472434997559, -8.223952293395996 
-5.079611778259277, 5.7985992431640625 
5.5651116371154785, -6.548722743988037 
-9.401147842407227, 10.858192443847656 
8.525225639343262, -9.985833168029785 
-7.2871623039245605, 8.424524307250977 
-7.7195258140563965, 8.86136531829834 
-8.275442123413086, 9.555994987487793 
8.21998405456543, -9.62631893157959 
6.299715995788574, -7.403056621551514 
-8.315702438354492, 9.644625663757324 
7.181629657745361, -8.471151351928711 
8.11998462677002, -9.501058578491211 
7.684989929199219, -8.987948417663574 
7.980188369750977, -9.37441635131836 
-8.525415420532227, 9.88097858428955 
-5.2982048988342285, 6.07028341293335 
-8.797731399536133, 10.154533386230469 
0.9370315670967102, -1.1168687343597412 
2.749537229537964, -3.276149272918701 
-6.595390796661377, 7.63789701461792 
-9.026890754699707, 10.423602104187012 
-8.62785530090332, 9.936551094055176 
-3.432469129562378, 3.998392105102539 
8.304737091064453, -9.69819164276123 
5.379634857177734, -6.344524383544922 
-9.178046226501465, 10.587632179260254 
-9.189974784851074, 10.601956367492676 
7.338125228881836, -8.606071472167969 
7.5784711837768555, -8.915623664855957 
8.05044174194336, -9.417810440063477 
-7.179034233093262, 8.23682975769043 
8.56328010559082, -10.013270378112793 
3.878340005874634, -4.72053861618042 
2.002213716506958, -2.4629697799682617 
8.714237213134766, -10.18544864654541 
-9.072958946228027, 10.487271308898926 
9.100421905517578, -10.627166748046875 
3.4703094959259033, -4.071552276611328 
-7.625624656677246, 8.84371566772461 
6.654511451721191, -7.807754993438721 
-5.991090774536133, 6.867595195770264 
8.569934844970703, -10.058467864990234 
7.504830837249756, -8.782951354980469 
4.006611347198486, -4.722050666809082 
-4.796781539916992, 5.486774444580078 
-8.971319198608398, 10.339071273803711 
7.848325729370117, -9.212336540222168 
8.35642147064209, -9.81796932220459 
6.163610458374023, -7.221889495849609 
6.343286514282227, -7.44993257522583 
8.713836669921875, -10.228330612182617 
-5.776841163635254, 6.6784186363220215 
-7.831666469573975, 9.109045028686523 
-9.215860366821289, 10.658373832702637 
4.801277160644531, -5.722190856933594 
7.829154968261719, -9.208226203918457 
-7.841444969177246, 9.055943489074707 
-5.817941665649414, 6.682352542877197 
8.116470336914062, -9.5045804977417 
-8.919519424438477, 10.330429077148438 
-7.714838981628418, 8.939552307128906 
5.563504695892334, -6.605343341827393 
-7.422313213348389, 8.577193260192871 
-7.533881664276123, 8.712862968444824 
-6.933107376098633, 7.950827121734619 
8.15571403503418, -9.545882225036621 
-2.4089043140411377, 2.695930004119873 
9.439335823059082, -11.016642570495605 
9.086559295654297, -10.644930839538574 
-7.489009380340576, 8.692883491516113 
-6.153580188751221, 7.114572048187256 
-6.978677749633789, 8.076614379882812 
-6.754061222076416, 7.704524517059326 
-8.976009368896484, 10.371575355529785 
-8.526166915893555, 9.860577583312988 
8.13097858428955, -9.534003257751465 
3.6500494480133057, -4.350264549255371 
7.115328788757324, -8.327937126159668 
8.362648010253906, -9.793840408325195 
4.925559043884277, -5.871682643890381 
-8.192843437194824, 9.42061710357666 
8.063889503479004, -9.442204475402832 
8.756294250488281, -10.26313304901123 
9.10786247253418, -10.669541358947754 
-3.8445029258728027, 4.353734493255615 
-7.569088935852051, 8.723971366882324 
-0.23798617720603943, 0.13303838670253754 
7.491298198699951, -8.795519828796387 
-8.262063980102539, 9.558712005615234 
-7.344686508178711, 8.447434425354004 
6.992739200592041, -8.244155883789062 
10.073831558227539, -11.784350395202637 
7.545210361480713, -8.839460372924805 
0.33069291710853577, -0.49751928448677063 
-8.163623809814453, 9.395174026489258 
5.911998271942139, -6.9623494148254395 
-8.473739624023438, 9.811890602111816 
-8.246715545654297, 9.543681144714355 
-6.70369815826416, 7.7264323234558105 
7.242493152618408, -8.513530731201172 
6.7125043869018555, -7.892371654510498 
4.962956428527832, -5.876845836639404 
-9.633848190307617, 11.140357971191406 
-7.417802333831787, 8.572054862976074 
6.592896938323975, -7.755484104156494 
4.22271203994751, -5.030941963195801 
-5.995367050170898, 6.922722816467285 
-7.366142272949219, 8.479971885681152 
-3.8641655445098877, 4.4856438636779785 
-7.2127685546875, 8.313054084777832 
-7.076685905456543, 8.221726417541504 
8.27698040008545, -9.669713020324707 
7.179701805114746, -8.396172523498535 
6.026941299438477, -7.061643123626709 
2.698495864868164, -3.2100625038146973 
7.278197288513184, -8.605391502380371 
-4.371408462524414, 5.000442981719971 
-6.376546859741211, 7.267985820770264 
7.175374507904053, -8.41337776184082 
-3.5737826824188232, 4.069067478179932 
8.579050064086914, -10.004172325134277 
8.75372314453125, -10.310117721557617 
-7.188124656677246, 8.255792617797852 
-6.492815017700195, 7.499673366546631 
9.288719177246094, -10.846451759338379 
-9.205777168273926, 10.635415077209473 
-6.289895534515381, 7.2621941566467285 
8.257791519165039, -9.686903953552246 
-1.5749415159225464, 1.7498838901519775 
2.1037514209747314, -2.5683255195617676 
6.346125602722168, -7.444166660308838 
8.530935287475586, -9.990036964416504 
6.76920223236084, -7.952982425689697 
-7.86157751083374, 9.043938636779785 
-9.430936813354492, 10.882378578186035 
-3.20979380607605, 3.6430702209472656 
6.98967981338501, -8.24063491821289 
-3.5373620986938477, 4.073843479156494 
9.166412353515625, -10.703421592712402 
-7.93484354019165, 9.11572551727295 
3.43860125541687, -4.046573162078857 
-8.040504455566406, 9.30569076538086 
7.662627220153809, -8.945588111877441 
8.089704513549805, -9.52053165435791 
-8.5740327835083, 9.939602851867676 
5.849308013916016, -6.839363098144531 
9.338571548461914, -10.903142929077148 
-6.313270568847656, 7.187934875488281 
8.125078201293945, -9.541895866394043 
8.272930145263672, -9.677651405334473 
8.710506439208984, -10.240599632263184 
3.2072484493255615, -3.8016483783721924 
-9.305415153503418, 10.789776802062988 
-8.266376495361328, 9.562928199768066 
-4.730160236358643, 5.453819751739502 
9.029701232910156, -10.536407470703125 
-6.471841335296631, 7.4866437911987305 
-8.642385482788086, 9.985849380493164 
-6.78840970993042, 7.825625896453857 
-3.9859871864318848, 4.6535325050354 
7.772385597229004, -9.137648582458496 
7.692123889923096, -9.0368013381958 
8.981101989746094, -10.510481834411621 
8.653388977050781, -10.119891166687012 
8.066312789916992, -9.446663856506348 
-8.487456321716309, 9.796736717224121 
9.575298309326172, -11.219361305236816 
-9.0818510055542, 10.486485481262207 
0.312372624874115, -0.5026833415031433 
7.551187992095947, -8.857552528381348 
-2.7168333530426025, 3.011418342590332 
-8.424630165100098, 9.744552612304688 
-8.001738548278809, 9.204236030578613 
-4.529613494873047, 5.167588710784912 
-7.871088027954102, 9.039063453674316 
-9.140863418579102, 10.553261756896973 
6.898451328277588, -8.119643211364746 
-8.718954086303711, 10.111504554748535 
0.1473071575164795, -0.3303331434726715 
-8.539073944091797, 9.880219459533691 
-8.453407287597656, 9.785157203674316 
8.932784080505371, -10.470107078552246 
-4.709629058837891, 5.325562000274658 
-7.52778959274292, 8.702566146850586 
-9.102911949157715, 10.510987281799316 
3.6245386600494385, -4.329095363616943 
-7.845694541931152, 9.010696411132812 
-4.820494651794434, 5.492401599884033 
4.1340651512146, -4.944540023803711 
-7.673911094665527, 8.854116439819336 
8.093782424926758, -9.459534645080566 
2.788752317428589, -3.324215888977051 
-9.224449157714844, 10.655596733093262 
0.3717460632324219, -0.59029620885849 
-8.22563648223877, 9.46127986907959 
8.499499320983887, -9.954529762268066 
-4.20978307723999, 4.7830328941345215 
-7.679969787597656, 8.888228416442871 
-3.411741018295288, 3.924976110458374 
-5.548701286315918, 6.338447093963623 
9.074390411376953, -10.576983451843262 
-0.4990079700946808, 0.48655787110328674 
-6.217216491699219, 7.2072553634643555 
-6.863949775695801, 7.838075637817383 
-2.842608690261841, 3.232862949371338 
8.442102432250977, -9.886889457702637 
-9.563322067260742, 11.063040733337402 
-8.570873260498047, 9.93664264678955 
3.5542356967926025, -4.205532073974609 
-6.502782344818115, 7.561598300933838 
-7.884477615356445, 9.145269393920898 
8.561605453491211, -10.028105735778809 
-5.540032386779785, 6.30147123336792 
8.018073081970215, -9.400894165039062 
-9.201698303222656, 10.627537727355957 
-4.97707462310791, 5.700412273406982 
9.969533920288086, -11.676953315734863 
-3.5129306316375732, 3.9887423515319824 
3.403827428817749, -3.989433526992798 
3.9740211963653564, -4.738744735717773 
-6.976802825927734, 8.065347671508789 
-5.1016845703125, 5.823167324066162 
5.384674072265625, -6.324195384979248 
8.184320449829102, -9.581731796264648 
6.698470592498779, -7.838984966278076 
-9.001216888427734, 10.418822288513184 
9.606647491455078, -11.265181541442871 
-2.39685320854187, 2.6901590824127197 
5.453316688537598, -6.449356555938721 
4.592861175537109, -5.385014533996582 
1.1828919649124146, -1.4805924892425537 
7.076930046081543, -8.250287055969238 
-0.8807962536811829, 0.983605682849884 
7.919877052307129, -9.265020370483398 
-5.488929748535156, 6.3547492027282715 
-7.279486656188965, 8.403839111328125 
-8.377217292785645, 9.69971752166748 
6.928983688354492, -8.126126289367676 
8.040262222290039, -9.386409759521484 
-8.647490501403809, 9.976065635681152 
8.030721664428711, -9.366410255432129 
8.323881149291992, -9.749005317687988 
8.423490524291992, -9.824824333190918 
-5.970724105834961, 6.88441276550293 
7.732595443725586, -9.011246681213379 
8.5943021774292, -10.03526782989502 
-4.8656110763549805, 5.585174083709717 
0.12827521562576294, -0.20411871373653412 
8.067583084106445, -9.423959732055664 
8.240867614746094, -9.620902061462402 
7.523923397064209, -8.840758323669434 
-7.125664710998535, 8.25252914428711 
-6.058427810668945, 6.9647440910339355 
7.292017459869385, -8.52123737335205 
8.904888153076172, -10.44633960723877 
2.99881649017334, -3.580057144165039 
-3.012608289718628, 3.447675943374634 
-8.731410026550293, 10.059432029724121 
-7.112776279449463, 8.166130065917969 
-5.595156669616699, 6.440412998199463 
5.648454666137695, -6.68876314163208 
4.757779121398926, -5.630589008331299 
-4.666769504547119, 5.33101749420166 
-7.860783576965332, 9.090225219726562 
-6.2187910079956055, 7.187645435333252 
6.9867658615112305, -8.219330787658691 
-5.33067512512207, 6.144677639007568 
8.874160766601562, -10.393280029296875 
7.271698951721191, -8.545293807983398 
8.189178466796875, -9.592162132263184 
-8.51314640045166, 9.832571983337402 
-8.297475814819336, 9.569762229919434 
-8.443490982055664, 9.73679256439209 
-8.685611724853516, 10.014497756958008 
-6.161972999572754, 7.032370090484619 
-7.671779632568359, 8.80637264251709 
-6.712813377380371, 7.6916093826293945 
-7.320666790008545, 8.474946022033691 
-8.789132118225098, 10.181668281555176 
9.132868766784668, -10.681902885437012 
7.582462310791016, -8.904709815979004 
-9.197166442871094, 10.62179946899414 
-3.016453504562378, 3.4204325675964355 
-8.877481460571289, 10.250585556030273 
