7.457049369812012, -8.765984535217285 
-5.481655120849609, 6.3380842208862305 
9.084090232849121, -10.622403144836426 
8.910332679748535, -10.431994438171387 
8.117388725280762, -9.481202125549316 
-8.725014686584473, 10.06491756439209 
-7.276503562927246, 8.335680961608887 
3.6724791526794434, -4.347046375274658 
8.041596412658691, -9.436535835266113 
-4.617127895355225, 5.249080181121826 
7.605596542358398, -8.901204109191895 
3.729574203491211, -4.365557670593262 
8.634373664855957, -10.10982608795166 
8.156697273254395, -9.54382038116455 
-8.958840370178223, 10.346894264221191 
-1.5639092922210693, 1.718798279762268 
8.144089698791504, -9.56796646118164 
8.498797416687012, -9.92195987701416 
8.632685661315918, -10.135512351989746 
-2.9042603969573975, 3.2481510639190674 
2.4717512130737305, -3.0042240619659424 
9.038924217224121, -10.587358474731445 
1.507013201713562, -1.8288297653198242 
-9.164183616638184, 10.583136558532715 
-9.416279792785645, 10.875641822814941 
-7.066817760467529, 8.10928726196289 
8.666825294494629, -10.156160354614258 
-1.6821787357330322, 1.8063137531280518 
1.1420954465866089, -1.465526819229126 
-5.991552829742432, 6.913328647613525 
-8.784119606018066, 10.163384437561035 
8.046792030334473, -9.429691314697266 
7.208142280578613, -8.458409309387207 
-5.959344863891602, 6.8012003898620605 
7.230113983154297, -8.472417831420898 
-7.171528339385986, 8.290244102478027 
8.460458755493164, -9.82190227508545 
-6.871583938598633, 7.96064567565918 
8.827977180480957, -10.331347465515137 
-2.2076613903045654, 2.4198436737060547 
9.828022956848145, -11.441059112548828 
8.220358848571777, -9.626106262207031 
4.915599822998047, -5.7520928382873535 
7.557651519775391, -8.880091667175293 
-7.238681793212891, 8.303558349609375 
-8.549257278442383, 9.843737602233887 
-6.087111473083496, 6.94237756729126 
-8.385579109191895, 9.664772987365723 
-5.5466508865356445, 6.402897357940674 
-8.98083209991455, 10.361639022827148 
8.379521369934082, -9.845878601074219 
7.628780841827393, -8.971476554870605 
-7.506529331207275, 8.705957412719727 
3.9040043354034424, -4.571788311004639 
-7.064980506896973, 8.171287536621094 
7.975118160247803, -9.36974048614502 
-7.045389652252197, 8.111082077026367 
-9.292174339294434, 10.774629592895508 
-0.1617259681224823, 0.054612427949905396 
-7.431899070739746, 8.601295471191406 
-8.457831382751465, 9.801613807678223 
7.567342281341553, -8.893919944763184 
6.855599880218506, -8.050763130187988 
-7.8120222091674805, 9.071324348449707 
7.254857540130615, -8.50084400177002 
-1.0675244331359863, 1.1033557653427124 
7.368474006652832, -8.656142234802246 
-8.074202537536621, 9.321938514709473 
-8.597566604614258, 9.920722007751465 
1.1746156215667725, -1.4382916688919067 
7.682734966278076, -8.995295524597168 
-6.6973557472229, 7.7112603187561035 
-8.104047775268555, 9.31075668334961 
3.4045138359069824, -4.016122341156006 
8.030835151672363, -9.369400978088379 
-7.530201435089111, 8.696683883666992 
8.566794395446777, -10.020079612731934 
-0.9234868884086609, 0.9810706377029419 
-9.300580024719238, 10.737348556518555 
8.748143196105957, -10.190299034118652 
8.445647239685059, -9.870272636413574 
-9.602030754089355, 11.101318359375 
-8.050454139709473, 9.241742134094238 
-8.008706092834473, 9.245238304138184 
-8.962698936462402, 10.370512008666992 
6.6899261474609375, -7.855329990386963 
8.097201347351074, -9.429023742675781 
-8.939706802368164, 10.380439758300781 
-9.291727066040039, 10.726428031921387 
4.467833995819092, -5.273271560668945 
9.528223991394043, -11.108277320861816 
-5.389921188354492, 6.249669551849365 
-4.9798173904418945, 5.708069801330566 
-9.421624183654785, 10.92859935760498 
-7.705554962158203, 8.933409690856934 
9.538878440856934, -11.147917747497559 
8.005934715270996, -9.346855163574219 
8.838672637939453, -10.330207824707031 
-6.614426612854004, 7.620168209075928 
8.811113357543945, -10.313918113708496 
2.815338373184204, -3.3613874912261963 
8.859918594360352, -10.391146659851074 
-4.047369956970215, 4.663541316986084 
-5.809605598449707, 6.651453495025635 
8.188363075256348, -9.592768669128418 
4.6489152908325195, -5.448116779327393 
-9.52914810180664, 11.026667594909668 
10.650748252868652, -12.418559074401855 
-2.0416669845581055, 2.2930829524993896 
-7.133233070373535, 8.281558990478516 
-8.38159465789795, 9.646681785583496 
7.239495754241943, -8.487565994262695 
-8.67409610748291, 9.989030838012695 
6.856507778167725, -8.073100090026855 
8.439581871032715, -9.86681842803955 
-5.251340866088867, 6.0234575271606445 
-3.6152162551879883, 4.113484859466553 
-4.560635089874268, 5.17811918258667 
-7.751616477966309, 8.924994468688965 
-7.363847732543945, 8.461402893066406 
-8.957879066467285, 10.381994247436523 
-8.710532188415527, 10.058587074279785 
7.21569299697876, -8.472729682922363 
7.873685359954834, -9.205098152160645 
7.768423080444336, -9.105901718139648 
-9.292384147644043, 10.742535591125488 
8.301339149475098, -9.7534818649292 
-8.120298385620117, 9.37194538116455 
-5.643932819366455, 6.484930515289307 
7.585590362548828, -8.900994300842285 
-1.290083646774292, 1.4175480604171753 
8.293997764587402, -9.745895385742188 
-5.8985915184021, 6.732334136962891 
-5.71973991394043, 6.525494575500488 
8.043822288513184, -9.431316375732422 
-7.829936504364014, 9.071922302246094 
8.955994606018066, -10.445940017700195 
-8.592461585998535, 9.963433265686035 
-9.08121395111084, 10.481667518615723 
-8.660574913024902, 10.052510261535645 
7.718306064605713, -9.054559707641602 
7.624607086181641, -8.948346138000488 
9.425167083740234, -11.032429695129395 
9.872069358825684, -11.53617000579834 
-8.669238090515137, 10.019808769226074 
-5.25837516784668, 6.013865947723389 
-8.862788200378418, 10.205029487609863 
9.592133522033691, -11.246989250183105 
-7.208386421203613, 8.325820922851562 
7.3910322189331055, -8.686389923095703 
-9.31143856048584, 10.764352798461914 
-8.376294136047363, 9.724637985229492 
-6.399779319763184, 7.311522960662842 
8.398419380187988, -9.798989295959473 
-7.375710964202881, 8.50217342376709 
-8.060724258422852, 9.274796485900879 
1.0836457014083862, -1.3034288883209229 
7.335067272186279, -8.593182563781738 
-9.029672622680664, 10.448936462402344 
-9.492548942565918, 10.963747024536133 
-7.246157646179199, 8.402762413024902 
-8.918251991271973, 10.29289722442627 
-8.286633491516113, 9.600791931152344 
-8.951090812683105, 10.36345386505127 
-9.31226634979248, 10.741748809814453 
-4.706110000610352, 5.446544170379639 
-7.792486190795898, 8.975050926208496 
8.050642013549805, -9.428875923156738 
3.631887912750244, -4.333207607269287 
9.024993896484375, -10.531773567199707 
8.389128684997559, -9.80670166015625 
-1.0579514503479004, 1.1878160238265991 
7.898136138916016, -9.26559829711914 
6.438244819641113, -7.5776567459106445 
-5.577413558959961, 6.461309909820557 
-7.833611011505127, 9.087859153747559 
-6.315670013427734, 7.273327350616455 
-8.613195419311523, 9.981682777404785 
9.868550300598145, -11.562262535095215 
-6.95560884475708, 7.990382671356201 
8.78324031829834, -10.278128623962402 
-4.992748260498047, 5.747244358062744 
-8.148468971252441, 9.372296333312988 
-8.269309043884277, 9.508332252502441 
6.956666946411133, -8.15246295928955 
9.05847454071045, -10.592239379882812 
5.295109748840332, -6.200944423675537 
8.616528511047363, -10.100613594055176 
-8.190680503845215, 9.482586860656738 
-9.179374694824219, 10.614006996154785 
6.498115062713623, -7.617442607879639 
8.467370986938477, -9.933564186096191 
7.487800121307373, -8.764129638671875 
6.886005401611328, -8.050463676452637 
5.869548797607422, -6.929500102996826 
-5.118206024169922, 5.853530406951904 
-0.2771894037723541, 0.24843661487102509 
-7.474325180053711, 8.6519136428833 
-8.164534568786621, 9.427469253540039 
8.148103713989258, -9.506521224975586 
-7.7364301681518555, 8.91097354888916 
-7.7972187995910645, 8.963236808776855 
-6.564340114593506, 7.55448579788208 
6.1048197746276855, -7.176804065704346 
6.48200798034668, -7.65321683883667 
9.822157859802246, -11.488320350646973 
-4.440279006958008, 5.049309730529785 
9.0787935256958, -10.594487190246582 
7.741242408752441, -9.051033973693848 
-1.756865382194519, 1.901218295097351 
5.145267963409424, -6.065714359283447 
-0.14188720285892487, 0.028503522276878357 
9.284873008728027, -10.802641868591309 
8.630867958068848, -10.138530731201172 
-1.2668671607971191, 1.3250705003738403 
8.65610122680664, -10.11523151397705 
8.107939720153809, -9.461005210876465 
-5.68312931060791, 6.5462446212768555 
6.999404430389404, -8.18523120880127 
-7.458362579345703, 8.568925857543945 
-7.693648338317871, 8.86156940460205 
-5.779780864715576, 6.574841022491455 
-7.205436706542969, 8.33777904510498 
-8.384852409362793, 9.63786792755127 
-5.841846466064453, 6.683610439300537 
-6.468681812286377, 7.475863933563232 
-3.4878809452056885, 3.9528517723083496 
9.408066749572754, -11.018576622009277 
-7.9584856033325195, 9.205792427062988 
3.617229461669922, -4.239238262176514 
7.903810501098633, -9.287871360778809 
8.136372566223145, -9.484938621520996 
5.973788738250732, -7.040858745574951 
-4.011786460876465, 4.536229610443115 
-8.826640129089355, 10.180649757385254 
8.018654823303223, -9.384527206420898 
9.237696647644043, -10.767854690551758 
-9.28846263885498, 10.729784965515137 
-6.011350631713867, 6.932366371154785 
-7.592242240905762, 8.705641746520996 
-6.3443603515625, 7.311795711517334 
-5.346677303314209, 6.160427570343018 
-4.098837852478027, 4.660676956176758 
8.532811164855957, -9.991814613342285 
-7.990711688995361, 9.209290504455566 
9.470004081726074, -11.078446388244629 
-8.770431518554688, 10.145573616027832 
6.872936248779297, -8.107895851135254 
-8.841983795166016, 10.201081275939941 
8.727680206298828, -10.215209007263184 
7.856024742126465, -9.221519470214844 
-7.906952857971191, 9.083134651184082 
-8.500299453735352, 9.778450012207031 
8.84941577911377, -10.39447021484375 
-8.797009468078613, 10.192477226257324 
-8.854583740234375, 10.264248847961426 
-8.241286277770996, 9.562670707702637 
8.731932640075684, -10.21120834350586 
10.009350776672363, -11.69450569152832 
8.875016212463379, -10.367077827453613 
-8.796608924865723, 10.157313346862793 
3.588479518890381, -4.228741645812988 
-8.75325870513916, 10.104199409484863 
5.8167829513549805, -6.881868839263916 
10.191699981689453, -11.924152374267578 
-3.799928903579712, 4.399291038513184 
-5.1651716232299805, 5.948703289031982 
0.2145390808582306, -0.3725351095199585 
-1.146741271018982, 1.2136372327804565 
8.783199310302734, -10.28116512298584 
-7.040266990661621, 8.167351722717285 
7.994134902954102, -9.372389793395996 
-7.4980058670043945, 8.649706840515137 
-8.608052253723145, 9.901232719421387 
-9.153458595275879, 10.543527603149414 
8.904117584228516, -10.390257835388184 
-7.502223014831543, 8.63786792755127 
-8.615103721618652, 9.956704139709473 
1.7097117900848389, -2.1056737899780273 
-4.220757007598877, 4.915466785430908 
-7.470913410186768, 8.60576343536377 
8.241097450256348, -9.644343376159668 
4.859476566314697, -5.740569591522217 
8.444459915161133, -9.859416007995605 
-7.018486022949219, 8.135749816894531 
1.5050795078277588, -1.8352032899856567 
5.147453308105469, -6.126318454742432 
9.312540054321289, -10.893101692199707 
-9.30333423614502, 10.750171661376953 
-2.5730552673339844, 2.870852470397949 
5.930814266204834, -6.968475818634033 
1.6347911357879639, -1.9860783815383911 
9.505803108215332, -11.119314193725586 
7.614902496337891, -8.939454078674316 
-7.1914963722229, 8.266240119934082 
7.174335479736328, -8.414824485778809 
-7.3600263595581055, 8.49697208404541 
9.091888427734375, -10.636273384094238 
-7.969791412353516, 9.219959259033203 
-5.410523414611816, 6.1699042320251465 
9.705194473266602, -11.333577156066895 
-3.49716854095459, 3.979268789291382 
-7.177524566650391, 8.29413890838623 
-8.72408390045166, 10.098395347595215 
9.187080383300781, -10.736340522766113 
6.522130489349365, -7.6434855461120605 
-5.482942581176758, 6.338748455047607 
8.710139274597168, -10.199753761291504 
8.355229377746582, -9.783858299255371 
9.965620994567871, -11.61769962310791 
8.87543773651123, -10.354340553283691 
3.8122148513793945, -4.546016693115234 
7.246890068054199, -8.432286262512207 
-7.060573101043701, 8.146491050720215 
8.406534194946289, -9.81534481048584 
8.402390480041504, -9.834368705749512 
-5.0876922607421875, 5.793076515197754 
8.084531784057617, -9.43665885925293 
8.096325874328613, -9.407059669494629 
-8.245076179504395, 9.55700969696045 
-8.879708290100098, 10.252420425415039 
6.868954181671143, -8.083699226379395 
9.299744606018066, -10.928407669067383 
8.126730918884277, -9.54211711883545 
8.28128719329834, -9.741826057434082 
-7.524496555328369, 8.69910717010498 
8.068113327026367, -9.442608833312988 
-8.539761543273926, 9.814547538757324 
-4.284950256347656, 4.930953502655029 
-7.131350517272949, 8.214465141296387 
5.2604827880859375, -6.1787848472595215 
0.48884138464927673, -0.6244086623191833 
-6.3098626136779785, 7.2420573234558105 
-9.390904426574707, 10.889472007751465 
-8.427929878234863, 9.7619047164917 
2.8119699954986572, -3.338575839996338 
-3.5743141174316406, 4.054057598114014 
-8.455965995788574, 9.729267120361328 
5.170276641845703, -6.075354099273682 
-7.434584617614746, 8.542769432067871 
6.721790790557861, -7.882988929748535 
8.87543773651123, -10.355063438415527 
7.390894889831543, -8.645143508911133 
-8.096491813659668, 9.360196113586426 
7.159584999084473, -8.416934967041016 
6.137275695800781, -7.198649883270264 
6.920103073120117, -8.126421928405762 
7.560014247894287, -8.874466896057129 
8.116293907165527, -9.503410339355469 
8.39503002166748, -9.805838584899902 
7.102810382843018, -8.278779983520508 
8.353652000427246, -9.79194164276123 
2.825268030166626, -3.438244342803955 
-6.691834449768066, 7.662173748016357 
8.639294624328613, -10.151178359985352 
5.604781627655029, -6.622951030731201 
-8.58774471282959, 9.912726402282715 
-9.33811092376709, 10.80289363861084 
-6.557173728942871, 7.55308198928833 
-9.305346488952637, 10.734207153320312 
7.979748725891113, -9.303342819213867 
5.968747138977051, -6.990687847137451 
4.563472747802734, -5.429096698760986 
-8.41158676147461, 9.714513778686523 
4.562325477600098, -5.35548734664917 
1.648481845855713, -2.003347396850586 
7.0752739906311035, -8.300562858581543 
-9.092490196228027, 10.541584968566895 
-9.187161445617676, 10.619030952453613 
-6.451737403869629, 7.4607648849487305 
8.86092472076416, -10.370984077453613 
-8.686127662658691, 10.066933631896973 
0.8040894865989685, -1.050750494003296 
9.530241012573242, -11.132200241088867 
1.9563043117523193, -2.3973352909088135 
-5.487340927124023, 6.338973045349121 
-4.722670555114746, 5.417198181152344 
-5.608051300048828, 6.445092678070068 
6.702648162841797, -7.8554792404174805 
7.945003509521484, -9.31921100616455 
8.792991638183594, -10.277945518493652 
9.096179008483887, -10.637042045593262 
7.729781627655029, -9.022194862365723 
-6.858889579772949, 7.897740840911865 
-8.850341796875, 10.241528511047363 
4.866172790527344, -5.772189617156982 
-6.796469688415527, 7.878661632537842 
5.368581295013428, -6.339593410491943 
-3.0511021614074707, 3.5400044918060303 
8.569226264953613, -10.016470909118652 
8.853919982910156, -10.357481956481934 
6.584739685058594, -7.66664457321167 
-3.7947542667388916, 4.33373498916626 
-8.271759986877441, 9.506590843200684 
7.560934066772461, -8.835857391357422 
6.982763767242432, -8.192277908325195 
-8.841547966003418, 10.219998359680176 
-1.1464362144470215, 1.176684021949768 
2.344143867492676, -2.802980661392212 
7.426496982574463, -8.718358993530273 
-7.174931526184082, 8.249658584594727 
8.989361763000488, -10.50295639038086 
-8.753401756286621, 10.119588851928711 
9.086724281311035, -10.634952545166016 
-9.445977210998535, 10.891682624816895 
-8.627530097961426, 9.964301109313965 
-6.8829240798950195, 7.895025730133057 
4.256465435028076, -5.0239434242248535 
7.714560508728027, -9.033062934875488 
-8.321428298950195, 9.627546310424805 
-6.970357894897461, 8.0455961227417 
8.225302696228027, -9.628902435302734 
-8.602806091308594, 9.9331636428833 
-4.323449611663818, 4.871039867401123 
7.850046157836914, -9.153813362121582 
2.4345788955688477, -2.9884250164031982 
-8.93973159790039, 10.310590744018555 
-8.127572059631348, 9.397974014282227 
3.2193708419799805, -3.832463026046753 
-9.619464874267578, 11.138021469116211 
7.940349578857422, -9.28687572479248 
-6.7878923416137695, 7.898749828338623 
-9.172609329223633, 10.580794334411621 
-3.2537951469421387, 3.6626369953155518 
7.54056453704834, -8.81539249420166 
-4.26689338684082, 4.939743995666504 
6.995409965515137, -8.188164710998535 
-9.17692756652832, 10.610140800476074 
4.160216808319092, -4.874484539031982 
9.926066398620605, -11.595329284667969 
-8.494145393371582, 9.84683895111084 
7.273964881896973, -8.528111457824707 
8.038847923278809, -9.415772438049316 
9.582749366760254, -11.230762481689453 
7.225339889526367, -8.50553035736084 
-8.403782844543457, 9.666422843933105 
-0.24170348048210144, 0.164115309715271 
-7.453725814819336, 8.536674499511719 
-5.693746089935303, 6.515961170196533 
7.871587753295898, -9.20157527923584 
2.40647554397583, -2.8772380352020264 
-8.878979682922363, 10.296992301940918 
-7.783149242401123, 8.993999481201172 
7.705820560455322, -9.042244911193848 
8.856825828552246, -10.375229835510254 
9.932694435119629, -11.603863716125488 
6.296179294586182, -7.391334056854248 
-9.417128562927246, 10.88308048248291 
6.619808197021484, -7.7929368019104 
8.904528617858887, -10.438126564025879 
-9.124055862426758, 10.590476989746094 
-8.778964042663574, 10.176765441894531 
7.951386451721191, -9.257312774658203 
4.042764663696289, -4.804203033447266 
-9.576366424560547, 11.06923770904541 
4.703753471374512, -5.627528190612793 
-9.323915481567383, 10.809012413024902 
9.428898811340332, -11.042818069458008 
6.338829517364502, -7.469668865203857 
9.33138656616211, -10.92381477355957 
8.803213119506836, -10.320026397705078 
6.546206474304199, -7.667718410491943 
-4.702523231506348, 5.360037326812744 
-9.799318313598633, 11.368355751037598 
-6.349855422973633, 7.293273448944092 
-7.801695823669434, 8.967779159545898 
-6.553394317626953, 7.556626319885254 
8.804142951965332, -10.291092872619629 
9.436663627624512, -11.06243896484375 
5.308493614196777, -6.236055850982666 
6.880604267120361, -8.094917297363281 
-9.074134826660156, 10.451699256896973 
5.537793159484863, -6.501616954803467 
8.660138130187988, -10.071342468261719 
8.709464073181152, -10.1961030960083 
9.10852336883545, -10.623591423034668 
-8.928150177001953, 10.286866188049316 
9.736529350280762, -11.399060249328613 
-6.1090593338012695, 6.995232105255127 
9.104267120361328, -10.630139350891113 
-0.8380964398384094, 0.8947573900222778 
7.1811323165893555, -8.417729377746582 
4.748257637023926, -5.6269683837890625 
8.937694549560547, -10.428410530090332 
5.564030647277832, -6.530583381652832 
-6.338241100311279, 7.281721591949463 
-7.949883460998535, 9.2139310836792 
8.060614585876465, -9.399642944335938 
-9.023693084716797, 10.421462059020996 
-8.383503913879395, 9.660204887390137 
-8.37241268157959, 9.682446479797363 
-8.111790657043457, 9.423279762268066 
7.422847747802734, -8.67485523223877 
-7.005529403686523, 8.128525733947754 
-8.955079078674316, 10.307608604431152 
-3.89349102973938, 4.492220401763916 
6.024990081787109, -7.08480167388916 
-7.7479753494262695, 8.956652641296387 
3.486492156982422, -4.100198745727539 
-8.141408920288086, 9.365647315979004 
8.560892105102539, -10.084258079528809 
-8.712361335754395, 10.075114250183105 
-6.40834379196167, 7.383052349090576 
-5.104135513305664, 5.902675151824951 
8.873489379882812, -10.397438049316406 
9.055668830871582, -10.599677085876465 
-9.235905647277832, 10.682621955871582 
-0.4909955561161041, 0.5394303798675537 
-2.2221431732177734, 2.4304988384246826 
-3.709017515182495, 4.278846263885498 
9.340954780578613, -10.883810997009277 
7.563912868499756, -8.85976505279541 
2.4042859077453613, -2.8757526874542236 
-9.103277206420898, 10.555815696716309 
-7.432550430297852, 8.558150291442871 
7.499558448791504, -8.794598579406738 
9.243480682373047, -10.825316429138184 
1.5572543144226074, -1.9200950860977173 
-5.280848503112793, 6.11383581161499 
9.112264633178711, -10.671330451965332 
1.0606111288070679, -1.2972047328948975 
7.0558037757873535, -8.299735069274902 
-4.212557792663574, 4.849719047546387 
-8.254074096679688, 9.514772415161133 
2.43925404548645, -2.961982250213623 
3.5208802223205566, -4.198315143585205 
5.7897047996521, -6.8346171379089355 
6.495388984680176, -7.597696304321289 
-4.694226264953613, 5.3689188957214355 
4.145922660827637, -4.884983062744141 
3.096047878265381, -3.705247402191162 
-4.899227619171143, 5.658901691436768 
-8.72649097442627, 10.060114860534668 
7.953699111938477, -9.362979888916016 
9.263440132141113, -10.841595649719238 
8.718152046203613, -10.208821296691895 
5.020223617553711, -5.886482238769531 
9.602574348449707, -11.210792541503906 
8.958588600158691, -10.486788749694824 
-8.900099754333496, 10.308329582214355 
-8.12706470489502, 9.391595840454102 
8.783085823059082, -10.288731575012207 
-4.925723552703857, 5.633702754974365 
6.486246585845947, -7.569604873657227 
7.136601448059082, -8.32379150390625 
-6.630675315856934, 7.672812461853027 
7.499358654022217, -8.775640487670898 
-9.191106796264648, 10.58838939666748 
8.213991165161133, -9.57982063293457 
-3.89253568649292, 4.400868892669678 
-3.8025097846984863, 4.366997718811035 
8.12678337097168, -9.537949562072754 
6.4942522048950195, -7.585555553436279 
-8.216456413269043, 9.522433280944824 
7.447028160095215, -8.755834579467773 
-8.802522659301758, 10.157841682434082 
-6.4050445556640625, 7.425036430358887 
7.740045547485352, -9.085372924804688 
2.8581738471984863, -3.3833611011505127 
-7.0333404541015625, 8.126364707946777 
-9.169060707092285, 10.61877727508545 
-3.165090560913086, 3.6613118648529053 
8.363656044006348, -9.728520393371582 
9.135245323181152, -10.662901878356934 
-4.098801136016846, 4.718384742736816 
-0.9580852389335632, 1.0667493343353271 
6.991983413696289, -8.215470314025879 
0.16448228061199188, -0.2233351767063141 
-7.62593936920166, 8.793717384338379 
6.465863227844238, -7.5977044105529785 
9.347929954528809, -10.946988105773926 
7.857395172119141, -9.239832878112793 
-8.115175247192383, 9.340813636779785 
8.36685848236084, -9.794037818908691 
-1.8156392574310303, 2.054964303970337 
-8.837933540344238, 10.248824119567871 
2.8701999187469482, -3.4004271030426025 
-7.347904205322266, 8.507466316223145 
-2.8452868461608887, 3.1806936264038086 
-0.5770561099052429, 0.5701524019241333 
8.264152526855469, -9.634480476379395 
7.411376953125, -8.673582077026367 
-9.066385269165039, 10.496116638183594 
-7.6110076904296875, 8.755064964294434 
-9.159316062927246, 10.604775428771973 
9.090838432312012, -10.632691383361816 
0.03179516643285751, -0.09887852519750595 
-9.00720500946045, 10.416373252868652 
7.552143096923828, -8.84003734588623 
-7.059680938720703, 8.146384239196777 
7.651428699493408, -8.983323097229004 
8.957830429077148, -10.450727462768555 
4.243480682373047, -5.051756858825684 
-7.531491279602051, 8.65048885345459 
7.981356620788574, -9.354535102844238 
-7.1943511962890625, 8.287522315979004 
0.07755424082279205, -0.22045929729938507 
-1.459852933883667, 1.6227442026138306 
-9.340697288513184, 10.80762767791748 
7.6633524894714355, -8.97484302520752 
-3.3901548385620117, 3.800924062728882 
-9.454142570495605, 10.916499137878418 
-9.237908363342285, 10.66274642944336 
-5.392395496368408, 6.209251403808594 
8.753849983215332, -10.24010181427002 
8.363622665405273, -9.82081127166748 
7.344676494598389, -8.625720024108887 
4.264231204986572, -5.0273118019104 
0.9332782626152039, -1.0935276746749878 
-8.755658149719238, 10.109761238098145 
-7.835577964782715, 9.056602478027344 
5.496474742889404, -6.4542622566223145 
-8.055368423461914, 9.26517391204834 
-8.418709754943848, 9.712451934814453 
2.2785236835479736, -2.7554428577423096 
8.357003211975098, -9.771624565124512 
7.562910556793213, -8.865696907043457 
-6.137186050415039, 7.067724704742432 
5.018655300140381, -5.94083833694458 
8.642906188964844, -10.151982307434082 
7.672292709350586, -8.961891174316406 
7.127269744873047, -8.38424301147461 
-8.68054485321045, 10.017721176147461 
-9.491228103637695, 10.98180103302002 
-8.794058799743652, 10.131519317626953 
-8.847060203552246, 10.219674110412598 
-7.278787612915039, 8.336970329284668 
-7.685206413269043, 8.812041282653809 
-8.661415100097656, 9.998688697814941 
-8.510430335998535, 9.8335542678833 
-4.257030010223389, 4.924686908721924 
4.433563232421875, -5.200446605682373 
-8.750136375427246, 10.089191436767578 
7.944626331329346, -9.2618989944458 
9.608511924743652, -11.277549743652344 
4.5726470947265625, -5.38059139251709 
-7.631204605102539, 8.782828330993652 
-7.366766452789307, 8.51911735534668 
7.994777679443359, -9.333388328552246 
2.728713035583496, -3.2586898803710938 
-7.712756633758545, 8.934196472167969 
-1.4165657758712769, 1.5310760736465454 
9.172003746032715, -10.744881629943848 
3.724797010421753, -4.392439365386963 
5.773510456085205, -6.776360988616943 
9.86821174621582, -11.547574043273926 
8.332517623901367, -9.769989013671875 
9.415706634521484, -11.021685600280762 
9.093302726745605, -10.648771286010742 
10.11331844329834, -11.876626014709473 
-7.871105194091797, 9.096312522888184 
7.5348992347717285, -8.839598655700684 
-5.2265944480896, 6.030994892120361 
7.4855546951293945, -8.805941581726074 
-8.396052360534668, 9.738496780395508 
-7.898679256439209, 9.128133773803711 
-8.526612281799316, 9.859179496765137 
-7.731670379638672, 8.878802299499512 
8.650524139404297, -10.141575813293457 
-8.41513729095459, 9.737751960754395 
7.099787712097168, -8.32814884185791 
-7.680182456970215, 8.857819557189941 
8.43002700805664, -9.819876670837402 
-7.355633735656738, 8.556797981262207 
-8.328686714172363, 9.566338539123535 
8.47533130645752, -9.920685768127441 
8.144659996032715, -9.539517402648926 
-0.6395058035850525, 0.6150603294372559 
6.860272407531738, -8.045247077941895 
6.845081329345703, -7.985179424285889 
-1.237910270690918, 1.3488428592681885 
7.328375339508057, -8.607028007507324 
-8.844646453857422, 10.213290214538574 
2.4599697589874268, -2.93110728263855 
8.860337257385254, -10.379883766174316 
-8.167475700378418, 9.384368896484375 
9.635567665100098, -11.258822441101074 
-5.18407678604126, 5.959227085113525 
-9.562339782714844, 11.050522804260254 
-7.510703086853027, 8.615229606628418 
-5.728020668029785, 6.542486667633057 
7.702844619750977, -9.028199195861816 
6.295327186584473, -7.464004039764404 
-8.382805824279785, 9.6719388961792 
-9.101778030395508, 10.5549955368042 
6.2120795249938965, -7.355556011199951 
8.608466148376465, -10.031821250915527 
7.485527992248535, -8.792543411254883 
7.702857971191406, -9.001667022705078 
3.916428565979004, -4.67399787902832 
6.936104774475098, -8.076804161071777 
7.890813827514648, -9.176776885986328 
8.329267501831055, -9.740094184875488 
-9.119515419006348, 10.528918266296387 
-7.958377838134766, 9.168309211730957 
9.259760856628418, -10.806055068969727 
9.930201530456543, -11.57050609588623 
-8.054481506347656, 9.3619966506958 
6.658931732177734, -7.7752814292907715 
2.558211326599121, -3.047125816345215 
10.453810691833496, -12.240817070007324 
-8.448564529418945, 9.789063453674316 
8.688101768493652, -10.182272911071777 
7.6057562828063965, -8.882973670959473 
-8.638236999511719, 9.98084545135498 
-8.87402057647705, 10.306561470031738 
2.6978347301483154, -3.1683578491210938 
4.699674606323242, -5.5925068855285645 
8.471722602844238, -9.915790557861328 
-4.5169525146484375, 5.274038314819336 
8.435072898864746, -9.901646614074707 
-8.592657089233398, 9.977572441101074 
7.142204284667969, -8.374175071716309 
-8.766237258911133, 10.14095401763916 
-4.24846076965332, 4.860036849975586 
-8.222900390625, 9.4730863571167 
5.846036434173584, -6.857764720916748 
-4.076393127441406, 4.640445232391357 
9.579567909240723, -11.203591346740723 
7.614958763122559, -8.922503471374512 
-4.82902717590332, 5.482992649078369 
8.408064842224121, -9.78405475616455 
8.62606430053711, -10.086823463439941 
5.857996940612793, -6.824835300445557 
9.431181907653809, -11.013604164123535 
-8.674952507019043, 10.047497749328613 
-8.908029556274414, 10.320710182189941 
-2.5900063514709473, 2.9900262355804443 
-7.942116737365723, 9.216397285461426 
-5.897708892822266, 6.834768772125244 
-9.156176567077637, 10.599515914916992 
6.8261237144470215, -8.019014358520508 
1.898029088973999, -2.3460850715637207 
-6.857660293579102, 7.862222194671631 
8.919654846191406, -10.446428298950195 
-9.468443870544434, 10.98547649383545 
-9.440651893615723, 10.915313720703125 
-7.287533283233643, 8.377537727355957 
-6.154505729675293, 7.083648204803467 
6.618227005004883, -7.765590190887451 
8.053281784057617, -9.413008689880371 
8.788018226623535, -10.272782325744629 
10.104150772094727, -11.85932731628418 
8.849963188171387, -10.350289344787598 
-9.13207721710205, 10.543111801147461 
4.6169586181640625, -5.43992280960083 
-4.208979606628418, 4.861685276031494 
7.831698417663574, -9.1163911819458 
8.018097877502441, -9.391596794128418 
-5.475520133972168, 6.274559020996094 
-7.233925819396973, 8.371692657470703 
8.222569465637207, -9.63877010345459 
8.663599014282227, -10.138937950134277 
7.39971923828125, -8.68445873260498 
-8.352334022521973, 9.652219772338867 
-6.431351184844971, 7.372227668762207 
6.999078750610352, -8.16954231262207 
-5.488516807556152, 6.3500566482543945 
5.065874099731445, -5.95651388168335 
7.676980018615723, -9.025064468383789 
-8.982315063476562, 10.38070011138916 
7.706610679626465, -9.070879936218262 
-3.9307518005371094, 4.519919395446777 
7.832233428955078, -9.168353080749512 
7.297523498535156, -8.539544105529785 
-8.806889533996582, 10.192712783813477 
9.352616310119629, -10.991438865661621 
9.02331829071045, -10.532818794250488 
-0.4421173632144928, 0.38537096977233887 
-6.9821457862854, 8.06949520111084 
-8.644942283630371, 9.974631309509277 
8.396106719970703, -9.853859901428223 
-8.752007484436035, 10.08834457397461 
2.362414836883545, -2.825187921524048 
7.223390102386475, -8.491759300231934 
-6.625391006469727, 7.638515949249268 
8.627442359924316, -10.064194679260254 
8.958662986755371, -10.527450561523438 
9.567000389099121, -11.21520709991455 
-8.23702335357666, 9.566902160644531 
-8.804490089416504, 10.204607963562012 
9.607483863830566, -11.212965965270996 
-8.77010440826416, 10.170523643493652 
8.09253978729248, -9.50247859954834 
9.590786933898926, -11.199498176574707 
8.055614471435547, -9.44055461883545 
8.204126358032227, -9.594681739807129 
8.328088760375977, -9.736114501953125 
-7.601302146911621, 8.722613334655762 
9.122135162353516, -10.658974647521973 
-9.148298263549805, 10.558792114257812 
7.920773506164551, -9.29871940612793 
-3.88505482673645, 4.394775867462158 
-7.656562328338623, 8.86532974243164 
-8.380265235900879, 9.707747459411621 
8.6737642288208, -10.161860466003418 
-7.986939430236816, 9.275193214416504 
7.887753486633301, -9.271313667297363 
0.3300788402557373, -0.37021368741989136 
8.318730354309082, -9.692864418029785 
-7.1438307762146, 8.268174171447754 
9.873237609863281, -11.518144607543945 
7.40934944152832, -8.647991180419922 
-8.9212064743042, 10.275138854980469 
-8.49991512298584, 9.800139427185059 
-7.885648727416992, 9.086499214172363 
-6.985540390014648, 8.089460372924805 
0.43270978331565857, -0.582910418510437 
-5.944206237792969, 6.855148792266846 
-9.470783233642578, 10.95189380645752 
-1.8132792711257935, 2.0189321041107178 
-2.218942642211914, 2.4973607063293457 
7.974502086639404, -9.332983016967773 
8.442354202270508, -9.876078605651855 
6.908367156982422, -8.098921775817871 
-7.539377212524414, 8.697820663452148 
9.275517463684082, -10.883009910583496 
-9.503168106079102, 11.013312339782715 
-8.645508766174316, 9.94432544708252 
1.2001779079437256, -1.5005558729171753 
8.558823585510254, -10.0261812210083 
-7.153262138366699, 8.282837867736816 
-7.294595718383789, 8.429104804992676 
1.8439139127731323, -2.173915147781372 
10.195878028869629, -11.916386604309082 
8.522122383117676, -9.974634170532227 
7.487270355224609, -8.772551536560059 
-5.856507301330566, 6.76042366027832 
7.2427778244018555, -8.511929512023926 
-9.616072654724121, 11.123909950256348 
9.829560279846191, -11.535340309143066 
-8.631481170654297, 9.981524467468262 
8.43403434753418, -9.884214401245117 
7.557086944580078, -8.81347370147705 
6.286367416381836, -7.370498180389404 
-7.342571258544922, 8.432596206665039 
10.798460960388184, -12.607721328735352 
-6.787048816680908, 7.844330787658691 
9.015776634216309, -10.51634407043457 
7.060184478759766, -8.346020698547363 
9.245962142944336, -10.850202560424805 
-7.713627338409424, 8.953567504882812 
-6.941770553588867, 8.051091194152832 
-7.898895263671875, 9.129679679870605 
-8.807085990905762, 10.146554946899414 
8.190673828125, -9.631608009338379 
8.81548023223877, -10.330708503723145 
-8.519647598266602, 9.835737228393555 
-6.847696781158447, 7.93156099319458 
7.5173773765563965, -8.779963493347168 
-9.313922882080078, 10.761212348937988 
-6.252674102783203, 7.211717128753662 
3.994321823120117, -4.6793951988220215 
-9.134693145751953, 10.561874389648438 
-8.051131248474121, 9.274792671203613 
-7.120800495147705, 8.19125747680664 
5.162275791168213, -6.097632884979248 
-9.386192321777344, 10.842055320739746 
-1.5064926147460938, 1.6348315477371216 
5.632065773010254, -6.642072677612305 
-7.417881965637207, 8.5835542678833 
6.173765182495117, -7.219850063323975 
3.6730899810791016, -4.305423259735107 
8.885228157043457, -10.392533302307129 
-9.454060554504395, 10.8994140625 
8.197092056274414, -9.540234565734863 
7.027853012084961, -8.27089786529541 
-8.106759071350098, 9.388792037963867 
-8.826504707336426, 10.184732437133789 
-6.259854316711426, 7.137160301208496 
-6.002433776855469, 6.897828102111816 
9.682209968566895, -11.316366195678711 
3.4670310020446777, -4.060588836669922 
-3.3184568881988525, 3.857203245162964 
9.758025169372559, -11.4153413772583 
-8.742914199829102, 10.101186752319336 
-7.818693161010742, 9.043736457824707 
-1.675821304321289, 1.8591817617416382 
-4.675972938537598, 5.371415138244629 
8.018158912658691, -9.382164001464844 
2.153449058532715, -2.6334097385406494 
9.74544620513916, -11.395293235778809 
-9.551286697387695, 11.087237358093262 
8.160515785217285, -9.568142890930176 
1.7218905687332153, -2.1277871131896973 
-5.925968647003174, 6.758453845977783 
6.556334972381592, -7.649463176727295 
-8.782980918884277, 10.141302108764648 
-7.888665676116943, 9.122084617614746 
-7.217069625854492, 8.269701957702637 
-8.890835762023926, 10.280168533325195 
9.026840209960938, -10.554696083068848 
-9.322550773620605, 10.771075248718262 
8.886173248291016, -10.396197319030762 
7.344690799713135, -8.591734886169434 
-6.662563323974609, 7.660131931304932 
8.088726043701172, -9.446179389953613 
-9.181075096130371, 10.631516456604004 
-7.551910400390625, 8.788304328918457 
8.030170440673828, -9.41612720489502 
-5.764078140258789, 6.683803081512451 
7.561091899871826, -8.908958435058594 
-5.72684383392334, 6.652143955230713 
-8.654425621032715, 10.034485816955566 
-7.00381326675415, 8.016338348388672 
-8.590160369873047, 9.90474796295166 
-7.563076972961426, 8.693037986755371 
9.654974937438965, -11.324591636657715 
1.0018057823181152, -1.2507697343826294 
-7.532065391540527, 8.755114555358887 
-8.670611381530762, 10.001836776733398 
-8.126620292663574, 9.360001564025879 
-9.057724952697754, 10.438855171203613 
-8.175087928771973, 9.532416343688965 
-9.740765571594238, 11.262450218200684 
-6.858173847198486, 7.877624988555908 
8.022448539733887, -9.428338050842285 
-8.9607572555542, 10.375643730163574 
8.322321891784668, -9.750805854797363 
8.084275245666504, -9.478059768676758 
-3.488907814025879, 4.023379802703857 
-7.433712959289551, 8.624306678771973 
-8.19408130645752, 9.474717140197754 
-1.4720053672790527, 1.6586254835128784 
5.1153340339660645, -6.014219284057617 
-5.700963020324707, 6.570992469787598 
-9.293566703796387, 10.736918449401855 
10.806197166442871, -12.606307983398438 
-5.4808244705200195, 6.291525840759277 
-8.361363410949707, 9.634339332580566 
-4.997694492340088, 5.751196384429932 
7.486232757568359, -8.789534568786621 
-7.484124183654785, 8.723752975463867 
6.611456871032715, -7.7761101722717285 
-9.406058311462402, 10.884648323059082 
-7.204922199249268, 8.261820793151855 
9.253939628601074, -10.84798526763916 
10.590487480163574, -12.406693458557129 
5.502620220184326, -6.498681545257568 
5.660068988800049, -6.672119617462158 
7.457304000854492, -8.76860237121582 
-8.10525894165039, 9.344656944274902 
9.58923625946045, -11.196239471435547 
8.671728134155273, -10.171404838562012 
-9.391641616821289, 10.853156089782715 
-8.942521095275879, 10.312148094177246 
-7.9618659019470215, 9.159703254699707 
0.08537027984857559, -0.20841221511363983 
7.548786640167236, -8.87205982208252 
-8.744894981384277, 10.12182903289795 
8.205984115600586, -9.605215072631836 
-3.9850635528564453, 4.525022983551025 
7.356298446655273, -8.637505531311035 
-3.7091236114501953, 4.184051513671875 
-8.573258399963379, 9.890097618103027 
-4.839779853820801, 5.5402350425720215 
-1.309693455696106, 1.352203369140625 
8.9335298538208, -10.471083641052246 
9.324727058410645, -10.890618324279785 
8.046014785766602, -9.461894035339355 
9.026875495910645, -10.564995765686035 
-9.010787963867188, 10.426104545593262 
-4.987330436706543, 5.813642978668213 
-9.220627784729004, 10.681031227111816 
-9.344698905944824, 10.812174797058105 
7.200316905975342, -8.478219985961914 
9.239106178283691, -10.823718070983887 
8.438702583312988, -9.875628471374512 
8.271954536437988, -9.73087215423584 
-9.416924476623535, 10.929500579833984 
5.471001625061035, -6.4161696434021 
9.526256561279297, -11.143122673034668 
-7.916925430297852, 9.151915550231934 
9.51098918914795, -11.081489562988281 
-8.12338924407959, 9.389184951782227 
-6.071756362915039, 6.9733099937438965 
7.3195271492004395, -8.56263256072998 
6.770945072174072, -7.989504337310791 
8.351727485656738, -9.75937271118164 
8.675467491149902, -10.14673137664795 
-8.610791206359863, 9.976580619812012 
-8.830658912658691, 10.20341968536377 
7.4945173263549805, -8.762235641479492 
-6.884624481201172, 7.894878387451172 
8.432286262512207, -9.848361015319824 
-8.396136283874512, 9.701717376708984 
9.85015869140625, -11.531477928161621 
-7.489579677581787, 8.639554023742676 
7.086042404174805, -8.32727336883545 
-8.24498462677002, 9.555275917053223 
7.639157772064209, -8.925683975219727 
4.450039386749268, -5.2816081047058105 
-2.5963521003723145, 2.920395851135254 
-7.795773029327393, 8.993731498718262 
-8.964818954467773, 10.390081405639648 
9.368340492248535, -10.994117736816406 
-5.709224700927734, 6.569582462310791 
2.017137050628662, -2.44477915763855 
9.986435890197754, -11.66711139678955 
-2.2100367546081543, 2.434744358062744 
-7.559914588928223, 8.68186092376709 
-6.266631603240967, 7.25407600402832 
-8.70899772644043, 10.079737663269043 
-7.074850559234619, 8.129739761352539 
-9.21666431427002, 10.652729034423828 
8.604863166809082, -10.076746940612793 
9.153366088867188, -10.66196346282959 
6.4665141105651855, -7.610393047332764 
-0.47317075729370117, 0.5046128034591675 
7.977679252624512, -9.340806007385254 
-7.214842796325684, 8.38933277130127 
-9.191773414611816, 10.684049606323242 
-5.399828910827637, 6.184715747833252 
-9.1067533493042, 10.550373077392578 
1.5427842140197754, -1.9038326740264893 
9.243623733520508, -10.845112800598145 
-2.0472962856292725, 2.278911828994751 
8.298005104064941, -9.708889961242676 
8.234293937683105, -9.618440628051758 
-8.74172306060791, 10.110152244567871 
7.892471790313721, -9.235441207885742 
2.5693788528442383, -3.0260024070739746 
6.993161678314209, -8.175576210021973 
-8.508023262023926, 9.80770206451416 
-8.809845924377441, 10.218311309814453 
-8.564007759094238, 9.845962524414062 
-6.661871910095215, 7.648746013641357 
8.476469993591309, -9.911870002746582 
7.312450408935547, -8.5681791305542 
-8.555824279785156, 9.910244941711426 
6.13184928894043, -7.193714618682861 
-9.493254661560059, 10.955052375793457 
7.748751640319824, -9.084847450256348 
-9.05342960357666, 10.452383041381836 
6.224994659423828, -7.4129109382629395 
-2.666304588317871, 3.051316976547241 
-8.419891357421875, 9.708242416381836 
7.788782119750977, -9.151108741760254 
6.4541497230529785, -7.568387508392334 
-8.259696006774902, 9.549944877624512 
8.20410442352295, -9.650012016296387 
8.250378608703613, -9.682671546936035 
1.7369370460510254, -2.07387638092041 
-8.325291633605957, 9.618769645690918 
8.354799270629883, -9.73668384552002 
-5.087341785430908, 5.828610897064209 
8.855446815490723, -10.380297660827637 
7.337289810180664, -8.624478340148926 
7.634377956390381, -8.953963279724121 
7.144927501678467, -8.352503776550293 
9.208566665649414, -10.746567726135254 
8.393902778625488, -9.798364639282227 
9.059187889099121, -10.643280029296875 
-2.589536666870117, 2.948282480239868 
-8.727721214294434, 10.087834358215332 
7.573847770690918, -8.844428062438965 
-6.78856086730957, 7.760789394378662 
-4.395991325378418, 4.983500957489014 
7.229739665985107, -8.511651992797852 
6.9752516746521, -8.14055347442627 
-6.916592597961426, 8.002201080322266 
4.6485161781311035, -5.49060583114624 
-7.3010382652282715, 8.429065704345703 
-7.473448753356934, 8.586578369140625 
-6.6871771812438965, 7.713879108428955 
-5.638476371765137, 6.562131881713867 
8.25180435180664, -9.603580474853516 
-7.123708724975586, 8.210186004638672 
-7.673155307769775, 8.784859657287598 
-8.717306137084961, 10.036975860595703 
-5.572066307067871, 6.346334934234619 
4.475189208984375, -5.315388202667236 
-7.331696510314941, 8.409211158752441 
8.89891529083252, -10.431631088256836 
9.1903657913208, -10.729336738586426 
6.395020484924316, -7.486976146697998 
7.613903045654297, -8.88796329498291 
-2.952885627746582, 3.385559320449829 
-3.2594618797302246, 3.7269065380096436 
3.898477554321289, -4.583298206329346 
-4.5916032791137695, 5.247806549072266 
-5.519538879394531, 6.367618083953857 
-2.265449047088623, 2.5192201137542725 
-3.7431914806365967, 4.254369258880615 
5.094505310058594, -6.048285484313965 
-8.329485893249512, 9.611559867858887 
9.301522254943848, -10.89128589630127 
-1.9646940231323242, 2.1604762077331543 
10.014653205871582, -11.684003829956055 
-7.669162750244141, 8.848747253417969 
6.899821758270264, -8.11478328704834 
-7.601795196533203, 8.807927131652832 
-7.335039138793945, 8.525004386901855 
-8.160994529724121, 9.399028778076172 
7.868054389953613, -9.194445610046387 
6.332795143127441, -7.427603721618652 
4.372655868530273, -5.1485466957092285 
9.344422340393066, -10.93225383758545 
-9.003373146057129, 10.398646354675293 
-6.29303503036499, 7.226343631744385 
8.01281452178955, -9.35148811340332 
-7.4319071769714355, 8.588491439819336 
-2.1276659965515137, 2.3312833309173584 
8.18730640411377, -9.556243896484375 
-8.99536418914795, 10.424727439880371 
-0.4134921133518219, 0.35895591974258423 
-8.282721519470215, 9.526667594909668 
10.56596851348877, -12.350926399230957 
5.66081428527832, -6.659067630767822 
-8.860007286071777, 10.265907287597656 
2.836019992828369, -3.3983452320098877 
-5.784132957458496, 6.637475490570068 
-7.634706974029541, 8.875308990478516 
5.364758491516113, -6.379644870758057 
4.389984130859375, -5.203375339508057 
7.656071662902832, -8.986475944519043 
8.437167167663574, -9.874484062194824 
-4.767255783081055, 5.4426422119140625 
6.060490131378174, -7.123614311218262 
-7.812002658843994, 9.034846305847168 
-6.3729729652404785, 7.286958694458008 
-7.8226141929626465, 9.065855979919434 
8.803919792175293, -10.298879623413086 
8.61574649810791, -10.09353256225586 
-0.6573691964149475, 0.6931102275848389 
-6.954473972320557, 7.9522175788879395 
3.199856758117676, -3.769744634628296 
-8.182292938232422, 9.454110145568848 
9.810921669006348, -11.424126625061035 
-1.4897756576538086, 1.6963766813278198 
8.508475303649902, -9.931231498718262 
9.714656829833984, -11.39523696899414 
-9.080622673034668, 10.528949737548828 
4.869218826293945, -5.741934776306152 
0.37181249260902405, -0.5504266619682312 
-8.75451374053955, 10.103106498718262 
-8.348713874816895, 9.632163047790527 
-6.368049621582031, 7.3554463386535645 
8.955399513244629, -10.493279457092285 
-1.6681933403015137, 1.8075915575027466 
8.108176231384277, -9.471145629882812 
3.711409568786621, -4.436494827270508 
-8.723237037658691, 10.068751335144043 
-9.372743606567383, 10.821595191955566 
6.526226043701172, -7.719717979431152 
-8.174921035766602, 9.40971851348877 
-5.178357124328613, 5.975673198699951 
-3.9696056842803955, 4.488909721374512 
6.511608123779297, -7.6528096199035645 
-6.685530185699463, 7.7017717361450195 
8.449386596679688, -9.91832447052002 
1.5281338691711426, -1.816758632659912 
-9.56160831451416, 11.079694747924805 
-7.771651744842529, 8.92011547088623 
-8.78410530090332, 10.157139778137207 
8.984763145446777, -10.502385139465332 
-6.404475212097168, 7.340819835662842 
-7.6641740798950195, 8.769933700561523 
4.230791091918945, -5.009214878082275 
-0.31970199942588806, 0.24729491770267487 
-7.966503143310547, 9.221644401550293 
4.136336326599121, -4.9137282371521 
3.776327610015869, -4.5085577964782715 
-2.72149395942688, 3.0922300815582275 
7.424609661102295, -8.694880485534668 
4.684476852416992, -5.5385050773620605 
-9.166041374206543, 10.579144477844238 
8.8419189453125, -10.370144844055176 
9.236764907836914, -10.807074546813965 
-1.0541599988937378, 1.1051199436187744 
10.096016883850098, -11.80560302734375 
6.968754768371582, -8.166766166687012 
7.669492721557617, -8.981873512268066 
8.412272453308105, -9.883374214172363 
-4.573553085327148, 5.158985614776611 
-5.958184242248535, 6.90073823928833 
7.9903717041015625, -9.362564086914062 
-7.382253646850586, 8.527814865112305 
-3.765604257583618, 4.286789417266846 
-8.933748245239258, 10.325203895568848 
-8.489152908325195, 9.851740837097168 
-6.244230270385742, 7.210306644439697 
9.158797264099121, -10.717535972595215 
-7.383395671844482, 8.480729103088379 
-3.8556337356567383, 4.39582633972168 
8.13169002532959, -9.502177238464355 
-9.011908531188965, 10.419666290283203 
-8.3926362991333, 9.65523910522461 
6.000499248504639, -7.039521217346191 
-9.116803169250488, 10.529266357421875 
7.9033026695251465, -9.284790992736816 
8.377610206604004, -9.832305908203125 
8.495770454406738, -9.942566871643066 
-8.819594383239746, 10.177943229675293 
-9.1950101852417, 10.650464057922363 
8.577664375305176, -10.002707481384277 
-0.716687023639679, 0.7589019536972046 
-9.197757720947266, 10.653965950012207 
-7.673630714416504, 8.807629585266113 
-5.978266716003418, 6.8896613121032715 
-8.132654190063477, 9.328369140625 
5.568508148193359, -6.580853462219238 
7.718374252319336, -9.028505325317383 
1.0504422187805176, -1.289117455482483 
5.505898475646973, -6.514855861663818 
3.6940276622772217, -4.412147045135498 
-6.940202236175537, 7.965179443359375 
8.263846397399902, -9.6824312210083 
-9.275147438049316, 10.741568565368652 
8.353714942932129, -9.744206428527832 
-4.810829162597656, 5.599677562713623 
-8.529684066772461, 9.852481842041016 
-3.6414809226989746, 4.163331508636475 
9.563312530517578, -11.183737754821777 
8.7869234085083, -10.279093742370605 
8.90368366241455, -10.457770347595215 
-1.925234079360962, 2.116563081741333 
4.740833759307861, -5.612241268157959 
-9.501555442810059, 10.98776912689209 
8.814833641052246, -10.334381103515625 
5.984102249145508, -6.993373394012451 
3.0092525482177734, -3.6031882762908936 
-8.451154708862305, 9.720481872558594 
7.393956184387207, -8.649285316467285 
5.375304222106934, -6.37908411026001 
-8.295995712280273, 9.605607032775879 
-7.443508148193359, 8.6062650680542 
2.412616491317749, -2.872199296951294 
2.3371455669403076, -2.767415761947632 
5.3690948486328125, -6.332005500793457 
-8.156286239624023, 9.444664001464844 
-1.1851345300674438, 1.3339768648147583 
-6.472355842590332, 7.426941394805908 
9.055045127868652, -10.62777042388916 
8.339592933654785, -9.771796226501465 
6.282011985778809, -7.415009021759033 
-7.430637836456299, 8.603654861450195 
7.969061851501465, -9.330572128295898 
9.109367370605469, -10.638018608093262 
-9.166003227233887, 10.590529441833496 
6.976717948913574, -8.21694564819336 
6.985371112823486, -8.216706275939941 
-6.8377580642700195, 7.857686519622803 
6.945350646972656, -8.146675109863281 
8.60477066040039, -10.086711883544922 
9.827545166015625, -11.477612495422363 
-5.070221900939941, 5.774043560028076 
-6.096782207489014, 7.019355773925781 
8.859940528869629, -10.386984825134277 
9.644449234008789, -11.284552574157715 
-7.574406623840332, 8.727360725402832 
-8.762024879455566, 10.125763893127441 
-9.628262519836426, 11.145195960998535 
-6.780316352844238, 7.806549072265625 
8.210671424865723, -9.591375350952148 
-7.089085102081299, 8.139558792114258 
-5.507952690124512, 6.342574596405029 
-2.3894946575164795, 2.6351213455200195 
9.264071464538574, -10.855812072753906 
6.505726337432861, -7.656759738922119 
8.183537483215332, -9.583695411682129 
7.783935070037842, -9.104562759399414 
-8.274835586547852, 9.546929359436035 
-3.124821662902832, 3.4942071437835693 
8.068652153015137, -9.438578605651855 
-9.123993873596191, 10.54378604888916 
-9.244635581970215, 10.711624145507812 
8.553229331970215, -10.023613929748535 
-9.106650352478027, 10.515141487121582 
-8.585082054138184, 9.973261833190918 
7.939021110534668, -9.316375732421875 
6.975385665893555, -8.173995971679688 
7.755635738372803, -9.051067352294922 
8.62867259979248, -10.092087745666504 
7.744110107421875, -9.098105430603027 
8.90418529510498, -10.376300811767578 
-9.308234214782715, 10.732314109802246 
-9.5149564743042, 10.999764442443848 
-3.6906676292419434, 4.263211727142334 
9.202824592590332, -10.740853309631348 
9.11005973815918, -10.636345863342285 
7.997384071350098, -9.401389122009277 
8.400359153747559, -9.852580070495605 
-6.286437034606934, 7.268986225128174 
-6.780462741851807, 7.7902350425720215 
-0.8329365849494934, 0.8809744715690613 
-5.67434024810791, 6.597836017608643 
-9.199638366699219, 10.630343437194824 
-8.343905448913574, 9.618163108825684 
3.886319160461426, -4.620416164398193 
4.483058929443359, -5.361579895019531 
-2.8251888751983643, 3.160839319229126 
-8.222233772277832, 9.519196510314941 
8.652034759521484, -10.152849197387695 
8.961545944213867, -10.481368064880371 
-1.481205940246582, 1.690068006515503 
9.057581901550293, -10.652565002441406 
7.734575271606445, -9.017240524291992 
-5.185736656188965, 5.943935871124268 
-8.51772689819336, 9.831338882446289 
-0.0613614097237587, -0.09507036209106445 
-7.689416885375977, 8.850825309753418 
-4.742725372314453, 5.473335266113281 
7.81488037109375, -9.177499771118164 
-8.14686393737793, 9.46909236907959 
5.694022178649902, -6.687311172485352 
6.051882743835449, -7.1405463218688965 
8.516207695007324, -9.987730979919434 
7.297482013702393, -8.574546813964844 
8.188602447509766, -9.585908889770508 
-7.790262699127197, 8.959672927856445 
-6.782525062561035, 7.8446364402771 
-4.705531120300293, 5.386844158172607 
8.644875526428223, -10.1371431350708 
-7.7368316650390625, 8.907567977905273 
7.751352787017822, -9.095291137695312 
-9.309110641479492, 10.760557174682617 
-9.042861938476562, 10.465775489807129 
7.413654327392578, -8.710748672485352 
8.080044746398926, -9.445085525512695 
8.165775299072266, -9.58066177368164 
1.942021131515503, -2.2833454608917236 
5.769867420196533, -6.742071151733398 
-7.517404556274414, 8.594254493713379 
-9.667402267456055, 11.175850868225098 
-8.643832206726074, 9.992042541503906 
9.058794021606445, -10.583681106567383 
-5.779323101043701, 6.589174747467041 
7.7690510749816895, -9.155346870422363 
7.89016580581665, -9.257339477539062 
-5.832474708557129, 6.633865833282471 
4.645886421203613, -5.503248691558838 
-4.2989373207092285, 4.867867946624756 
8.384318351745605, -9.836223602294922 
7.580718040466309, -8.891742706298828 
-8.369590759277344, 9.64224910736084 
3.289642810821533, -3.913167953491211 
-8.212006568908691, 9.477921485900879 
-8.654806137084961, 9.995331764221191 
-8.139424324035645, 9.413575172424316 
-8.847119331359863, 10.214886665344238 
-8.876885414123535, 10.261089324951172 
-8.503647804260254, 9.818655967712402 
-6.149785995483398, 7.081672191619873 
-7.030625343322754, 8.147507667541504 
7.480018615722656, -8.797722816467285 
-8.760699272155762, 10.17602252960205 
0.6409276127815247, -0.8098531365394592 
-8.72863483428955, 10.123900413513184 
-6.563381195068359, 7.5368218421936035 
7.764386177062988, -9.06438159942627 
-8.548465728759766, 9.856527328491211 
-2.2546448707580566, 2.571204423904419 
-5.7939300537109375, 6.654483318328857 
9.535740852355957, -11.136444091796875 
-5.197906017303467, 5.989338397979736 
-8.218414306640625, 9.548041343688965 
7.580009460449219, -8.912735939025879 
7.44930362701416, -8.747507095336914 
-7.095616340637207, 8.139426231384277 
7.455949306488037, -8.7597017288208 
-7.837610721588135, 9.101522445678711 
7.443984031677246, -8.711983680725098 
-7.949248313903809, 9.184755325317383 
6.122365951538086, -7.138787746429443 
-6.912630081176758, 7.944190979003906 
8.093421936035156, -9.46893310546875 
6.459973335266113, -7.602624416351318 
4.708141326904297, -5.586126804351807 
-7.778689384460449, 8.9591703414917 
7.362192153930664, -8.645323753356934 
-9.4966459274292, 10.973804473876953 
-7.075802326202393, 8.206719398498535 
8.877922058105469, -10.386886596679688 
-6.480484962463379, 7.436346054077148 
-7.690028190612793, 8.870813369750977 
6.481361389160156, -7.594145774841309 
-4.026756286621094, 4.61377477645874 
-9.210345268249512, 10.666666030883789 
-7.79548978805542, 9.06032657623291 
8.00694465637207, -9.403340339660645 
7.544841766357422, -8.815649032592773 
7.499651908874512, -8.829289436340332 
6.584218978881836, -7.789083480834961 
7.735552787780762, -9.068896293640137 
0.015536805614829063, -0.10011955350637436 
-2.553408622741699, 2.8940274715423584 
-4.09323787689209, 4.7006354331970215 
-7.999277591705322, 9.171006202697754 
8.47315502166748, -9.940139770507812 
6.684967041015625, -7.868354320526123 
-8.856949806213379, 10.272467613220215 
-8.546242713928223, 9.83801555633545 
-6.045595169067383, 7.010763645172119 
0.34063777327537537, -0.43391674757003784 
-8.888551712036133, 10.303516387939453 
-8.716711044311523, 10.051990509033203 
9.227734565734863, -10.731589317321777 
6.989128589630127, -8.167577743530273 
8.892033576965332, -10.395869255065918 
7.512850761413574, -8.77037525177002 
-6.639982223510742, 7.679470539093018 
5.073363304138184, -5.9719414710998535 
7.607208728790283, -8.917731285095215 
4.5185747146606445, -5.267874717712402 
8.944513320922852, -10.4789457321167 
-7.778144359588623, 9.008137702941895 
4.531980037689209, -5.365752696990967 
7.6122026443481445, -8.897500991821289 
8.432061195373535, -9.87265682220459 
-5.4353461265563965, 6.235064506530762 
-7.042415618896484, 8.189629554748535 
4.658529281616211, -5.518184185028076 
5.10234260559082, -6.039047718048096 
8.411975860595703, -9.865796089172363 
-3.102358818054199, 3.5849268436431885 
-8.562643051147461, 9.901930809020996 
7.252225875854492, -8.457487106323242 
-6.785797595977783, 7.810481071472168 
9.735136985778809, -11.3432035446167 
7.914196968078613, -9.248124122619629 
8.846430778503418, -10.365612983703613 
5.8981451988220215, -6.891298294067383 
-9.17688274383545, 10.622775077819824 
-9.424918174743652, 10.88611888885498 
-0.19791093468666077, 0.13262684643268585 
8.259116172790527, -9.695700645446777 
9.112215995788574, -10.695008277893066 
-0.08400953561067581, 0.05923466384410858 
-8.465250015258789, 9.780442237854004 
-8.079681396484375, 9.361425399780273 
9.031087875366211, -10.574856758117676 
3.6087045669555664, -4.214378833770752 
8.335299491882324, -9.720401763916016 
6.440086364746094, -7.5479230880737305 
5.726957321166992, -6.741758346557617 
-2.0334513187408447, 2.3498075008392334 
-6.869317054748535, 7.96998929977417 
-6.604833602905273, 7.5871806144714355 
9.376446723937988, -10.972684860229492 
7.953762531280518, -9.333422660827637 
7.637560844421387, -8.959482192993164 
9.653926849365234, -11.322501182556152 
10.063502311706543, -11.747784614562988 
-9.484902381896973, 10.960633277893066 
-9.244510650634766, 10.67676830291748 
3.6706371307373047, -4.325592994689941 
9.418794631958008, -11.021409034729004 
-8.32575511932373, 9.65024185180664 
-7.46292781829834, 8.5807523727417 
2.6903090476989746, -3.2145893573760986 
8.925978660583496, -10.485413551330566 
-9.754101753234863, 11.288387298583984 
-8.153027534484863, 9.440447807312012 
7.065913200378418, -8.305418968200684 
8.586883544921875, -10.082008361816406 
-1.3787052631378174, 1.5107959508895874 
6.423608303070068, -7.569056987762451 
7.261413097381592, -8.503172874450684 
3.406435251235962, -4.086167812347412 
-0.9932291507720947, 0.999822735786438 
-8.261378288269043, 9.498602867126465 
9.302289962768555, -10.835082054138184 
-2.5628881454467773, 2.9700162410736084 
-8.021872520446777, 9.210121154785156 
8.789155006408691, -10.301003456115723 
6.9447431564331055, -8.138222694396973 
-8.334505081176758, 9.685678482055664 
8.673115730285645, -10.140164375305176 
-8.5942964553833, 9.925581932067871 
2.9157938957214355, -3.4628310203552246 
-0.9967569708824158, 1.1044994592666626 
-9.530814170837402, 11.002700805664062 
8.732647895812988, -10.216517448425293 
9.815217018127441, -11.469298362731934 
-7.052205562591553, 8.055706977844238 
6.824982643127441, -8.046346664428711 
8.480380058288574, -9.931649208068848 
-7.670949459075928, 8.861454963684082 
-9.210555076599121, 10.635743141174316 
8.532614707946777, -9.97685432434082 
7.632907390594482, -8.968733787536621 
6.693192481994629, -7.865599155426025 
8.929292678833008, -10.454339027404785 
6.449488639831543, -7.5581955909729 
-7.177914619445801, 8.222756385803223 
9.734241485595703, -11.370165824890137 
8.308197975158691, -9.755228996276855 
3.969376564025879, -4.724123477935791 
2.677239418029785, -3.2115299701690674 
8.978187561035156, -10.51425838470459 
-8.336974143981934, 9.626245498657227 
-8.787603378295898, 10.208064079284668 
-7.923098087310791, 9.125473976135254 
6.855801582336426, -8.021499633789062 
-7.547837257385254, 8.7490816116333 
-7.632936477661133, 8.791118621826172 
-8.986699104309082, 10.370808601379395 
-9.360852241516113, 10.86229419708252 
8.399582862854004, -9.895273208618164 
-9.551810264587402, 11.058449745178223 
5.978629112243652, -7.015239238739014 
-9.270503044128418, 10.742441177368164 
7.490787506103516, -8.768869400024414 
7.668186664581299, -8.936641693115234 
9.577242851257324, -11.210479736328125 
-5.095398426055908, 5.832315921783447 
8.756568908691406, -10.237793922424316 
7.284392356872559, -8.568246841430664 
9.080199241638184, -10.6477632522583 
-6.613956451416016, 7.653403282165527 
9.058249473571777, -10.545090675354004 
8.20247745513916, -9.618494033813477 
-8.967938423156738, 10.355382919311523 
8.069926261901855, -9.430378913879395 
-5.675482749938965, 6.490803241729736 
-8.053621292114258, 9.27109432220459 
-9.10006332397461, 10.530966758728027 
8.242919921875, -9.67005443572998 
8.109109878540039, -9.443217277526855 
8.172911643981934, -9.554272651672363 
8.57800006866455, -10.009973526000977 
-5.968201637268066, 6.8650031089782715 
-8.799753189086914, 10.171465873718262 
8.458727836608887, -9.940353393554688 
-7.410981178283691, 8.607745170593262 
9.360687255859375, -10.923768043518066 
-2.0009219646453857, 2.1979072093963623 
7.993793487548828, -9.379941940307617 
-9.127436637878418, 10.602818489074707 
8.030821800231934, -9.440812110900879 
7.960538864135742, -9.275004386901855 
8.455920219421387, -9.908246040344238 
-8.586455345153809, 9.8966646194458 
7.176845550537109, -8.412901878356934 
7.863247871398926, -9.224632263183594 
-1.8400200605392456, 2.0604984760284424 
6.682551383972168, -7.798168182373047 
-8.097793579101562, 9.325438499450684 
4.828884124755859, -5.705832481384277 
8.240005493164062, -9.661343574523926 
-5.865557670593262, 6.692139148712158 
-0.8200675845146179, 0.9190499782562256 
-4.844074249267578, 5.59946870803833 
-9.316000938415527, 10.811915397644043 
9.084782600402832, -10.614851951599121 
-7.455571174621582, 8.570337295532227 
-7.848825931549072, 9.102069854736328 
-7.757845878601074, 8.997106552124023 
6.587944507598877, -7.72839879989624 
-2.996403217315674, 3.4844918251037598 
3.1678626537323, -3.8171181678771973 
8.925375938415527, -10.417265892028809 
-8.510519027709961, 9.811015129089355 
8.4685697555542, -9.907122611999512 
-4.023764133453369, 4.622997760772705 
9.582179069519043, -11.21324348449707 
-6.538055419921875, 7.467319965362549 
-7.393199920654297, 8.487199783325195 
-7.385558128356934, 8.493814468383789 
8.340292930603027, -9.729259490966797 
-2.5966668128967285, 2.966397523880005 
-5.814074516296387, 6.7106614112854 
-7.675481796264648, 8.864520072937012 
8.36197566986084, -9.827178955078125 
6.072958946228027, -7.18740177154541 
-9.742636680603027, 11.25357723236084 
6.671069145202637, -7.8307271003723145 
-8.792569160461426, 10.13023567199707 
-7.105297088623047, 8.187363624572754 
-8.221450805664062, 9.474675178527832 
-6.329986572265625, 7.272904872894287 
7.303346157073975, -8.556143760681152 
6.59934139251709, -7.765105247497559 
6.932241439819336, -8.121848106384277 
-9.19214153289795, 10.605191230773926 
9.277810096740723, -10.8345308303833 
-4.92302131652832, 5.587625026702881 
7.159605503082275, -8.396048545837402 
-9.091143608093262, 10.513813018798828 
-9.222363471984863, 10.630707740783691 
-4.485994815826416, 5.059483051300049 
9.485435485839844, -11.077496528625488 
8.8107271194458, -10.250277519226074 
9.376272201538086, -10.973580360412598 
9.526938438415527, -11.112188339233398 
4.889924049377441, -5.757976055145264 
0.6467536091804504, -0.8571050763130188 
7.344547748565674, -8.602585792541504 
-7.913259506225586, 9.103254318237305 
-9.588231086730957, 11.06998348236084 
7.721242904663086, -9.058735847473145 
0.13316014409065247, -0.22770743072032928 
-8.135183334350586, 9.339018821716309 
-6.893891334533691, 7.907975673675537 
8.058568000793457, -9.428282737731934 
-8.3407564163208, 9.708107948303223 
8.986258506774902, -10.530011177062988 
-7.2053422927856445, 8.369695663452148 
6.949763298034668, -8.15039348602295 
-8.37287712097168, 9.698342323303223 
8.085089683532715, -9.459076881408691 
8.5248441696167, -9.976828575134277 
-6.958317756652832, 8.065447807312012 
5.5736083984375, -6.618564605712891 
9.087998390197754, -10.622344017028809 
8.638282775878906, -10.07642650604248 
5.894919395446777, -6.9291791915893555 
3.099094867706299, -3.6206350326538086 
7.6212968826293945, -8.891810417175293 
7.916913986206055, -9.279986381530762 
2.339268684387207, -2.8341057300567627 
-7.762320041656494, 8.949949264526367 
9.208318710327148, -10.765639305114746 
-4.702599048614502, 5.44505500793457 
-7.191540241241455, 8.260491371154785 
-9.101218223571777, 10.548833847045898 
-6.415439128875732, 7.3796257972717285 
8.102829933166504, -9.52379322052002 
8.893294334411621, -10.367302894592285 
4.384274482727051, -5.201990604400635 
8.439230918884277, -9.91091251373291 
8.109734535217285, -9.474266052246094 
-7.442869663238525, 8.55410099029541 
3.385730743408203, -4.056732654571533 
-3.5145578384399414, 3.948910713195801 
-9.06384563446045, 10.493145942687988 
-8.989933967590332, 10.424609184265137 
8.227766036987305, -9.654233932495117 
-8.29865837097168, 9.547459602355957 
-6.104601860046387, 7.033650875091553 
-8.770724296569824, 10.13050651550293 
-4.810090065002441, 5.5308356285095215 
-6.247738838195801, 7.24245023727417 
-5.163017272949219, 5.987193584442139 
3.8881654739379883, -4.599339485168457 
9.931856155395508, -11.674098014831543 
-9.452914237976074, 10.963410377502441 
6.479127883911133, -7.620135307312012 
-0.8747759461402893, 0.9349777102470398 
-7.649270057678223, 8.833510398864746 
-3.8599190711975098, 4.411455154418945 
7.74007511138916, -9.093663215637207 
4.389660835266113, -5.204540729522705 
-8.809317588806152, 10.199999809265137 
8.8793306350708, -10.38663387298584 
-8.38160514831543, 9.63962459564209 
-7.241639614105225, 8.341036796569824 
-8.774666786193848, 10.124698638916016 
5.7527313232421875, -6.77687406539917 
-8.408812522888184, 9.711499214172363 
5.148953914642334, -6.010367393493652 
10.894804000854492, -12.7293701171875 
6.694964408874512, -7.885744094848633 
-9.260305404663086, 10.704020500183105 
8.61447811126709, -10.06428050994873 
-8.198185920715332, 9.46615219116211 
-8.996347427368164, 10.39199161529541 
6.704926490783691, -7.833895206451416 
5.295518398284912, -6.177617073059082 
8.717931747436523, -10.17122745513916 
8.907950401306152, -10.41222095489502 
8.403656005859375, -9.82060718536377 
6.684739112854004, -7.827332019805908 
1.9791736602783203, -2.4030234813690186 
-7.624363899230957, 8.774165153503418 
-7.5263237953186035, 8.703564643859863 
8.13364028930664, -9.532612800598145 
-8.37863540649414, 9.707674980163574 
6.359148979187012, -7.501344680786133 
8.314963340759277, -9.751374244689941 
6.879431247711182, -8.053109169006348 
7.893092155456543, -9.272514343261719 
7.710111618041992, -9.011592864990234 
-3.0337162017822266, 3.3937251567840576 
-8.665360450744629, 10.071915626525879 
8.497761726379395, -9.95581340789795 
-6.783054351806641, 7.820614814758301 
-6.126188278198242, 7.014044284820557 
-8.58333683013916, 9.882353782653809 
7.012826442718506, -8.242552757263184 
-2.1814470291137695, 2.5023725032806396 
4.018797397613525, -4.7276611328125 
1.4777753353118896, -1.7849043607711792 
-8.910346031188965, 10.297045707702637 
-9.142107963562012, 10.590697288513184 
-8.69354248046875, 10.039750099182129 
5.227941036224365, -6.1861891746521 
5.820128440856934, -6.804011344909668 
7.9633893966674805, -9.33665943145752 
8.089658737182617, -9.493122100830078 
2.3045058250427246, -2.7319281101226807 
7.37593936920166, -8.61928939819336 
8.358405113220215, -9.763136863708496 
6.378756046295166, -7.513091564178467 
-9.106741905212402, 10.523728370666504 
4.899905204772949, -5.788717746734619 
-3.3908462524414062, 3.910944700241089 
-4.476473331451416, 5.187654972076416 
7.602823734283447, -8.923518180847168 
-2.776036024093628, 3.1603543758392334 
1.7891894578933716, -2.1371138095855713 
6.637880802154541, -7.842487812042236 
8.238554954528809, -9.67204475402832 
8.077564239501953, -9.45759105682373 
8.1509370803833, -9.538650512695312 
0.24360346794128418, -0.37098586559295654 
-8.263443946838379, 9.55979061126709 
-7.585927963256836, 8.700308799743652 
7.120659828186035, -8.35237979888916 
-5.619197845458984, 6.452438831329346 
5.787402153015137, -6.854715824127197 
-7.9275102615356445, 9.169916152954102 
8.324256896972656, -9.739747047424316 
-8.257564544677734, 9.527467727661133 
7.416443824768066, -8.658988952636719 
-5.9285430908203125, 6.7955522537231445 
6.240281105041504, -7.33298921585083 
-9.633386611938477, 11.133488655090332 
8.932181358337402, -10.457975387573242 
-7.51106595993042, 8.691828727722168 
-7.701384544372559, 8.844615936279297 
-8.601214408874512, 9.941374778747559 
8.729462623596191, -10.216264724731445 
6.8164591789245605, -8.001381874084473 
-8.599347114562988, 9.977082252502441 
7.715839385986328, -9.088616371154785 
8.564623832702637, -10.016167640686035 
7.994688034057617, -9.344719886779785 
8.302536010742188, -9.746201515197754 
-8.5831937789917, 9.952722549438477 
-5.571590423583984, 6.390305995941162 
-8.842659950256348, 10.209227561950684 
-0.18526367843151093, 0.1872931867837906 
1.1953182220458984, -1.4676340818405151 
-6.968224048614502, 8.073458671569824 
-9.272692680358887, 10.714934349060059 
-8.85064697265625, 10.198996543884277 
-3.8251900672912598, 4.457005023956299 
8.88068675994873, -10.364869117736816 
5.492733955383301, -6.470370769500732 
-9.420587539672852, 10.876046180725098 
-9.351923942565918, 10.794620513916016 
7.754982948303223, -9.092398643493652 
8.033486366271973, -9.4437894821167 
8.484740257263184, -9.920174598693848 
-7.360832214355469, 8.453177452087402 
9.046862602233887, -10.575272560119629 
4.352667808532715, -5.269792556762695 
1.8747260570526123, -2.316617250442505 
9.065162658691406, -10.592035293579102 
-9.352837562561035, 10.818120956420898 
9.51557731628418, -11.106379508972168 
3.554225206375122, -4.165888786315918 
-7.545780181884766, 8.750762939453125 
7.168947219848633, -8.399079322814941 
-6.28346061706543, 7.2161173820495605 
8.978487968444824, -10.52921199798584 
7.965457916259766, -9.317439079284668 
3.7447214126586914, -4.412153720855713 
-5.457854270935059, 6.2603278160095215 
-9.268957138061523, 10.69251823425293 
8.325186729431152, -9.766034126281738 
8.772571563720703, -10.299199104309082 
6.467076301574707, -7.57435417175293 
6.541589260101318, -7.67662239074707 
9.198466300964355, -10.7903413772583 
-6.065313339233398, 7.019069194793701 
-8.20864200592041, 9.557158470153809 
-9.348937034606934, 10.816178321838379 
5.737510681152344, -6.8150529861450195 
8.188876152038574, -9.628314971923828 
-8.337079048156738, 9.63916301727295 
-6.4341020584106445, 7.4056715965271 
8.516701698303223, -9.969551086425781 
-9.06760311126709, 10.506568908691406 
-8.031891822814941, 9.310296058654785 
5.826251983642578, -6.910332202911377 
-7.455028057098389, 8.620598793029785 
-7.437938690185547, 8.603177070617676 
-6.97739839553833, 8.003792762756348 
8.632140159606934, -10.098992347717285 
-2.921628713607788, 3.295517683029175 
9.847943305969238, -11.48857307434082 
9.442169189453125, -11.05444049835205 
-7.53394889831543, 8.746914863586426 
-5.177536964416504, 5.979520797729492 
-7.199219703674316, 8.334748268127441 
-6.814415454864502, 7.775837421417236 
-9.124817848205566, 10.548380851745605 
-8.789972305297852, 10.1727933883667 
8.505023002624512, -9.966285705566406 
4.509804725646973, -5.352941989898682 
7.343003273010254, -8.590193748474121 
8.747786521911621, -10.240639686584473 
5.368070602416992, -6.384227752685547 
-8.495362281799316, 9.779091835021973 
8.333067893981934, -9.752342224121094 
9.222430229187012, -10.805262565612793 
9.529129028320312, -11.15906047821045 
-3.9916629791259766, 4.52975606918335 
-7.862537384033203, 9.070466041564941 
-0.168567955493927, 0.05435105785727501 
8.011086463928223, -9.399042129516602 
-8.668657302856445, 10.039145469665527 
-7.444431781768799, 8.566575050354004 
7.577570915222168, -8.923842430114746 
10.508940696716309, -12.288914680480957 
7.9742021560668945, -9.336654663085938 
0.15313395857810974, -0.28688865900039673 
-8.589631080627441, 9.898634910583496 
5.952688217163086, -7.010962009429932 
-8.605412483215332, 9.96886920928955 
-8.41336727142334, 9.74223804473877 
-7.297031402587891, 8.4247465133667 
7.553473472595215, -8.874665260314941 
6.920433044433594, -8.132384300231934 
5.213622570037842, -6.166845798492432 
-9.855257987976074, 11.40253734588623 
-7.392319679260254, 8.54629898071289 
6.769556045532227, -7.957706451416016 
4.498409271240234, -5.3531599044799805 
-6.070910453796387, 7.015324115753174 
-7.607116222381592, 8.764467239379883 
-4.148454666137695, 4.817670822143555 
-7.348515510559082, 8.474823951721191 
-6.496240615844727, 7.54712438583374 
8.614516258239746, -10.061870574951172 
7.669304370880127, -8.962742805480957 
6.6743550300598145, -7.808427333831787 
2.1913609504699707, -2.6169981956481934 
7.811807632446289, -9.225018501281738 
-4.320940971374512, 4.94348669052124 
-6.730002403259277, 7.684290409088135 
7.6504926681518555, -8.9652738571167 
-4.0937652587890625, 4.681833744049072 
9.041607856750488, -10.540438652038574 
9.107809066772461, -10.722491264343262 
-7.516188621520996, 8.644147872924805 
-6.794246673583984, 7.855527400970459 
9.63333797454834, -11.24621295928955 
-9.45628833770752, 10.931841850280762 
-6.805233478546143, 7.865889072418213 
8.645983695983887, -10.136046409606934 
-2.5416131019592285, 2.8792037963867188 
2.8553357124328613, -3.437770366668701 
6.632083415985107, -7.772240161895752 
9.200217247009277, -10.762681007385254 
7.497379302978516, -8.800030708312988 
-8.287208557128906, 9.54861831665039 
-9.620280265808105, 11.105974197387695 
-4.070372581481934, 4.648868560791016 
7.348682403564453, -8.656461715698242 
-3.2706377506256104, 3.766050100326538 
9.678637504577637, -11.29877758026123 
-8.17557144165039, 9.400668144226074 
3.775393009185791, -4.4364519119262695 
-7.956972122192383, 9.209641456604004 
8.10209846496582, -9.453461647033691 
8.48735523223877, -9.98564624786377 
-8.566401481628418, 9.935524940490723 
6.061769485473633, -7.084924697875977 
9.784581184387207, -11.418868064880371 
-6.5651140213012695, 7.484002113342285 
8.571863174438477, -10.057982444763184 
8.580438613891602, -10.034436225891113 
9.0079984664917, -10.585165977478027 
3.4811487197875977, -4.120680332183838 
-9.531665802001953, 11.057988166809082 
-8.514690399169922, 9.860231399536133 
-5.298412322998047, 6.121033191680908 
9.35702133178711, -10.915310859680176 
-6.657118320465088, 7.704698085784912 
-8.901308059692383, 10.29223918914795 
-7.1300201416015625, 8.223275184631348 
-5.287511825561523, 6.168748378753662 
8.207413673400879, -9.642585754394531 
8.053441047668457, -9.457450866699219 
9.420597076416016, -11.020160675048828 
9.098167419433594, -10.636645317077637 
8.453778266906738, -9.893891334533691 
-8.7881441116333, 10.151753425598145 
9.978192329406738, -11.685354232788086 
-9.267369270324707, 10.708891868591309 
0.31946316361427307, -0.5080901384353638 
7.906369209289551, -9.270816802978516 
-1.6674318313598633, 1.7947295904159546 
-8.778759956359863, 10.15919303894043 
-8.359434127807617, 9.627266883850098 
-4.977302074432373, 5.694075107574463 
-8.20152759552002, 9.430441856384277 
-9.349939346313477, 10.800309181213379 
7.161135673522949, -8.426600456237793 
-8.783015251159668, 10.189913749694824 
0.7535417079925537, -1.0348594188690186 
-8.765437126159668, 10.148519515991211 
-8.852365493774414, 10.253254890441895 
9.515599250793457, -11.146026611328125 
-5.1817121505737305, 5.880460262298584 
-7.951176643371582, 9.201163291931152 
-9.347477912902832, 10.80024528503418 
5.197734832763672, -6.15281867980957 
-8.147669792175293, 9.366400718688965 
-5.894543647766113, 6.744719982147217 
3.010470151901245, -3.6412243843078613 
-8.279427528381348, 9.568507194519043 
8.456599235534668, -9.879217147827148 
3.036646842956543, -3.612905740737915 
-9.50087833404541, 10.982890129089355 
0.9084596037864685, -1.2139378786087036 
-8.500060081481934, 9.785569190979004 
8.986172676086426, -10.51758861541748 
-4.125020503997803, 4.686099529266357 
-7.377712249755859, 8.537703514099121 
-3.9917831420898438, 4.609111309051514 
-6.425836563110352, 7.3642072677612305 
9.511168479919434, -11.081746101379395 
-1.3432422876358032, 1.4742988348007202 
-6.15447998046875, 7.135665416717529 
-6.915149688720703, 7.8995561599731445 
-3.1992225646972656, 3.6497087478637695 
8.858026504516602, -10.36973762512207 
-9.764693260192871, 11.302457809448242 
-8.815049171447754, 10.222918510437012 
3.547330141067505, -4.1938276290893555 
-6.440891265869141, 7.492990970611572 
-8.149442672729492, 9.457011222839355 
8.898897171020508, -10.417476654052734 
-6.335498809814453, 7.236833572387695 
8.394639015197754, -9.836670875549316 
-9.468483924865723, 10.942829132080078 
-4.939029693603516, 5.654721736907959 
10.508111000061035, -12.302607536315918 
-3.7839980125427246, 4.306869029998779 
2.872009515762329, -3.3710193634033203 
4.683405876159668, -5.557264804840088 
-7.171075820922852, 8.293913841247559 
-4.803132057189941, 5.4803147315979 
5.760501861572266, -6.761723518371582 
8.627816200256348, -10.09584903717041 
7.100080490112305, -8.302155494689941 
-9.272778511047363, 10.739739418029785 
10.035181999206543, -11.76123332977295 
-3.156187057495117, 3.5750892162323 
6.024737358093262, -7.110630035400391 
4.900365352630615, -5.744655609130859 
0.6530357003211975, -0.8607320785522461 
7.342292308807373, -8.55860710144043 
-0.5933229327201843, 0.6492263078689575 
8.362238883972168, -9.77662181854248 
-5.012872695922852, 5.8067946434021 
-7.634334564208984, 8.819971084594727 
-8.389923095703125, 9.725125312805176 
6.917967796325684, -8.112391471862793 
8.381132125854492, -9.782530784606934 
-8.919167518615723, 10.297307968139648 
8.5084810256958, -9.91980266571045 
8.747044563293457, -10.240341186523438 
8.83288288116455, -10.299866676330566 
-6.544012069702148, 7.555907249450684 
8.18967342376709, -9.54173755645752 
8.949813842773438, -10.447887420654297 
-5.560635566711426, 6.3961896896362305 
0.5749712586402893, -0.729182779788971 
8.52280330657959, -9.952231407165527 
8.606024742126465, -10.04467487335205 
8.103626251220703, -9.511897087097168 
-7.260889053344727, 8.4110746383667 
-6.750737190246582, 7.777709484100342 
7.751926422119141, -9.054264068603516 
9.31612777709961, -10.920872688293457 
3.3896021842956543, -4.033626079559326 
-2.7776596546173096, 3.1717851161956787 
-8.97773265838623, 10.352993965148926 
-7.488059997558594, 8.611090660095215 
-6.536535263061523, 7.544672012329102 
5.91126823425293, -6.986786842346191 
5.334731101989746, -6.302707195281982 
-4.503627300262451, 5.1416168212890625 
-7.9831624031066895, 9.236955642700195 
-6.673137664794922, 7.717493534088135 
7.267337799072266, -8.544713973999023 
-5.471234321594238, 6.3150954246521 
9.376118659973145, -10.977456092834473 
7.462613582611084, -8.765664100646973 
8.588841438293457, -10.055784225463867 
-8.731882095336914, 10.093796730041504 
-8.324945449829102, 9.606903076171875 
-8.565871238708496, 9.883893013000488 
-9.051640510559082, 10.447040557861328 
-6.85614013671875, 7.848461627960205 
-7.799846649169922, 8.958678245544434 
-6.9591474533081055, 7.985003471374512 
-6.783380508422852, 7.851009845733643 
-8.885554313659668, 10.2964506149292 
9.571002006530762, -11.191224098205566 
7.951199054718018, -9.33096981048584 
-9.387121200561523, 10.848665237426758 
-3.8207650184631348, 4.3589630126953125 
-9.118703842163086, 10.5371732711792 
