7.023927211761475, -8.262593269348145 
-6.29526948928833, 7.286949157714844 
8.973088264465332, -10.492255210876465 
8.811662673950195, -10.316465377807617 
7.924098491668701, -9.255064964294434 
-8.920540809631348, 10.295323371887207 
-7.66617488861084, 8.794440269470215 
2.0656988620758057, -2.475153923034668 
7.829899787902832, -9.189790725708008 
-5.230755805969238, 5.969138145446777 
7.262518405914307, -8.501137733459473 
2.9547345638275146, -3.4583380222320557 
8.510795593261719, -9.965106964111328 
8.050397872924805, -9.419290542602539 
-9.130104064941406, 10.548336029052734 
-2.6487820148468018, 2.9880428314208984 
7.960986614227295, -9.354155540466309 
8.316949844360352, -9.70962142944336 
8.295403480529785, -9.742791175842285 
-3.5375235080718994, 3.988064765930176 
1.8867181539535522, -2.3212735652923584 
8.863155364990234, -10.381385803222656 
0.23776310682296753, -0.3503107726573944 
-9.34239387512207, 10.792732238769531 
-9.547182083129883, 11.029207229614258 
-7.412988662719727, 8.515881538391113 
8.495267868041992, -9.957366943359375 
-2.2869653701782227, 2.5153448581695557 
1.5112665891647339, -1.8882083892822266 
-6.809553623199463, 7.868885040283203 
-9.029973030090332, 10.45068359375 
7.853739261627197, -9.203288078308105 
6.709309101104736, -7.877508163452148 
-6.252004146575928, 7.147231101989746 
6.981587886810303, -8.18062973022461 
-7.450220584869385, 8.615804672241211 
8.327116012573242, -9.666165351867676 
-7.639343738555908, 8.853074073791504 
8.685728073120117, -10.164665222167969 
-3.145859956741333, 3.513298273086548 
9.713930130004883, -11.306591033935547 
8.020570755004883, -9.391518592834473 
4.268868923187256, -4.995912551879883 
6.998999118804932, -8.228407859802246 
-7.393852710723877, 8.487351417541504 
-8.782106399536133, 10.117955207824707 
-6.283925533294678, 7.173933029174805 
-8.599808692932129, 9.917333602905273 
-6.190440654754639, 7.15394401550293 
-9.148003578186035, 10.55778980255127 
8.178413391113281, -9.61136531829834 
7.26125955581665, -8.542967796325684 
-7.907524108886719, 9.175582885742188 
3.5998048782348633, -4.2148637771606445 
-7.379753589630127, 8.538723945617676 
7.73711633682251, -9.09168815612793 
-7.508876323699951, 8.655925750732422 
-9.465660095214844, 10.977499961853027 
-0.8044179677963257, 0.8057606816291809 
-7.788392066955566, 9.015735626220703 
-8.73430061340332, 10.124356269836426 
6.963613510131836, -8.189776420593262 
6.433262348175049, -7.559361457824707 
-8.271419525146484, 9.6074800491333 
6.931711196899414, -8.123248100280762 
-2.486750841140747, 2.7600910663604736 
7.140573978424072, -8.390413284301758 
-8.464137077331543, 9.780407905578613 
-8.790266990661621, 10.148341178894043 
-1.1819771528244019, 1.3021466732025146 
7.556337833404541, -8.84782600402832 
-7.007296562194824, 8.073931694030762 
-8.400402069091797, 9.658029556274414 
3.0069100856781006, -3.551116704940796 
7.872710704803467, -9.184629440307617 
-7.932480335235596, 9.167073249816895 
8.38166618347168, -9.803296089172363 
-1.8857030868530273, 2.104078531265259 
-9.457948684692383, 10.922102928161621 
8.622509002685547, -10.042366981506348 
8.313606262207031, -9.71614933013916 
-9.754206657409668, 11.280562400817871 
-8.220329284667969, 9.44128704071045 
-8.404460906982422, 9.707598686218262 
-9.217812538146973, 10.669974327087402 
6.273187160491943, -7.3687357902526855 
7.923977375030518, -9.22653865814209 
-9.1936674118042, 10.676002502441406 
-9.43171215057373, 10.890671730041504 
3.6521828174591064, -4.32192325592041 
9.385981559753418, -10.94124698638916 
-5.969998836517334, 6.929198265075684 
-5.914758205413818, 6.800106525421143 
-9.641236305236816, 11.185606956481934 
-7.965930461883545, 9.236981391906738 
9.379083633422852, -10.960420608520508 
7.905823707580566, -9.229662895202637 
8.568069458007812, -10.014410972595215 
-6.967610836029053, 8.033110618591309 
8.60013198852539, -10.067745208740234 
1.6902868747711182, -2.0556390285491943 
8.714593887329102, -10.2210054397583 
-5.467947959899902, 6.3174028396606445 
-6.351274013519287, 7.2891364097595215 
7.77620792388916, -9.112115859985352 
4.0746893882751465, -4.778057098388672 
-9.666440963745117, 11.187968254089355 
10.540085792541504, -12.288240432739258 
-2.616021156311035, 2.96447491645813 
-7.662750244140625, 8.899916648864746 
-8.60615348815918, 9.91150951385498 
7.028096675872803, -8.23955249786377 
-8.856719970703125, 10.204227447509766 
6.469444274902344, -7.622920989990234 
8.145515441894531, -9.523663520812988 
-6.149470806121826, 7.074726104736328 
-4.531006336212158, 5.1820292472839355 
-5.1143269538879395, 5.827622413635254 
-8.078071594238281, 9.307509422302246 
-7.5403828620910645, 8.668378829956055 
-9.129817962646484, 10.583580017089844 
-8.907509803771973, 10.289729118347168 
6.940114974975586, -8.152369499206543 
7.773208141326904, -9.086931228637695 
7.635273456573486, -8.950222969055176 
-9.478883743286133, 10.961519241333008 
8.134512901306152, -9.557528495788574 
-8.567790985107422, 9.897154808044434 
-6.956966876983643, 8.01742935180664 
7.300877094268799, -8.569271087646484 
-1.995220422744751, 2.2422139644622803 
8.229945182800293, -9.670988082885742 
-6.422637462615967, 7.348162651062012 
-6.324783802032471, 7.23628044128418 
7.789510250091553, -9.13438892364502 
-8.363449096679688, 9.694123268127441 
8.77176284790039, -10.230864524841309 
-8.882657051086426, 10.302499771118164 
-9.3118314743042, 10.752893447875977 
-9.088062286376953, 10.549500465393066 
7.551028251647949, -8.858622550964355 
7.214417934417725, -8.471186637878418 
9.27320384979248, -10.854227066040039 
9.75598430633545, -11.401199340820312 
-8.917339324951172, 10.310977935791016 
-6.07715368270874, 6.972191333770752 
-9.010725021362305, 10.379311561584473 
9.292753219604492, -10.897337913513184 
-7.571362018585205, 8.749791145324707 
7.114574909210205, -8.364022254943848 
-9.458942413330078, 10.937941551208496 
-8.63720989227295, 10.02988052368164 
-6.987568378448486, 8.001727104187012 
8.200902938842773, -9.566845893859863 
-7.675004482269287, 8.853615760803223 
-8.292521476745605, 9.54745101928711 
-0.1944955736398697, 0.18702509999275208 
7.036584377288818, -8.243635177612305 
-9.200927734375, 10.649822235107422 
-9.644330978393555, 11.142102241516113 
-7.684284210205078, 8.912299156188965 
-9.113276481628418, 10.523307800292969 
-8.599785804748535, 9.967818260192871 
-9.241949081420898, 10.704723358154297 
-9.426003456115723, 10.875840187072754 
-5.349362373352051, 6.198025703430176 
-8.15480899810791, 9.400405883789062 
7.771730899810791, -9.102241516113281 
2.2250025272369385, -2.694347620010376 
8.794917106628418, -10.264802932739258 
8.24201774597168, -9.634770393371582 
-1.8024722337722778, 2.0544464588165283 
7.6891560554504395, -9.021913528442383 
6.209303855895996, -7.309216499328613 
-6.178285121917725, 7.163750648498535 
-8.13646125793457, 9.442501068115234 
-6.872540473937988, 7.924827575683594 
-8.849733352661133, 10.258353233337402 
9.748910903930664, -11.422410011291504 
-7.3261542320251465, 8.42452335357666 
8.581186294555664, -10.041815757751465 
-5.628052234649658, 6.489410400390625 
-8.405373573303223, 9.673762321472168 
-8.481535911560059, 9.758158683776855 
6.664305210113525, -7.8101701736450195 
8.881616592407227, -10.38556957244873 
4.975473880767822, -5.827305793762207 
8.341329574584961, -9.77875804901123 
-8.507661819458008, 9.852601051330566 
-9.387493133544922, 10.858199119567871 
6.364366054534912, -7.4607648849487305 
8.147907257080078, -9.560285568237305 
7.269907474517822, -8.509053230285645 
6.716101169586182, -7.851962566375732 
5.601994037628174, -6.617195129394531 
-6.068410873413086, 6.966202735900879 
-1.1596359014511108, 1.2766573429107666 
-7.799581050872803, 9.032483100891113 
-8.562435150146484, 9.891155242919922 
7.940457820892334, -9.262995719909668 
-8.267069816589355, 9.532544136047363 
-8.114319801330566, 9.335478782653809 
-7.191988945007324, 8.287956237792969 
5.861029148101807, -6.8915300369262695 
5.9888834953308105, -7.076834678649902 
9.664461135864258, -11.304511070251465 
-5.281543254852295, 6.033064365386963 
8.952705383300781, -10.446512222290039 
7.467589378356934, -8.730717658996582 
-2.879946231842041, 3.2124874591827393 
4.769227504730225, -5.625075340270996 
-1.2030730247497559, 1.2656021118164062 
9.108467102050781, -10.596436500549316 
8.390615463256836, -9.857535362243652 
-2.0733892917633057, 2.269132375717163 
8.452320098876953, -9.877640724182129 
7.9737772941589355, -9.303763389587402 
-6.409478664398193, 7.3915510177612305 
6.56047248840332, -7.672346115112305 
-7.974762916564941, 9.176753044128418 
-7.957102298736572, 9.169893264770508 
-6.105531215667725, 6.956382751464844 
-7.471151351928711, 8.647263526916504 
-8.470022201538086, 9.737772941589355 
-6.417405605316162, 7.359165191650391 
-7.248863697052002, 8.387730598449707 
-4.290427207946777, 4.889100074768066 
9.28293228149414, -10.871742248535156 
-8.322885513305664, 9.631342887878418 
2.8591198921203613, -3.3531272411346436 
7.674082279205322, -9.018265724182129 
7.829787254333496, -9.126324653625488 
5.575068950653076, -6.575206756591797 
-4.3865966796875, 4.977274417877197 
-9.003751754760742, 10.389239311218262 
7.87377405166626, -9.215032577514648 
9.065865516662598, -10.565559387207031 
-9.464960098266602, 10.936959266662598 
-6.447792053222656, 7.442619323730469 
-7.777702808380127, 8.924304962158203 
-7.079493045806885, 8.171189308166504 
-6.350776195526123, 7.33060359954834 
-5.307300090789795, 6.068181037902832 
8.362055778503418, -9.79247760772705 
-8.360072135925293, 9.642986297607422 
9.263593673706055, -10.838641166687012 
-8.965265274047852, 10.3735990524292 
6.665203094482422, -7.8645853996276855 
-8.993575096130371, 10.379510879516602 
8.586808204650879, -10.049649238586426 
7.714339733123779, -9.055685997009277 
-8.136738777160645, 9.35289478302002 
-8.669641494750977, 9.978299140930176 
8.74705696105957, -10.274413108825684 
-9.086454391479492, 10.531413078308105 
-9.083986282348633, 10.53154468536377 
-8.552268028259277, 9.925718307495117 
8.574786186218262, -10.027697563171387 
9.899049758911133, -11.565152168273926 
8.716079711914062, -10.181364059448242 
-8.948753356933594, 10.336152076721191 
2.842996120452881, -3.361804485321045 
-8.989021301269531, 10.380768775939941 
5.454529762268066, -6.45985221862793 
9.94011402130127, -11.630064010620117 
-4.792446136474609, 5.556240081787109 
-5.842618465423584, 6.740227699279785 
-1.342352032661438, 1.4396913051605225 
-2.133054733276367, 2.3663339614868164 
8.673454284667969, -10.151535987854004 
-7.410757541656494, 8.600756645202637 
7.850682735443115, -9.20422077178955 
-7.760859966278076, 8.958399772644043 
-8.755195617675781, 10.0752592086792 
-9.296043395996094, 10.710785865783691 
8.658696174621582, -10.101580619812012 
-8.053861618041992, 9.283699035644531 
-8.880108833312988, 10.26716423034668 
0.1264544427394867, -0.25961047410964966 
-5.450328826904297, 6.346453666687012 
-7.759528160095215, 8.945232391357422 
8.0032377243042, -9.365872383117676 
4.289709568023682, -5.075106143951416 
8.262006759643555, -9.645973205566406 
-7.435161590576172, 8.621792793273926 
0.11876486241817474, -0.21933278441429138 
4.656144618988037, -5.555789470672607 
9.130203247070312, -10.679110527038574 
-9.452704429626465, 10.925677299499512 
-3.5546133518218994, 4.019576549530029 
5.009314060211182, -5.892293930053711 
0.34188997745513916, -0.48163944482803345 
9.312812805175781, -10.893704414367676 
7.422555446624756, -8.714386940002441 
-7.456447124481201, 8.578121185302734 
6.908816814422607, -8.104899406433105 
-7.882461071014404, 9.107529640197754 
8.971973419189453, -10.49579906463623 
-8.307568550109863, 9.614555358886719 
-6.089073181152344, 6.966821670532227 
9.575057983398438, -11.18051815032959 
-4.086782455444336, 4.66705322265625 
-7.57381534576416, 8.756760597229004 
-8.984074592590332, 10.402298927307129 
9.029144287109375, -10.550678253173828 
6.074383735656738, -7.120693206787109 
-5.985721111297607, 6.92635440826416 
8.521280288696289, -9.97879695892334 
8.112259864807129, -9.499897956848145 
9.8328275680542, -11.46253776550293 
8.756179809570312, -10.214522361755371 
2.36777400970459, -2.8647851943969727 
7.006924629211426, -8.151450157165527 
-7.601243019104004, 8.778244018554688 
8.247994422912598, -9.630096435546875 
8.196633338928223, -9.594257354736328 
-5.869162559509277, 6.708661079406738 
7.893888473510742, -9.2119779586792 
7.860720157623291, -9.130382537841797 
-8.52425765991211, 9.88291072845459 
-9.117125511169434, 10.531167030334473 
6.488173007965088, -7.640231609344482 
9.173172950744629, -10.780484199523926 
7.924417972564697, -9.304570198059082 
8.08929443359375, -9.517866134643555 
-7.906129360198975, 9.145295143127441 
7.867264270782471, -9.207465171813965 
-8.769369125366211, 10.084299087524414 
-5.3437113761901855, 6.168737411499023 
-7.3070387840271, 8.421884536743164 
5.072027683258057, -5.957595348358154 
-2.0352516174316406, 2.3234620094299316 
-6.426204204559326, 7.379856109619141 
-9.619019508361816, 11.156176567077637 
-8.702691078186035, 10.083317756652832 
1.6929450035095215, -2.0375754833221436 
-4.119695663452148, 4.6916399002075195 
-8.579611778259277, 9.873136520385742 
4.8052873611450195, -5.6483635902404785 
-7.741115093231201, 8.902877807617188 
6.365111827850342, -7.465426445007324 
8.701637268066406, -10.151870727539062 
7.175014019012451, -8.391878128051758 
-8.419794082641602, 9.738795280456543 
6.6583662033081055, -7.832317352294922 
5.749398708343506, -6.746171474456787 
6.77830171585083, -7.9609055519104 
7.3196492195129395, -8.594067573547363 
7.959169864654541, -9.319499969482422 
8.234516143798828, -9.617483139038086 
6.905598163604736, -8.048211097717285 
8.156757354736328, -9.561266899108887 
1.1071585416793823, -1.4387062788009644 
-6.809689998626709, 7.801454544067383 
8.47932243347168, -9.963958740234375 
4.467468738555908, -5.298255920410156 
-8.796060562133789, 10.157313346862793 
-9.534393310546875, 11.033724784851074 
-7.030230522155762, 8.104714393615723 
-9.441661834716797, 10.894780158996582 
7.7089972496032715, -8.985983848571777 
5.4080634117126465, -6.337131500244141 
4.074216365814209, -4.8585124015808105 
-8.683181762695312, 10.033204078674316 
3.757157802581787, -4.417086124420166 
0.21652114391326904, -0.3378649055957794 
6.903323650360107, -8.099488258361816 
-9.32256031036377, 10.810914039611816 
-9.412668228149414, 10.883549690246582 
-7.020270824432373, 8.122832298278809 
8.715892791748047, -10.200955390930176 
-8.97460651397705, 10.404051780700684 
0.01646682806313038, -0.13294415175914764 
9.414786338806152, -10.996546745300293 
0.8014789819717407, -1.0542352199554443 
-6.0227131843566895, 6.965447425842285 
-5.234354496002197, 6.014047622680664 
-6.128840923309326, 7.053079605102539 
6.048703670501709, -7.091543197631836 
7.678183078765869, -9.006499290466309 
8.584815979003906, -10.0349702835083 
8.871370315551758, -10.374323844909668 
7.524951457977295, -8.781937599182129 
-7.272469997406006, 8.3811616897583 
-9.088007926940918, 10.520691871643066 
4.309438705444336, -5.124080181121826 
-7.231980800628662, 8.386107444763184 
4.719640731811523, -5.586223602294922 
-4.742674350738525, 5.513494968414307 
8.361210823059082, -9.773221015930176 
8.687356948852539, -10.162793159484863 
6.352757930755615, -7.395594120025635 
-4.489243984222412, 5.144901275634766 
-8.481878280639648, 9.75451374053955 
7.419650077819824, -8.671854972839355 
6.676777362823486, -7.837982654571533 
-9.01657772064209, 10.424774169921875 
-1.5245777368545532, 1.618707299232483 
1.117034673690796, -1.3768566846847534 
7.204916954040527, -8.460246086120605 
-7.704441547393799, 8.869538307189941 
8.862977981567383, -10.35470199584961 
-8.973220825195312, 10.377102851867676 
8.892276763916016, -10.406907081604004 
-9.620356559753418, 11.097334861755371 
-8.868760108947754, 10.246898651123047 
-7.302232265472412, 8.386861801147461 
3.3890810012817383, -4.012446403503418 
7.511061191558838, -8.79565715789795 
-8.686809539794922, 10.054327964782715 
-7.564415454864502, 8.740631103515625 
7.936919689178467, -9.292716979980469 
-8.852378845214844, 10.225449562072754 
-4.974524021148682, 5.635534286499023 
7.647754669189453, -8.916905403137207 
2.659975528717041, -3.2462069988250732 
-9.121905326843262, 10.524941444396973 
-8.440170288085938, 9.763262748718262 
2.422816276550293, -2.9045705795288086 
-9.821792602539062, 11.374346733093262 
7.715059757232666, -9.02206039428711 
-7.325847625732422, 8.52394962310791 
-9.317933082580566, 10.751882553100586 
-4.095880031585693, 4.644708633422852 
7.32820987701416, -8.56726360321045 
-5.324142932891846, 6.1764607429504395 
6.657612323760986, -7.795034408569336 
-9.347492218017578, 10.81033992767334 
3.066340446472168, -3.597883462905884 
9.784435272216797, -11.42983341217041 
-8.841638565063477, 10.253849983215332 
7.040018081665039, -8.255026817321777 
7.767642021179199, -9.09908676147461 
9.409331321716309, -11.029444694519043 
7.046149253845215, -8.2963228225708 
-8.615060806274414, 9.915376663208008 
-1.4255191087722778, 1.5464129447937012 
-7.780867099761963, 8.921311378479004 
-6.71851921081543, 7.715329170227051 
7.669003009796143, -8.964215278625488 
1.1097956895828247, -1.365965485572815 
-9.141728401184082, 10.603850364685059 
-8.042224884033203, 9.29709243774414 
7.3471150398254395, -8.62363338470459 
8.697088241577148, -10.18830680847168 
9.763781547546387, -11.405966758728027 
6.0559587478637695, -7.109070777893066 
-9.555055618286133, 11.044767379760742 
6.327931880950928, -7.4525146484375 
8.567273139953613, -10.044188499450684 
-9.327007293701172, 10.828389167785645 
-9.049997329711914, 10.492653846740723 
7.844198703765869, -9.131302833557129 
3.7851476669311523, -4.503032207489014 
-9.762761116027832, 11.287285804748535 
4.1294474601745605, -4.959003925323486 
-9.514132499694824, 11.03144359588623 
9.285653114318848, -10.87488842010498 
5.915334224700928, -6.975462913513184 
9.166889190673828, -10.730443000793457 
8.467278480529785, -9.92716121673584 
6.135805606842041, -7.1864824295043945 
-5.359825611114502, 6.128539085388184 
-9.954690933227539, 11.54995346069336 
-6.803832530975342, 7.823655605316162 
-8.08065414428711, 9.296561241149902 
-7.060586929321289, 8.15042781829834 
8.500516891479492, -9.93811321258545 
9.215599060058594, -10.803455352783203 
4.2936859130859375, -5.0545220375061035 
6.780398845672607, -7.976906776428223 
-9.213134765625, 10.61623764038086 
4.466447830200195, -5.252772331237793 
8.535279273986816, -9.925169944763184 
8.525047302246094, -9.980036735534668 
8.924707412719727, -10.408186912536621 
-9.08088207244873, 10.467524528503418 
9.624471664428711, -11.26740837097168 
-6.444797039031982, 7.3912858963012695 
8.918451309204102, -10.412276268005371 
-1.8414697647094727, 2.063568353652954 
6.910327434539795, -8.100736618041992 
4.499432563781738, -5.335914611816406 
8.771883010864258, -10.232882499694824 
4.990106582641602, -5.862603187561035 
-6.911592960357666, 7.956735134124756 
-8.394993782043457, 9.734024047851562 
7.788316249847412, -9.080586433410645 
-9.272571563720703, 10.713506698608398 
-8.616687774658203, 9.933259963989258 
-8.77408504486084, 10.153326988220215 
-8.494041442871094, 9.867527961730957 
7.2204790115356445, -8.438423156738281 
-7.610504627227783, 8.83361530303955 
-9.125143051147461, 10.507763862609863 
-4.886438846588135, 5.647897720336914 
5.8642144203186035, -6.897639274597168 
-8.097597122192383, 9.365023612976074 
2.4615039825439453, -2.9027349948883057 
-8.34815788269043, 9.608454704284668 
8.383140563964844, -9.876444816589355 
-8.91399097442627, 10.310416221618652 
-7.201478481292725, 8.311314582824707 
-5.81122350692749, 6.728774070739746 
8.64614486694336, -10.132220268249512 
8.896400451660156, -10.413000106811523 
-9.42055892944336, 10.899066925048828 
-1.6329654455184937, 1.8726961612701416 
-2.517259120941162, 2.7762749195098877 
-5.169023036956787, 5.977120399475098 
9.197500228881836, -10.71530818939209 
7.279744625091553, -8.526508331298828 
1.531333088874817, -1.859381079673767 
-9.308609008789062, 10.796212196350098 
-7.854097843170166, 9.05154037475586 
7.180055141448975, -8.422696113586426 
9.080044746398926, -10.634038925170898 
1.1022857427597046, -1.389261245727539 
-5.806942462921143, 6.7283616065979 
8.953827857971191, -10.485738754272461 
-0.9249929189682007, 1.0162327289581299 
6.840615272521973, -8.048426628112793 
-5.33133602142334, 6.156409740447998 
-8.502954483032227, 9.807755470275879 
0.8492447137832642, -1.1132841110229492 
3.3739194869995117, -4.022965431213379 
5.07899808883667, -6.010898113250732 
6.303765296936035, -7.373315811157227 
-5.307337284088135, 6.085781097412109 
3.7934625148773193, -4.473095893859863 
1.7298181056976318, -2.115028142929077 
-6.1057209968566895, 7.064688205718994 
-8.915739059448242, 10.283178329467773 
7.266991138458252, -8.5690336227417 
9.12031078338623, -10.674468994140625 
8.581904411315918, -10.049219131469727 
4.529980182647705, -5.311490058898926 
9.455358505249023, -11.03792667388916 
8.849067687988281, -10.358098983764648 
-9.203598022460938, 10.662928581237793 
-8.493876457214355, 9.82072925567627 
8.628742218017578, -10.10766887664795 
-5.798588752746582, 6.65434455871582 
6.118123531341553, -7.138845920562744 
6.921901226043701, -8.072161674499512 
-7.167892932891846, 8.298142433166504 
7.011404991149902, -8.205212593078613 
-9.356298446655273, 10.783232688903809 
8.094184875488281, -9.440289497375488 
-4.672016620635986, 5.311437606811523 
-5.158017635345459, 5.948022842407227 
7.959953784942627, -9.342677116394043 
6.385817050933838, -7.457847595214844 
-8.460508346557617, 9.807211875915527 
7.296800136566162, -8.579974174499512 
-8.963703155517578, 10.347124099731445 
-6.883778095245361, 7.98283576965332 
7.4592108726501465, -8.754761695861816 
1.729775071144104, -2.07352614402771 
-7.610619068145752, 8.800471305847168 
-9.356112480163574, 10.838948249816895 
-4.221065044403076, 4.895509243011475 
8.222618103027344, -9.563294410705566 
8.973732948303223, -10.473831176757812 
-4.6390061378479, 5.352473258972168 
-1.845080852508545, 2.100637435913086 
6.8454484939575195, -8.043965339660645 
-1.7177271842956543, 1.9775997400283813 
-7.917666912078857, 9.13477611541748 
6.208962917327881, -7.2984700202941895 
9.191068649291992, -10.763447761535645 
7.677334308624268, -9.029897689819336 
-8.397022247314453, 9.672717094421387 
8.096878051757812, -9.477925300598145 
-3.0417280197143555, 3.4862887859344482 
-9.04979419708252, 10.496686935424805 
2.0731351375579834, -2.4692680835723877 
-7.729816436767578, 8.954833030700684 
-4.086948394775391, 4.631490707397461 
-1.8975688219070435, 2.1094863414764404 
8.166337966918945, -9.519658088684082 
6.892909049987793, -8.071147918701172 
-9.280797958374023, 10.747136116027832 
-7.946568489074707, 9.150073051452637 
-9.325773239135742, 10.799357414245605 
8.927157402038574, -10.440628051757812 
-0.737198531627655, 0.7980740070343018 
-9.160449981689453, 10.595267295837402 
7.376081466674805, -8.634175300598145 
-7.577518463134766, 8.752008438110352 
7.533588886260986, -8.845210075378418 
8.759542465209961, -10.218863487243652 
3.640932559967041, -4.35182523727417 
-7.822296142578125, 8.99133014678955 
7.846717357635498, -9.197235107421875 
-7.781486511230469, 8.976434707641602 
-0.9921860098838806, 1.0241730213165283 
-2.5202300548553467, 2.859764575958252 
-9.480629920959473, 10.97122573852539 
7.256314277648926, -8.499263763427734 
-4.323637008666992, 4.8916168212890625 
-9.604263305664062, 11.092923164367676 
-9.386636734008789, 10.837546348571777 
-5.8740315437316895, 6.773052215576172 
8.510601043701172, -9.955182075500488 
8.147307395935059, -9.568629264831543 
7.2023606300354, -8.45938491821289 
3.510465621948242, -4.148193836212158 
-0.43679797649383545, 0.5035440921783447 
-8.917604446411133, 10.3006010055542 
-8.289068222045898, 9.588397026062012 
4.226106643676758, -4.979397773742676 
-8.343284606933594, 9.603789329528809 
-8.637750625610352, 9.96951961517334 
1.5150164365768433, -1.8678920269012451 
8.174286842346191, -9.557051658630371 
7.440613746643066, -8.72289752960205 
-6.897700786590576, 7.958017349243164 
4.522521018981934, -5.36342716217041 
8.413301467895508, -9.884028434753418 
7.478775978088379, -8.735800743103027 
6.949342250823975, -8.176188468933105 
-9.015274047851562, 10.409682273864746 
-9.650577545166016, 11.168965339660645 
-8.966468811035156, 10.334600448608398 
-9.041303634643555, 10.44825553894043 
-7.384521007537842, 8.460421562194824 
-8.02527904510498, 9.21215534210205 
-8.872251510620117, 10.246914863586426 
-8.728790283203125, 10.088763236999512 
-5.441404819488525, 6.303524017333984 
2.688225269317627, -3.1654374599456787 
-8.917318344116211, 10.285696983337402 
7.745258331298828, -9.028307914733887 
9.451659202575684, -11.09421443939209 
4.027210712432861, -4.743358612060547 
-8.011720657348633, 9.228023529052734 
-8.002680778503418, 9.261719703674316 
7.808694362640381, -9.114777565002441 
2.0465285778045654, -2.4615414142608643 
-8.20883560180664, 9.513655662536621 
-1.1233831644058228, 1.1941444873809814 
9.01180648803711, -10.556108474731445 
2.547182083129883, -3.0163629055023193 
5.542484760284424, -6.507509231567383 
9.727733612060547, -11.383421897888184 
7.86602258682251, -9.226363182067871 
9.265380859375, -10.845505714416504 
8.994114875793457, -10.532754898071289 
9.944101333618164, -11.678553581237793 
-8.194639205932617, 9.4755277633667 
7.36510705947876, -8.641840934753418 
-6.128973484039307, 7.0829973220825195 
7.316252708435059, -8.6084623336792 
-8.716316223144531, 10.1121187210083 
-8.235809326171875, 9.522997856140137 
-8.729073524475098, 10.096800804138184 
-8.058144569396973, 9.262818336486816 
8.432409286499023, -9.886565208435059 
-8.707714080810547, 10.081707954406738 
6.8694329261779785, -8.059242248535156 
-8.14641284942627, 9.404036521911621 
8.297723770141602, -9.664548873901367 
-7.742466449737549, 9.006559371948242 
-8.53201961517334, 9.806965827941895 
8.347901344299316, -9.771352767944336 
7.915619373321533, -9.272093772888184 
-1.3969844579696655, 1.4980089664459229 
6.6518731117248535, -7.801370143890381 
6.51509428024292, -7.599947929382324 
-3.5732266902923584, 4.068586349487305 
7.116602897644043, -8.359437942504883 
-9.066205024719238, 10.472220420837402 
0.6427631378173828, -0.8183740377426147 
8.673909187316895, -10.162001609802246 
-8.383398056030273, 9.638888359069824 
9.533730506896973, -11.13905143737793 
-5.7210869789123535, 6.587060451507568 
-9.73801040649414, 11.257145881652832 
-7.695150852203369, 8.832709312438965 
-6.078962326049805, 6.9528303146362305 
7.522743225097656, -8.81754207611084 
5.968958377838135, -7.0819244384765625 
-8.645462036132812, 9.980231285095215 
-9.276695251464844, 10.759729385375977 
5.870980262756348, -6.958578586578369 
8.465214729309082, -9.864829063415527 
7.153728008270264, -8.402579307556152 
7.5878071784973145, -8.866893768310547 
1.9509369134902954, -2.3832337856292725 
6.740722179412842, -7.847873210906982 
7.7426276206970215, -9.002942085266113 
8.171822547912598, -9.556208610534668 
-9.30050277709961, 10.742904663085938 
-8.349895477294922, 9.63037395477295 
9.04311466217041, -10.552229881286621 
9.824010848999023, -11.445954322814941 
-8.350497245788574, 9.707961082458496 
6.512561321258545, -7.603388786315918 
1.5813032388687134, -1.9054913520812988 
10.328198432922363, -12.093209266662598 
-8.84750747680664, 10.257439613342285 
8.419392585754395, -9.86889362335205 
7.40790319442749, -8.65185260772705 
-8.952559471130371, 10.349226951599121 
-9.127117156982422, 10.599995613098145 
1.8404837846755981, -2.165154218673706 
4.4028425216674805, -5.245039463043213 
8.348651885986328, -9.771990776062012 
-5.475220680236816, 6.388209342956543 
8.145513534545898, -9.565929412841797 
-8.814125061035156, 10.236170768737793 
6.689301013946533, -7.842517852783203 
-9.020404815673828, 10.438185691833496 
-4.837263584136963, 5.546341419219971 
-8.550143241882324, 9.85793399810791 
5.63516092300415, -6.612195014953613 
-4.62974739074707, 5.286898136138916 
9.36206340789795, -10.948765754699707 
7.338197708129883, -8.599780082702637 
-5.205437660217285, 5.924525260925293 
8.275653839111328, -9.629284858703613 
8.512755393981934, -9.954117774963379 
5.757936954498291, -6.707721710205078 
9.266044616699219, -10.82026195526123 
-8.865184783935547, 10.270503044128418 
-9.096536636352539, 10.541062355041504 
-3.5500564575195312, 4.10938835144043 
-8.285721778869629, 9.618711471557617 
-6.615901470184326, 7.671411514282227 
-9.354000091552734, 10.831066131591797 
6.590040683746338, -7.743268966674805 
1.4881526231765747, -1.8666646480560303 
-7.1073174476623535, 8.155339241027832 
8.699966430664062, -10.189932823181152 
-9.608991622924805, 11.149495124816895 
-9.597406387329102, 11.099432945251465 
-7.716801643371582, 8.880449295043945 
-6.882593154907227, 7.935947895050049 
6.32460880279541, -7.421897888183594 
7.730075836181641, -9.034199714660645 
8.609304428100586, -10.063398361206055 
9.980268478393555, -11.714001655578613 
8.650131225585938, -10.116923332214355 
-9.28161907196045, 10.719343185424805 
3.0490221977233887, -3.610590934753418 
-5.622325420379639, 6.506060600280762 
7.661503314971924, -8.917267799377441 
7.802576541900635, -9.139782905578613 
-6.012975215911865, 6.903104782104492 
-7.7294440269470215, 8.949711799621582 
8.054325103759766, -9.441729545593262 
8.481800079345703, -9.925835609436035 
7.286416530609131, -8.552321434020996 
-8.608654975891113, 9.952275276184082 
-7.102007865905762, 8.156309127807617 
6.535278797149658, -7.628080368041992 
-6.168066501617432, 7.144458770751953 
4.8884711265563965, -5.748764991760254 
7.305635929107666, -8.592095375061035 
-9.205241203308105, 10.642007827758789 
7.396424770355225, -8.709202766418457 
-5.162317752838135, 5.953647136688232 
7.667967319488525, -8.976436614990234 
6.819819927215576, -7.9830427169799805 
-9.224996566772461, 10.68260383605957 
9.164288520812988, -10.77189826965332 
8.874753952026367, -10.359240531921387 
-1.4675155878067017, 1.5813095569610596 
-7.4801130294799805, 8.653594017028809 
-8.82029914855957, 10.180554389953613 
8.228811264038086, -9.658019065856934 
-8.9118070602417, 10.276177406311035 
0.9116289615631104, -1.1359846591949463 
7.088754177093506, -8.334189414978027 
-7.122401714324951, 8.218114852905273 
8.477667808532715, -9.888501167297363 
8.723799705505371, -10.252589225769043 
9.37260913848877, -10.987847328186035 
-8.621646881103516, 10.013291358947754 
-9.068367004394531, 10.512957572937012 
9.47928524017334, -11.063496589660645 
-9.112342834472656, 10.568944931030273 
7.884943962097168, -9.259432792663574 
9.257673263549805, -10.807356834411621 
7.836933135986328, -9.184059143066406 
8.033815383911133, -9.395346641540527 
8.160475730895996, -9.539281845092773 
-7.89189338684082, 9.063796997070312 
9.049041748046875, -10.573036193847656 
-9.310153007507324, 10.74891185760498 
7.68283748626709, -9.020353317260742 
-4.782440662384033, 5.441964149475098 
-7.953977108001709, 9.213081359863281 
-8.749061584472656, 10.138226509094238 
8.528435707092285, -9.992121696472168 
-8.213214874267578, 9.538908004760742 
7.413082599639893, -8.719172477722168 
-0.909103512763977, 1.0742743015289307 
8.223289489746094, -9.580498695373535 
-7.674384593963623, 8.888712882995605 
9.668777465820312, -11.277463912963867 
7.251551628112793, -8.463845252990723 
-9.14763069152832, 10.540793418884277 
-8.619787216186523, 9.940325736999512 
-8.03128433227539, 9.257369995117188 
-7.34808874130249, 8.512606620788574 
-0.6105180978775024, 0.6333728432655334 
-6.566242694854736, 7.580791473388672 
-9.63858413696289, 11.149055480957031 
-2.978477954864502, 3.376706123352051 
-3.2658119201660156, 3.719327211380005 
7.667633533477783, -8.973966598510742 
8.294676780700684, -9.703619956970215 
6.789183616638184, -7.958963394165039 
-7.895592212677002, 9.1157865524292 
9.140697479248047, -10.725172996520996 
-9.692153930664062, 11.233893394470215 
-8.6677885055542, 9.971774101257324 
0.16787153482437134, -0.3003276288509369 
8.309828758239746, -9.736468315124512 
-7.679537296295166, 8.895843505859375 
-7.698473930358887, 8.900973320007324 
1.6626430749893188, -1.9616079330444336 
10.027294158935547, -11.71930980682373 
8.3576021194458, -9.781716346740723 
7.104259014129639, -8.326371192932129 
-7.110668659210205, 8.22387409210205 
6.919069766998291, -8.132737159729004 
-9.74782657623291, 11.278447151184082 
9.684181213378906, -11.3658447265625 
-8.925498962402344, 10.324531555175781 
8.19631576538086, -9.606769561767578 
7.325725078582764, -8.54296875 
6.014986515045166, -7.052935600280762 
-7.65562105178833, 8.799429893493652 
10.680269241333008, -12.4690580368042 
-7.205140590667725, 8.331212997436523 
8.889921188354492, -10.368884086608887 
6.649317741394043, -7.868075370788574 
8.992398262023926, -10.55576229095459 
-8.349369049072266, 9.691128730773926 
-7.401943683624268, 8.587342262268066 
-8.308058738708496, 9.607248306274414 
-9.017559051513672, 10.394244194030762 
7.959736347198486, -9.360749244689941 
8.430228233337402, -9.88032341003418 
-8.746460914611816, 10.10191822052002 
-7.146925449371338, 8.280417442321777 
7.324824810028076, -8.554561614990234 
-9.464031219482422, 10.937335968017578 
-6.844043731689453, 7.9004058837890625 
2.4359383583068848, -2.8591253757476807 
-9.346549987792969, 10.809813499450684 
-8.30606746673584, 9.572769165039062 
-7.442949295043945, 8.56818675994873 
3.183086395263672, -3.7929270267486572 
-9.539801597595215, 11.022841453552246 
-1.8997005224227905, 2.096522569656372 
5.405430316925049, -6.377241611480713 
-7.67801570892334, 8.886744499206543 
5.867608547210693, -6.862531661987305 
2.680809736251831, -3.146160840988159 
8.586195945739746, -10.04450511932373 
-9.599857330322266, 11.071381568908691 
8.085326194763184, -9.40964412689209 
6.2969231605529785, -7.422192096710205 
-8.393741607666016, 9.72443675994873 
-9.089025497436523, 10.493760108947754 
-6.4246907234191895, 7.331025123596191 
-6.5485520362854, 7.536006927490234 
9.509708404541016, -11.11415958404541 
2.1899466514587402, -2.5712087154388428 
-4.029414176940918, 4.688414573669434 
9.646238327026367, -11.283452033996582 
-8.972168922424316, 10.36864185333252 
-8.206439018249512, 9.496105194091797 
-4.055370807647705, 4.628299713134766 
-5.110448360443115, 5.879552841186523 
7.853524208068848, -9.18971061706543 
1.6862555742263794, -2.0874269008636475 
9.541047096252441, -11.156813621520996 
-9.742319107055664, 11.31118392944336 
7.94138765335083, -9.312227249145508 
1.3298909664154053, -1.668076992034912 
-6.317160606384277, 7.215632438659668 
6.284316539764404, -7.332274913787842 
-9.031723976135254, 10.435056686401367 
-8.310736656188965, 9.615471839904785 
-7.465001583099365, 8.560568809509277 
-9.205514907836914, 10.649214744567871 
8.842848777770996, -10.339362144470215 
-9.457908630371094, 10.929842948913574 
8.760643005371094, -10.249754905700684 
7.0441107749938965, -8.240070343017578 
-7.182520866394043, 8.26775074005127 
7.950744152069092, -9.284144401550293 
-9.383861541748047, 10.869034767150879 
-7.857204914093018, 9.141730308532715 
7.819265842437744, -9.170296669006348 
-6.769652843475342, 7.858343124389648 
7.317739963531494, -8.624955177307129 
-6.3406243324279785, 7.366959095001221 
-8.905403137207031, 10.328422546386719 
-7.5102763175964355, 8.609166145324707 
-8.766444206237793, 10.112142562866211 
-7.830746173858643, 9.00715160369873 
9.367829322814941, -10.989588737487793 
-0.3903295397758484, 0.3708764612674713 
-7.973366737365723, 9.269150733947754 
-8.888832092285156, 10.258076667785645 
-8.309172630310059, 9.575675964355469 
-9.230672836303711, 10.641939163208008 
-8.458992958068848, 9.862286567687988 
-9.884071350097656, 11.4303617477417 
-7.291810512542725, 8.385714530944824 
7.833993434906006, -9.206717491149902 
-9.184969902038574, 10.63823127746582 
8.109258651733398, -9.50232982635498 
7.843934535980225, -9.197388648986816 
-4.32587194442749, 4.9998579025268555 
-7.9615983963012695, 9.239051818847656 
-8.462457656860352, 9.790013313293457 
-1.9202312231063843, 2.1810991764068604 
4.405765533447266, -5.1854753494262695 
-6.381844520568848, 7.366805553436279 
-9.451833724975586, 10.922922134399414 
10.670215606689453, -12.44674015045166 
-5.845916271209717, 6.718950271606445 
-8.526533126831055, 9.828232765197754 
-5.444788455963135, 6.273072719573975 
7.07271146774292, -8.308313369750977 
-8.112112045288086, 9.452373504638672 
6.217200756072998, -7.317044734954834 
-9.567253112792969, 11.074442863464355 
-7.457365036010742, 8.5581636428833 
9.042169570922852, -10.600825309753418 
10.47422981262207, -12.26940631866455 
4.305286884307861, -5.104248523712158 
5.445899486541748, -6.421507835388184 
7.235018253326416, -8.509547233581543 
-8.355377197265625, 9.63780403137207 
9.437159538269043, -11.017685890197754 
8.485931396484375, -9.955109596252441 
-9.520135879516602, 11.004202842712402 
-9.126416206359863, 10.528467178344727 
-8.280182838439941, 9.532870292663574 
-0.3729579448699951, 0.3272695243358612 
7.395438194274902, -8.691608428955078 
-9.022160530090332, 10.447275161743164 
8.043439865112305, -9.415144920349121 
-5.405238151550293, 6.185506820678711 
7.005802631378174, -8.228384017944336 
-5.0730977058410645, 5.779423713684082 
-8.769390106201172, 10.12171459197998 
-5.774369239807129, 6.633212089538574 
-2.4556095600128174, 2.692570924758911 
8.763004302978516, -10.271584510803223 
9.154674530029297, -10.69161319732666 
7.777645111083984, -9.149430274963379 
8.826584815979004, -10.331294059753418 
-9.202899932861328, 10.650970458984375 
-5.518906116485596, 6.432855606079102 
-9.447651863098145, 10.947425842285156 
-9.558028221130371, 11.063775062561035 
6.8661980628967285, -8.088950157165527 
9.09333324432373, -10.653267860412598 
8.322711944580078, -9.740350723266602 
8.019771575927734, -9.437713623046875 
-9.593435287475586, 11.134283065795898 
4.4505720138549805, -5.224765777587891 
9.337996482849121, -10.922589302062988 
-8.318532943725586, 9.624373435974121 
9.383721351623535, -10.932098388671875 
-8.524177551269531, 9.859292030334473 
-6.583282947540283, 7.572479248046875 
7.136475086212158, -8.348715782165527 
6.603820323944092, -7.792951583862305 
8.143453598022461, -9.516383171081543 
8.452322006225586, -9.886429786682129 
-8.824352264404297, 10.224897384643555 
-9.028936386108398, 10.436586380004883 
7.283780574798584, -8.514798164367676 
-7.194194316864014, 8.257185935974121 
8.216885566711426, -9.595768928527832 
-8.677438735961914, 10.030118942260742 
9.745112419128418, -11.408997535705566 
-7.79332971572876, 8.996540069580078 
6.792299747467041, -7.984592437744141 
-8.710672378540039, 10.098342895507812 
7.474116325378418, -8.733316421508789 
4.0329766273498535, -4.794844627380371 
-4.572612285614014, 5.228244304656982 
-8.048018455505371, 9.288722038269043 
-9.200641632080078, 10.665099143981934 
9.281900405883789, -10.892348289489746 
-6.148303508758545, 7.081914901733398 
0.8745980858802795, -1.1150422096252441 
9.854841232299805, -11.513376235961914 
-1.7609732151031494, 1.9165111780166626 
-7.79908561706543, 8.961318016052246 
-6.919225215911865, 8.014330863952637 
-8.918981552124023, 10.326895713806152 
-7.303010940551758, 8.397756576538086 
-9.43679428100586, 10.910183906555176 
8.471345901489258, -9.920370101928711 
8.997736930847168, -10.480299949645996 
6.265449047088623, -7.375266075134277 
-1.2406249046325684, 1.4000928401947021 
7.83359956741333, -9.172019004821777 
-7.517838001251221, 8.743064880371094 
-9.451179504394531, 10.98671817779541 
-6.0543036460876465, 6.95241117477417 
-9.319775581359863, 10.799795150756836 
0.7162671685218811, -0.9393895864486694 
9.040231704711914, -10.607081413269043 
-2.1252329349517822, 2.3731191158294678 
8.1419677734375, -9.52514934539795 
7.920125484466553, -9.2524995803833 
-8.989093780517578, 10.400161743164062 
7.606092929840088, -8.900876998901367 
1.6484910249710083, -1.952606201171875 
6.822145938873291, -7.9760003089904785 
-8.813800811767578, 10.167360305786133 
-9.038469314575195, 10.484387397766113 
-8.756011962890625, 10.072247505187988 
-6.991819858551025, 8.033517837524414 
8.310680389404297, -9.717714309692383 
6.924759387969971, -8.115445137023926 
-8.816146850585938, 10.21415901184082 
5.850708484649658, -6.865874767303467 
-9.623462677001953, 11.107905387878418 
7.4665446281433105, -8.755763053894043 
-9.217191696166992, 10.644648551940918 
5.9433913230896, -7.079960346221924 
-3.5593957901000977, 4.0944719314575195 
-8.584600448608398, 9.902026176452637 
7.623188495635986, -8.95710563659668 
6.27238130569458, -7.355987548828125 
-8.469146728515625, 9.7953462600708 
7.476059436798096, -8.801131248474121 
8.06361198425293, -9.463765144348145 
0.6496317386627197, -0.8079043626785278 
-8.61727523803711, 9.961527824401855 
8.166308403015137, -9.51565170288086 
-6.142764568328857, 7.058839797973633 
8.559772491455078, -10.035548210144043 
7.039235591888428, -8.27772045135498 
7.403663158416748, -8.683614730834961 
7.051136493682861, -8.241778373718262 
9.067095756530762, -10.580265045166016 
8.233535766601562, -9.609158515930176 
8.827651977539062, -10.373188972473145 
-3.946071147918701, 4.52907657623291 
-9.008386611938477, 10.417779922485352 
7.413869380950928, -8.657852172851562 
-7.079670429229736, 8.102459907531738 
-4.987213611602783, 5.6766557693481445 
7.033250331878662, -8.281325340270996 
6.883786678314209, -8.033284187316895 
-7.357011318206787, 8.515905380249023 
4.0745463371276855, -4.820667743682861 
-7.767796039581299, 8.975476264953613 
-7.821945667266846, 8.996786117553711 
-7.317568302154541, 8.450952529907227 
-6.380092144012451, 7.42949104309082 
7.998244762420654, -9.30815315246582 
-7.472823619842529, 8.618569374084473 
-7.9816789627075195, 9.14672565460205 
-8.90849494934082, 10.262682914733887 
-6.054373741149902, 6.912491321563721 
3.9204742908477783, -4.668767929077148 
-7.461572170257568, 8.563188552856445 
8.693537712097168, -10.19223690032959 
9.065746307373047, -10.58361530303955 
6.01337194442749, -7.041184425354004 
7.316654205322266, -8.539402961730957 
-4.453415393829346, 5.131132125854492 
-5.132596492767334, 5.916531085968018 
2.322340250015259, -2.749868154525757 
-5.10515832901001, 5.848182678222656 
-6.760498523712158, 7.817677021026611 
-4.322164535522461, 4.923732280731201 
-5.0358357429504395, 5.7600579261779785 
4.270741939544678, -5.08975887298584 
-8.580534934997559, 9.908149719238281 
9.164097785949707, -10.73088550567627 
-2.7660045623779297, 3.0966365337371826 
9.918756484985352, -11.571545600891113 
-7.943086624145508, 9.169548988342285 
6.538761615753174, -7.69508695602417 
-7.886800289154053, 9.140480995178223 
-7.766586780548096, 9.0264253616333 
-8.384602546691895, 9.662439346313477 
7.626537799835205, -8.912980079650879 
5.983285903930664, -7.017979621887207 
3.8954432010650635, -4.592069625854492 
9.25692367553711, -10.829072952270508 
-9.245598793029785, 10.682866096496582 
-6.802810192108154, 7.823657989501953 
7.830874443054199, -9.138876914978027 
-7.783958435058594, 9.000402450561523 
-3.198157787322998, 3.5832860469818115 
8.057476043701172, -9.404147148132324 
-9.205448150634766, 10.670621871948242 
-1.5930062532424927, 1.7394733428955078 
-8.514825820922852, 9.799524307250977 
10.451685905456543, -12.216256141662598 
5.344040393829346, -6.289067268371582 
-9.117652893066406, 10.56763744354248 
1.6626232862472534, -2.028282403945923 
-6.235868453979492, 7.165717601776123 
-8.022467613220215, 9.325819969177246 
4.683346748352051, -5.586607933044434 
3.476287603378296, -4.14018440246582 
7.394161701202393, -8.68103313446045 
8.317275047302246, -9.733795166015625 
-5.377923488616943, 6.158344268798828 
5.8477935791015625, -6.875280857086182 
-8.15817928314209, 9.439732551574707 
-6.856289386749268, 7.855000019073486 
-8.179130554199219, 9.48083782196045 
8.694860458374023, -10.171045303344727 
8.46914291381836, -9.920856475830078 
-1.2038356065750122, 1.3305131196975708 
-7.11099910736084, 8.136231422424316 
2.345458507537842, -2.770775318145752 
-8.433297157287598, 9.748388290405273 
9.692243576049805, -11.284653663635254 
-3.004896402359009, 3.461940288543701 
8.384891510009766, -9.786004066467285 
9.425530433654785, -11.058783531188965 
-9.264250755310059, 10.743958473205566 
3.9859161376953125, -4.706532001495361 
-1.4838494062423706, 1.612816572189331 
-8.925525665283203, 10.30344009399414 
-8.54139518737793, 9.858748435974121 
-6.708315849304199, 7.752654552459717 
8.779130935668945, -10.28681468963623 
-3.3710873126983643, 3.795696973800659 
7.932205677032471, -9.2651948928833 
1.872161865234375, -2.2907464504241943 
-8.934751510620117, 10.317059516906738 
-9.524446487426758, 11.000052452087402 
6.579396724700928, -7.777274131774902 
-8.52577018737793, 9.824082374572754 
-5.944675445556641, 6.867658615112305 
-4.467584609985352, 5.070557594299316 
6.252745628356934, -7.351310729980469 
-7.066376209259033, 8.148148536682129 
8.18257999420166, -9.604395866394043 
-0.4398587644100189, 0.4736783802509308 
-9.760271072387695, 11.31230640411377 
-7.978325366973877, 9.164822578430176 
-8.977898597717285, 10.383251190185547 
8.850750923156738, -10.345212936401367 
-6.8557820320129395, 7.868206977844238 
-7.8199639320373535, 8.954482078552246 
3.0550355911254883, -3.643664598464966 
-1.8968837261199951, 2.0836331844329834 
-8.309751510620117, 9.622214317321777 
3.5131773948669434, -4.188218116760254 
3.2574353218078613, -3.9044418334960938 
-3.902437210083008, 4.4688944816589355 
7.18043851852417, -8.410054206848145 
3.3658714294433594, -3.999671697616577 
-9.299373626708984, 10.735980987548828 
8.602602005004883, -10.091447830200195 
9.059226989746094, -10.59957218170166 
-1.9500172138214111, 2.1514594554901123 
9.984539985656738, -11.675007820129395 
6.717540264129639, -7.873134136199951 
7.527712821960449, -8.815839767456055 
8.15524673461914, -9.584013938903809 
-5.068404674530029, 5.739868640899658 
-6.691754341125488, 7.75694465637207 
7.604011058807373, -8.912880897521973 
-7.732773303985596, 8.938720703125 
-4.540133476257324, 5.191119194030762 
-9.127825736999512, 10.553765296936035 
-8.778318405151367, 10.190574645996094 
-6.549505710601807, 7.568401336669922 
8.913562774658203, -10.432806968688965 
-7.770821571350098, 8.935115814208984 
-4.341970920562744, 4.964537143707275 
7.983972072601318, -9.328641891479492 
-9.215498924255371, 10.658676147460938 
-8.57269287109375, 9.86599349975586 
5.250337600708008, -6.165904521942139 
-9.330429077148438, 10.779406547546387 
7.719854831695557, -9.069464683532715 
8.132511138916016, -9.54541301727295 
8.399898529052734, -9.83025074005127 
-9.003398895263672, 10.395360946655273 
-9.381168365478516, 10.868386268615723 
8.415574073791504, -9.812016487121582 
-3.868126392364502, 4.435972213745117 
-9.37550163269043, 10.860896110534668 
-7.9837870597839355, 9.17284107208252 
-6.580242156982422, 7.594168186187744 
-8.313394546508789, 9.540535926818848 
4.901928424835205, -5.808540344238281 
7.474040508270264, -8.744346618652344 
-1.0735602378845215, 1.1865627765655518 
5.2305426597595215, -6.19249153137207 
3.0739083290100098, -3.688880681991577 
-7.3659868240356445, 8.466188430786133 
7.94984769821167, -9.317621231079102 
-9.485489845275879, 10.987751960754395 
8.17921257019043, -9.540478706359863 
-5.766235828399658, 6.713868141174316 
-8.688433647155762, 10.037772178649902 
-4.233243465423584, 4.854377269744873 
9.449861526489258, -11.050688743591309 
8.597429275512695, -10.057157516479492 
8.700054168701172, -10.21985149383545 
-3.1273481845855713, 3.5182793140411377 
4.159407615661621, -4.933459281921387 
-9.641141891479492, 11.151554107666016 
8.623605728149414, -10.111486434936523 
5.714320659637451, -6.678995609283447 
2.161102056503296, -2.6152031421661377 
-8.597363471984863, 9.893567085266113 
7.278665065765381, -8.51411247253418 
4.672946453094482, -5.5594563484191895 
-8.571138381958008, 9.927159309387207 
-7.894841194152832, 9.132991790771484 
1.3230756521224976, -1.6040263175964355 
1.6308465003967285, -1.9452990293502808 
4.7159342765808105, -5.572930335998535 
-8.479000091552734, 9.821738243103027 
-2.327674627304077, 2.6636829376220703 
-6.986666679382324, 8.026583671569824 
8.914764404296875, -10.46312427520752 
8.099456787109375, -9.491179466247559 
5.76483678817749, -6.811620235443115 
-7.837777614593506, 9.07934856414795 
7.603537082672119, -8.90522289276123 
8.839981079101562, -10.322115898132324 
-9.360963821411133, 10.819226264953613 
6.779425144195557, -7.9860382080078125 
6.7188401222229, -7.906184196472168 
-7.4623494148254395, 8.589635848999023 
6.618707180023193, -7.766526699066162 
8.401331901550293, -9.849614143371582 
9.640447616577148, -11.258801460266113 
-5.619718074798584, 6.417397499084473 
-7.001091957092285, 8.076236724853516 
8.72612190246582, -10.229788780212402 
9.383827209472656, -10.980767250061035 
-7.947091102600098, 9.163405418395996 
-9.03934383392334, 10.450804710388184 
-9.761002540588379, 11.301225662231445 
-7.093050479888916, 8.171730995178223 
7.847956657409668, -9.16674518585205 
-7.43988561630249, 8.550440788269043 
-6.288778781890869, 7.256107807159424 
-2.802377223968506, 3.1201860904693604 
9.159464836120605, -10.733464241027832 
6.082387447357178, -7.163165092468262 
7.99611234664917, -9.363554954528809 
7.588405132293701, -8.876107215881348 
-8.554048538208008, 9.873823165893555 
-3.852463960647583, 4.347591400146484 
7.861810207366943, -9.19572639465332 
-9.298952102661133, 10.749083518981934 
-9.424355506896973, 10.921704292297363 
8.351866722106934, -9.788634300231934 
-9.272443771362305, 10.710461616516113 
-8.811782836914062, 10.237837791442871 
7.811131000518799, -9.166528701782227 
6.722828388214111, -7.879908561706543 
7.575280666351318, -8.839665412902832 
8.471945762634277, -9.907490730285645 
7.3173747062683105, -8.597271919250488 
8.751687049865723, -10.197941780090332 
-9.42257022857666, 10.866189956665039 
-9.66515064239502, 11.17580509185791 
-4.297390937805176, 4.970163345336914 
9.063516616821289, -10.577019691467285 
9.000391960144043, -10.507332801818848 
7.8424906730651855, -9.219583511352539 
8.241193771362305, -9.665228843688965 
-7.072065830230713, 8.185513496398926 
-7.886007785797119, 9.084218978881836 
-2.064035415649414, 2.318450450897217 
-6.592518329620361, 7.6650776863098145 
-9.386292457580566, 10.848809242248535 
-8.55860710144043, 9.870147705078125 
3.3503851890563965, -3.9964373111724854 
4.364041328430176, -5.219038963317871 
-4.044558525085449, 4.583500385284424 
-8.484861373901367, 9.826056480407715 
8.511068344116211, -9.98780345916748 
8.767520904541016, -10.254058837890625 
-3.5523457527160645, 4.109175682067871 
8.845186233520508, -10.404213905334473 
7.46237850189209, -8.698734283447266 
-5.6717119216918945, 6.511801242828369 
-8.72121524810791, 10.069745063781738 
-0.4320008158683777, 0.337928831577301 
-8.039072036743164, 9.261219024658203 
-5.188648700714111, 5.994253158569336 
7.480464458465576, -8.789018630981445 
-8.481935501098633, 9.85819149017334 
4.90136194229126, -5.765912055969238 
5.3962836265563965, -6.377433776855469 
8.354084968566895, -9.797743797302246 
6.864309787750244, -8.069413185119629 
8.017229080200195, -9.384520530700684 
-8.187273025512695, 9.426468849182129 
-7.428553104400635, 8.59646224975586 
-5.339061260223389, 6.12852668762207 
8.495673179626465, -9.962146759033203 
-8.089473724365234, 9.322102546691895 
7.55458402633667, -8.865365028381348 
-9.455629348754883, 10.93233585357666 
-9.270359992980957, 10.7319974899292 
7.107482433319092, -8.355366706848145 
7.933473587036133, -9.2752103805542 
7.633144855499268, -8.962130546569824 
0.4287568926811218, -0.5203470587730408 
5.067828178405762, -5.923823356628418 
-7.754568576812744, 8.874634742736816 
-9.833137512207031, 11.370917320251465 
-8.831136703491211, 10.211991310119629 
8.90035343170166, -10.398879051208496 
-6.04767370223999, 6.904620170593262 
7.474587917327881, -8.812190055847168 
7.654323101043701, -8.98095417022705 
-6.240878582000732, 7.114023208618164 
3.595719337463379, -4.279750823974609 
-4.7146687507629395, 5.355306625366211 
8.193950653076172, -9.6122465133667 
7.255853176116943, -8.513134956359863 
-8.57863998413086, 9.887717247009277 
1.9774097204208374, -2.3877174854278564 
-8.431406021118164, 9.735127449035645 
-8.937586784362793, 10.327956199645996 
-8.526447296142578, 9.867904663085938 
-9.05031967163086, 10.453112602233887 
-9.03471565246582, 10.446561813354492 
-8.753158569335938, 10.112114906311035 
-6.895106792449951, 7.951272964477539 
-7.64948034286499, 8.867636680603027 
7.336246967315674, -8.628928184509277 
-8.94013786315918, 10.385408401489258 
-0.1909460574388504, 0.1621823012828827 
-8.97209358215332, 10.40819263458252 
-6.885633945465088, 7.913548469543457 
7.48637056350708, -8.741055488586426 
-8.729843139648438, 10.070762634277344 
-3.643014669418335, 4.1924238204956055 
-6.4814229011535645, 7.459194183349609 
9.442825317382812, -11.027305603027344 
-5.732911586761475, 6.614988327026367 
-8.536050796508789, 9.916248321533203 
7.136810302734375, -8.398395538330078 
6.701198101043701, -7.880086898803711 
-7.580306053161621, 8.709843635559082 
6.936447620391846, -8.15487289428711 
-8.235305786132812, 9.562675476074219 
7.242525577545166, -8.475945472717285 
-8.471067428588867, 9.794830322265625 
5.233602046966553, -6.101156234741211 
-7.125078201293945, 8.194207191467285 
7.898141384124756, -9.240757942199707 
6.184768199920654, -7.2809553146362305 
4.2310333251953125, -5.031774044036865 
-8.355066299438477, 9.635010719299316 
7.271421909332275, -8.538448333740234 
-9.640886306762695, 11.14330005645752 
-7.671595096588135, 8.898643493652344 
8.720991134643555, -10.202760696411133 
-6.825506210327148, 7.840725898742676 
-8.059865951538086, 9.302215576171875 
6.081801891326904, -7.128240585327148 
-4.643012523651123, 5.333467960357666 
-9.382608413696289, 10.868078231811523 
-8.084749221801758, 9.39745044708252 
7.774139881134033, -9.132691383361816 
7.405996799468994, -8.653223991394043 
7.317513942718506, -8.616246223449707 
5.806665420532227, -6.88835334777832 
7.480186462402344, -8.769436836242676 
-0.6747008562088013, 0.7065882682800293 
-3.7267260551452637, 4.267062664031982 
-4.909273624420166, 5.65569543838501 
-8.268651962280273, 9.488435745239258 
8.338374137878418, -9.782925605773926 
6.43703031539917, -7.577895164489746 
-9.073896408081055, 10.525530815124512 
-8.74451732635498, 10.070791244506836 
-6.862804889678955, 7.958503723144531 
-0.7629337310791016, 0.8486551642417908 
-9.112415313720703, 10.565348625183105 
-8.898146629333496, 10.266968727111816 
9.139337539672852, -10.627213478088379 
6.831801891326904, -7.983099937438965 
8.732486724853516, -10.208884239196777 
7.405743598937988, -8.644030570983887 
-7.283304691314697, 8.429181098937988 
4.6912150382995605, -5.524848937988281 
7.4035491943359375, -8.67952823638916 
3.5743789672851562, -4.169191360473633 
8.811031341552734, -10.322699546813965 
-8.181385040283203, 9.480216026306152 
3.646594524383545, -4.3336639404296875 
7.4441609382629395, -8.7009916305542 
8.257183074951172, -9.66762638092041 
-6.196615695953369, 7.126800537109375 
-7.441019058227539, 8.65400218963623 
4.385303974151611, -5.198461532592773 
4.791502475738525, -5.675644874572754 
8.107640266418457, -9.511504173278809 
-4.39442253112793, 5.091071128845215 
-8.848440170288086, 10.236113548278809 
7.13953161239624, -8.32502269744873 
-7.309164524078369, 8.423569679260254 
9.597622871398926, -11.181350708007812 
7.4633708000183105, -8.723626136779785 
8.62744140625, -10.109545707702637 
5.7701497077941895, -6.741635322570801 
-9.385316848754883, 10.86751651763916 
-9.60136604309082, 11.094230651855469 
-1.2183459997177124, 1.3218797445297241 
7.904321193695068, -9.281441688537598 
8.970819473266602, -10.529695510864258 
-1.1523650884628296, 1.3073604106903076 
-8.886762619018555, 10.271309852600098 
-8.569917678833008, 9.934182167053223 
8.820932388305664, -10.330368041992188 
2.717538833618164, -3.172044515609741 
8.225358963012695, -9.591859817504883 
5.8146467208862305, -6.818742275238037 
5.508428573608398, -6.488150596618652 
-3.2016992568969727, 3.713898181915283 
-7.381814479827881, 8.56887149810791 
-7.033813953399658, 8.08991527557373 
9.222553253173828, -10.791893005371094 
7.739258289337158, -9.08288860321045 
7.491623401641846, -8.78865909576416 
9.524993896484375, -11.17107105255127 
9.902019500732422, -11.55822467803955 
-9.643386840820312, 11.146354675292969 
-9.379692077636719, 10.835282325744629 
2.1164181232452393, -2.512213945388794 
9.207107543945312, -10.774155616760254 
-8.58190631866455, 9.949400901794434 
-7.960690975189209, 9.166841506958008 
1.4785035848617554, -1.8045761585235596 
8.624382972717285, -10.135452270507812 
-9.937431335449219, 11.503530502319336 
-8.454607963562012, 9.79356861114502 
6.7280192375183105, -7.910974502563477 
8.350689888000488, -9.806419372558594 
-2.725358486175537, 3.0783298015594482 
6.072649002075195, -7.159578323364258 
6.94041109085083, -8.129352569580078 
1.838179349899292, -2.261465072631836 
-1.752838373184204, 1.888728141784668 
-8.443492889404297, 9.713350296020508 
9.10464859008789, -10.603621482849121 
-3.4669206142425537, 4.026264190673828 
-8.012628555297852, 9.201635360717773 
8.605652809143066, -10.086840629577637 
6.4361443519592285, -7.5460333824157715 
-8.824949264526367, 10.256694793701172 
8.521795272827148, -9.961930274963379 
-8.831451416015625, 10.204632759094238 
2.097348213195801, -2.508737564086914 
-2.9050092697143555, 3.3232905864715576 
-9.695196151733398, 11.196279525756836 
8.599775314331055, -10.061010360717773 
9.658899307250977, -11.287116050720215 
-7.354578495025635, 8.410804748535156 
6.671247959136963, -7.864847183227539 
8.251086235046387, -9.663649559020996 
-8.148782730102539, 9.421524047851562 
-9.378451347351074, 10.833484649658203 
8.367024421691895, -9.783021926879883 
7.221515655517578, -8.492981910705566 
6.533890247344971, -7.679657936096191 
8.786632537841797, -10.287339210510254 
5.2943525314331055, -6.215909004211426 
-7.575379848480225, 8.688725471496582 
9.641947746276855, -11.262097358703613 
8.058523178100586, -9.463031768798828 
3.6816372871398926, -4.3881306648254395 
1.6426523923873901, -2.0086729526519775 
8.81270980834961, -10.321065902709961 
-8.583027839660645, 9.914835929870605 
-9.08432388305664, 10.55372428894043 
-8.093676567077637, 9.32630443572998 
6.239080905914307, -7.301797866821289 
-7.923893451690674, 9.18837833404541 
-8.055899620056152, 9.287266731262207 
-9.181099891662598, 10.599778175354004 
-9.536876678466797, 11.067272186279297 
8.054229736328125, -9.49363899230957 
-9.747536659240723, 11.28783893585205 
5.5564656257629395, -6.522067070007324 
-9.505758285522461, 11.01766300201416 
7.206876754760742, -8.437935829162598 
7.4996657371521, -8.738312721252441 
9.427054405212402, -11.034648895263672 
-5.467965602874756, 6.268537521362305 
8.67146110534668, -10.136507987976074 
7.113334655761719, -8.368037223815918 
8.931503295898438, -10.473731994628906 
-7.11196231842041, 8.2389497756958 
8.93006420135498, -10.395224571228027 
7.7993855476379395, -9.152636528015137 
-9.129003524780273, 10.543989181518555 
7.93664026260376, -9.274563789367676 
-6.201897144317627, 7.108835220336914 
-8.317241668701172, 9.581097602844238 
-9.297290802001953, 10.762860298156738 
7.946253299713135, -9.324243545532227 
7.98130464553833, -9.293255805969238 
7.927764415740967, -9.26807975769043 
8.449214935302734, -9.85904598236084 
-6.423313617706299, 7.397126197814941 
-9.062230110168457, 10.479695320129395 
8.242802619934082, -9.688931465148926 
-7.667596340179443, 8.90613079071045 
9.13686466217041, -10.661677360534668 
-2.019195318222046, 2.2212517261505127 
7.77167272567749, -9.120880126953125 
-9.313277244567871, 10.819642066955566 
7.87069845199585, -9.253199577331543 
7.705918788909912, -8.977314949035645 
8.284819602966309, -9.708436965942383 
-8.770547866821289, 10.112261772155762 
6.890007972717285, -8.07765007019043 
7.6203389167785645, -8.941498756408691 
-3.3227319717407227, 3.7903411388397217 
6.3634772300720215, -7.423425197601318 
-8.376362800598145, 9.653206825256348 
3.2509422302246094, -3.8674776554107666 
8.047012329101562, -9.435630798339844 
-6.375300407409668, 7.285627841949463 
-1.879786491394043, 2.15543532371521 
-5.692137241363525, 6.588336944580078 
-9.46357250213623, 10.984847068786621 
8.93185043334961, -10.435431480407715 
-7.598167896270752, 8.738402366638184 
-8.285568237304688, 9.609617233276367 
-8.10238265991211, 9.398589134216309 
6.300693035125732, -7.39163064956665 
-4.430189609527588, 5.154898643493652 
2.8414220809936523, -3.4344184398651123 
8.812113761901855, -10.284046173095703 
-8.677314758300781, 10.006659507751465 
8.342000961303711, -9.759278297424316 
-4.9456586837768555, 5.700258255004883 
9.448342323303223, -11.056563377380371 
-7.004908561706543, 8.014942169189453 
-7.642717361450195, 8.779730796813965 
-7.767725467681885, 8.943769454956055 
8.20566177368164, -9.572937965393066 
-3.877225875854492, 4.461709976196289 
-6.5186285972595215, 7.532715797424316 
-8.049270629882812, 9.30098819732666 
8.185956954956055, -9.621576309204102 
5.774333477020264, -6.838062763214111 
-9.89268970489502, 11.429787635803223 
6.150677680969238, -7.225959777832031 
-8.947930335998535, 10.312064170837402 
-7.49236536026001, 8.639435768127441 
-8.4498872756958, 9.743033409118652 
-6.9732136726379395, 8.024577140808105 
6.827054977416992, -8.00207233428955 
6.273376941680908, -7.384808540344238 
6.6273579597473145, -7.765833377838135 
-9.344366073608398, 10.7848539352417 
9.073315620422363, -10.59619426727295 
-5.565775394439697, 6.337652206420898 
6.660385608673096, -7.8149824142456055 
-9.333622932434082, 10.798839569091797 
-9.336036682128906, 10.763860702514648 
-4.851837635040283, 5.489688873291016 
9.291815757751465, -10.850504875183105 
8.68375301361084, -10.100948333740234 
9.191631317138672, -10.757678031921387 
9.27524471282959, -10.817639350891113 
4.204055309295654, -4.958418846130371 
-1.3673330545425415, 1.4887290000915527 
7.108618259429932, -8.327073097229004 
-8.197012901306152, 9.436455726623535 
-9.747243881225586, 11.256704330444336 
7.518794059753418, -8.821784019470215 
-1.7649606466293335, 1.984330654144287 
-8.305459976196289, 9.539623260498047 
-7.233859539031982, 8.306634902954102 
7.923522472381592, -9.270756721496582 
-8.649421691894531, 10.066977500915527 
8.825325012207031, -10.341302871704102 
-7.557204723358154, 8.7809476852417 
6.552445888519287, -7.687632083892822 
-8.667987823486328, 10.043070793151855 
7.797146797180176, -9.123032569885254 
8.160704612731934, -9.55298900604248 
-7.442348003387451, 8.630671501159668 
5.018924236297607, -5.974940299987793 
8.965835571289062, -10.478777885437012 
8.423980712890625, -9.826169967651367 
5.530715465545654, -6.504977226257324 
2.13066029548645, -2.4908523559570312 
7.493238925933838, -8.741649627685547 
7.747817516326904, -9.081612586975098 
1.1569567918777466, -1.455416202545166 
-8.046076774597168, 9.2843656539917 
9.02109146118164, -10.546223640441895 
-5.752455711364746, 6.670564651489258 
-7.356785297393799, 8.454898834228516 
-9.317981719970703, 10.801563262939453 
-6.941704750061035, 7.993185997009277 
7.884645938873291, -9.26901912689209 
8.764373779296875, -10.216401100158691 
4.090216159820557, -4.858124256134033 
8.285307884216309, -9.730542182922363 
7.904665470123291, -9.234576225280762 
-7.747341632843018, 8.911598205566406 
2.0802805423736572, -2.538321018218994 
-4.4245524406433105, 5.014278411865234 
-9.266050338745117, 10.729225158691406 
-9.212294578552246, 10.683799743652344 
7.743844032287598, -9.088675498962402 
-8.542040824890137, 9.834221839904785 
-6.538309574127197, 7.541366100311279 
-8.92515754699707, 10.31230640411377 
-5.016513824462891, 5.773701190948486 
-6.846777439117432, 7.938255310058594 
-5.645143508911133, 6.54824686050415 
2.6926732063293457, -3.2057044506073 
9.78058910369873, -11.4971284866333 
-9.608657836914062, 11.145304679870605 
6.163126468658447, -7.251864433288574 
-1.3639940023422241, 1.5072662830352783 
-8.005303382873535, 9.251715660095215 
-4.5449395179748535, 5.211413383483887 
7.462208271026611, -8.768811225891113 
3.4632630348205566, -4.126505374908447 
-9.063209533691406, 10.498013496398926 
8.803661346435547, -10.297453880310059 
-8.568229675292969, 9.85932445526123 
-7.726958274841309, 8.910531044006348 
-9.048727035522461, 10.446819305419922 
5.241519451141357, -6.181190490722656 
-8.642263412475586, 9.985468864440918 
4.644058704376221, -5.421972274780273 
10.791489601135254, -12.608290672302246 
5.942576885223389, -7.011992931365967 
-9.43716049194336, 10.911365509033203 
8.433947563171387, -9.852649688720703 
-8.558415412902832, 9.888113021850586 
-9.248470306396484, 10.687782287597656 
6.289418697357178, -7.347899436950684 
4.762881278991699, -5.556198596954346 
8.570084571838379, -9.998368263244629 
8.687992095947266, -10.155247688293457 
8.114662170410156, -9.482989311218262 
6.546798229217529, -7.666077613830566 
0.4365435242652893, -0.6044166684150696 
-7.982115745544434, 9.19342041015625 
-8.027131080627441, 9.287789344787598 
7.676506519317627, -8.997993469238281 
-8.774147033691406, 10.168290138244629 
6.014945030212402, -7.099481105804443 
8.138818740844727, -9.545119285583496 
6.342624187469482, -7.428696155548096 
7.66316032409668, -9.005013465881348 
7.52885627746582, -8.799355506896973 
-3.521134853363037, 3.9652493000030518 
-8.988160133361816, 10.447624206542969 
8.24748420715332, -9.663012504577637 
-7.144743919372559, 8.24190616607666 
-6.420984268188477, 7.360649585723877 
-8.781923294067383, 10.115494728088379 
6.4003472328186035, -7.532507419586182 
-3.529684066772461, 4.0774407386779785 
3.4858016967773438, -4.104676723480225 
0.12532883882522583, -0.2065233290195465 
-9.200044631958008, 10.635702133178711 
-9.321820259094238, 10.80116081237793 
-8.921834945678711, 10.30705738067627 
4.707886219024658, -5.580198287963867 
4.900227069854736, -5.730328559875488 
7.6985039710998535, -9.026349067687988 
7.90199089050293, -9.273863792419434 
1.217505931854248, -1.4664857387542725 
7.261693477630615, -8.485713005065918 
8.166524887084961, -9.537861824035645 
5.555914878845215, -6.553359031677246 
-9.275209426879883, 10.721750259399414 
4.732590198516846, -5.59211540222168 
-4.7832932472229, 5.535090446472168 
-5.10088586807251, 5.916780471801758 
7.097082614898682, -8.333381652832031 
-4.2627339363098145, 4.89451265335083 
0.4038769006729126, -0.5215221047401428 
6.342826843261719, -7.497342109680176 
8.004460334777832, -9.401275634765625 
7.851953983306885, -9.19343376159668 
7.965125560760498, -9.320839881896973 
-0.49093037843704224, 0.48558929562568665 
-8.655933380126953, 10.018221855163574 
-7.936870098114014, 9.113520622253418 
6.8516058921813965, -8.038605690002441 
-6.059988498687744, 6.967225551605225 
5.374613285064697, -6.375244140625 
-8.27406120300293, 9.573700904846191 
8.143978118896484, -9.529012680053711 
-8.512395858764648, 9.824943542480469 
7.226101398468018, -8.436211585998535 
-6.361847400665283, 7.303591728210449 
5.627624988555908, -6.6198577880859375 
-9.766613006591797, 11.290101051330566 
8.728625297546387, -10.220206260681152 
-7.909293174743652, 9.157361030578613 
-7.977066993713379, 9.167275428771973 
-8.765857696533203, 10.134621620178223 
8.517987251281738, -9.968050956726074 
6.425186634063721, -7.5444231033325195 
-8.933423042297363, 10.36727237701416 
7.4920973777771, -8.827574729919434 
8.373712539672852, -9.793092727661133 
7.908270359039307, -9.242715835571289 
8.122697830200195, -9.536360740661621 
-8.870148658752441, 10.286871910095215 
-6.52326774597168, 7.501420021057129 
-9.11003303527832, 10.524428367614746 
-2.2988085746765137, 2.6456992626190186 
-0.3432627022266388, 0.32590338587760925 
-7.314599990844727, 8.478449821472168 
-9.4841947555542, 10.963104248046875 
-9.01207160949707, 10.38858699798584 
-4.696298599243164, 5.473202705383301 
8.629283905029297, -10.070433616638184 
5.3260087966918945, -6.275730133056641 
-9.57060432434082, 11.0521821975708 
-9.508894920349121, 10.979157447814941 
7.570099353790283, -8.876191139221191 
7.654794216156006, -9.0020112991333 
8.305647850036621, -9.710976600646973 
-7.687166690826416, 8.835166931152344 
8.909551620483398, -10.41405200958252 
3.7506394386291504, -4.569736003875732 
2.0488221645355225, -2.512474298477173 
8.968788146972656, -10.47904109954834 
-9.495248794555664, 10.98601245880127 
9.367536544799805, -10.932470321655273 
2.61448073387146, -3.071486234664917 
-7.860802173614502, 9.119611740112305 
6.931743621826172, -8.122763633728027 
-6.616048812866211, 7.607269763946533 
8.81391716003418, -10.338201522827148 
7.676904201507568, -8.981393814086914 
2.9132096767425537, -3.4388911724090576 
-6.498422145843506, 7.480705261230469 
-9.410819053649902, 10.859272956848145 
8.124944686889648, -9.532126426696777 
8.561244010925293, -10.053668975830078 
6.3105244636535645, -7.390926361083984 
6.121377468109131, -7.187046051025391 
9.04118824005127, -10.606552124023438 
-6.754331111907959, 7.821896553039551 
-8.693683624267578, 10.1234769821167 
-9.551322937011719, 11.0542573928833 
4.735443592071533, -5.649169921875 
8.000534057617188, -9.408134460449219 
-8.649312973022461, 10.004768371582031 
-6.929389953613281, 7.986063003540039 
8.355615615844727, -9.781264305114746 
-9.259098052978516, 10.730756759643555 
-8.325929641723633, 9.653067588806152 
5.318774700164795, -6.321934700012207 
-7.937231540679932, 9.182929992675781 
-7.792450428009033, 9.017681121826172 
-7.418507099151611, 8.521429061889648 
8.45521068572998, -9.892098426818848 
-3.585096836090088, 4.071420192718506 
9.766298294067383, -11.39148998260498 
9.326053619384766, -10.918778419494629 
-7.8507981300354, 9.116375923156738 
-5.601362228393555, 6.475780010223389 
-7.691596508026123, 8.907733917236328 
-6.958835124969482, 7.946300029754639 
-9.331480026245117, 10.78996753692627 
-9.014575958251953, 10.435351371765137 
8.262857437133789, -9.682364463806152 
3.717088222503662, -4.42739200592041 
7.1940813064575195, -8.415757179260254 
8.617931365966797, -10.089150428771973 
4.5457682609558105, -5.428717136383057 
-8.719334602355957, 10.042407035827637 
8.134635925292969, -9.520590782165527 
9.000018119812012, -10.546238899230957 
9.406749725341797, -11.015349388122559 
-5.008309841156006, 5.720551013946533 
-8.064023971557617, 9.305670738220215 
-1.113287091255188, 1.155185580253601 
7.7364702224731445, -9.078292846679688 
-8.928292274475098, 10.34349250793457 
-7.901458740234375, 9.104979515075684 
7.310163497924805, -8.611430168151855 
10.368088722229004, -12.124659538269043 
7.732041835784912, -9.053919792175293 
0.27920442819595337, -0.43070143461227417 
-8.866630554199219, 10.224539756774902 
5.389490127563477, -6.355968952178955 
-8.884331703186035, 10.295243263244629 
-8.654914855957031, 10.02457046508789 
-7.759139537811279, 8.965511322021484 
7.406432151794434, -8.702824592590332 
6.494869232177734, -7.63587760925293 
4.445298671722412, -5.272815704345703 
-9.993683815002441, 11.565178871154785 
-7.83294153213501, 9.060550689697266 
6.358676433563232, -7.478681564331055 
3.7792248725891113, -4.516373634338379 
-6.6359429359436035, 7.6735944747924805 
-8.047737121582031, 9.281270027160645 
-5.191893577575684, 6.033466339111328 
-7.780816078186035, 8.98261833190918 
-6.959650039672852, 8.088343620300293 
8.509812355041504, -9.939502716064453 
7.42402458190918, -8.676424026489258 
6.007100582122803, -7.032583713531494 
1.5052467584609985, -1.8166354894638062 
7.419479846954346, -8.768607139587402 
-4.930205821990967, 5.655231952667236 
-6.973367691040039, 7.972660541534424 
7.410694599151611, -8.684231758117676 
-5.220211029052734, 6.00288200378418 
8.874809265136719, -10.344001770019531 
8.936580657958984, -10.522116661071777 
-7.874144077301025, 9.065749168395996 
-7.336360454559326, 8.487967491149902 
9.478525161743164, -11.065077781677246 
-9.596620559692383, 11.097134590148926 
-7.5395588874816895, 8.722899436950684 
8.491456031799316, -9.955309867858887 
-3.590869426727295, 4.103870391845703 
1.4968533515930176, -1.8566524982452393 
6.466683864593506, -7.578492164611816 
8.895345687866211, -10.408398628234863 
6.83634090423584, -8.028782844543457 
-8.506143569946289, 9.806979179382324 
-9.753021240234375, 11.261950492858887 
-5.199550151824951, 5.967532634735107 
7.083428859710693, -8.347119331359863 
-4.298465251922607, 4.96592903137207 
9.434303283691406, -11.012579917907715 
-8.322781562805176, 9.57475757598877 
3.2999539375305176, -3.8810975551605225 
-8.32955551147461, 9.645203590393066 
7.872477054595947, -9.18398380279541 
8.220176696777344, -9.674532890319824 
-8.895827293395996, 10.318795204162598 
5.971648693084717, -6.979114055633545 
9.616703033447266, -11.22274398803711 
-6.629075527191162, 7.5613484382629395 
8.357935905456543, -9.808295249938965 
8.500566482543945, -9.940521240234375 
8.919426918029785, -10.480542182922363 
2.581918954849243, -3.0693271160125732 
-9.714635848999023, 11.271649360656738 
-8.808168411254883, 10.202486038208008 
-5.634657382965088, 6.51450252532959 
9.28377914428711, -10.828695297241211 
-7.338848114013672, 8.499005317687988 
-9.18985652923584, 10.630623817443848 
-7.7334160804748535, 8.92657470703125 
-6.03823709487915, 7.043426513671875 
7.9981865882873535, -9.399073600769043 
7.95547342300415, -9.343040466308594 
9.313962936401367, -10.894871711730957 
8.96334457397461, -10.478898048400879 
8.291051864624023, -9.703530311584473 
-8.97567367553711, 10.372106552124023 
9.812671661376953, -11.490904808044434 
-9.470508575439453, 10.947033882141113 
-0.35795795917510986, 0.283551424741745 
7.736823558807373, -9.072561264038086 
-2.756965160369873, 3.0681979656219482 
-8.985372543334961, 10.400481224060059 
-8.488642692565918, 9.779637336730957 
-5.45336389541626, 6.25187349319458 
-8.41372299194336, 9.67871379852295 
-9.520429611206055, 11.000787734985352 
6.203667640686035, -7.313887596130371 
-9.031851768493652, 10.479249954223633 
0.4074054956436157, -0.6297390460968018 
-8.970556259155273, 10.38811206817627 
-9.183168411254883, 10.639900207519531 
9.245412826538086, -10.830348014831543 
-5.911337375640869, 6.739186763763428 
-8.2639799118042, 9.56669807434082 
-9.500157356262207, 10.979541778564453 
4.211275577545166, -5.005064010620117 
-8.354595184326172, 9.609723091125488 
-6.428357124328613, 7.36824893951416 
1.2332273721694946, -1.5704257488250732 
-8.593576431274414, 9.937373161315918 
8.322681427001953, -9.722172737121582 
2.769779920578003, -3.2985289096832275 
-9.729944229125977, 11.252362251281738 
0.32437944412231445, -0.5315021276473999 
-8.710302352905273, 10.03351879119873 
8.800060272216797, -10.300630569458008 
-4.897881031036377, 5.588108539581299 
-7.6636152267456055, 8.871779441833496 
-5.135025501251221, 5.943598747253418 
-6.952301025390625, 7.979283332824707 
9.287524223327637, -10.819880485534668 
-3.1308727264404297, 3.5626277923583984 
-6.839457988739014, 7.933678150177002 
-7.213006973266602, 8.248618125915527 
-4.838050842285156, 5.555641174316406 
8.69577407836914, -10.179341316223145 
-9.91501235961914, 11.478745460510254 
-9.118173599243164, 10.5764741897583 
2.876797676086426, -3.411513328552246 
-6.927133560180664, 8.059063911437988 
-8.607059478759766, 9.990181922912598 
8.692177772521973, -10.174644470214844 
-6.233971118927002, 7.119892120361328 
8.264370918273926, -9.683587074279785 
-9.618369102478027, 11.118639945983887 
-6.039453983306885, 6.9412946701049805 
10.325555801391602, -12.089056968688965 
-4.567399501800537, 5.221389293670654 
2.2273550033569336, -2.6200461387634277 
4.113528251647949, -4.894252777099609 
-7.7496161460876465, 8.970893859863281 
-5.206573963165283, 5.950865268707275 
5.493587970733643, -6.44891357421875 
8.448014259338379, -9.885828018188477 
6.89497184753418, -8.062629699707031 
-9.438178062438965, 10.933917045593262 
9.902813911437988, -11.606810569763184 
-4.088489532470703, 4.663698673248291 
5.233219146728516, -6.190654277801514 
4.598744869232178, -5.3918633460998535 
0.13185620307922363, -0.2516736090183258 
7.197239398956299, -8.389579772949219 
-1.3066705465316772, 1.4818265438079834 
8.165220260620117, -9.545660972595215 
-5.828710079193115, 6.757730007171631 
-8.158102035522461, 9.432706832885742 
-8.707456588745117, 10.094157218933105 
6.401460647583008, -7.5105743408203125 
8.24136734008789, -9.619546890258789 
-9.089542388916016, 10.497485160827637 
8.272645950317383, -9.644048690795898 
8.595399856567383, -10.062650680541992 
8.661796569824219, -10.098816871643066 
-7.0793633460998535, 8.18070125579834 
8.029860496520996, -9.353947639465332 
8.757988929748535, -10.223268508911133 
-6.324046611785889, 7.28770637512207 
-0.6995161771774292, 0.7581493854522705 
8.32289981842041, -9.717963218688965 
8.446194648742676, -9.85837173461914 
7.84977388381958, -9.21545124053955 
-7.783385276794434, 9.01867961883545 
-7.156980991363525, 8.253140449523926 
7.539437770843506, -8.805195808410645 
9.078097343444824, -10.64367961883545 
1.8946740627288818, -2.291801929473877 
-3.458207607269287, 3.965280294418335 
-9.127981185913086, 10.529973030090332 
-7.667234897613525, 8.821537017822266 
-7.072587490081787, 8.170726776123047 
5.579529762268066, -6.599147319793701 
4.598217487335205, -5.443211078643799 
-5.129930019378662, 5.875124931335449 
-8.460866928100586, 9.79576587677002 
-7.034845352172852, 8.139564514160156 
7.171980381011963, -8.43270206451416 
-6.58102560043335, 7.610307693481445 
9.260249137878418, -10.842008590698242 
7.033798694610596, -8.265281677246094 
8.425374984741211, -9.864752769470215 
-8.93000602722168, 10.325350761413574 
-8.620874404907227, 9.953593254089355 
-8.8095121383667, 10.16980266571045 
-9.310552597045898, 10.752081871032715 
-7.41381311416626, 8.503092765808105 
-7.994502544403076, 9.18619155883789 
-7.054699420928955, 8.099042892456055 
-7.081841945648193, 8.199731826782227 
-9.132028579711914, 10.585404396057129 
9.39901351928711, -10.989558219909668 
7.832122325897217, -9.19040584564209 
-9.575336456298828, 11.069449424743652 
-4.699697494506836, 5.385372638702393 
-9.292045593261719, 10.74097728729248 
