3.899273633956909, -4.646465301513672 
-2.841966390609741, 3.25667142868042 
7.404079437255859, -8.677345275878906 
7.455224514007568, -8.746427536010742 
6.585702896118164, -7.700368881225586 
-6.857165336608887, 7.880311489105225 
-5.078080177307129, 5.769844055175781 
1.2553386688232422, -1.529658555984497 
6.399239540100098, -7.521929740905762 
0.38810399174690247, -0.59490966796875 
5.960661888122559, -6.99303674697876 
2.5039796829223633, -2.955375909805298 
7.231042861938477, -8.487977981567383 
6.957520008087158, -8.154561042785645 
-6.968194961547852, 8.017810821533203 
-1.9153317213058472, 2.1363306045532227 
6.448328018188477, -7.60402250289917 
6.64798641204834, -7.778829574584961 
6.132100582122803, -7.241093635559082 
-0.9352973699569702, 0.9542760848999023 
2.938527822494507, -3.5314016342163086 
7.720844745635986, -9.059982299804688 
-0.1828795075416565, 0.13380949199199677 
-7.45201301574707, 8.575560569763184 
-7.700350761413574, 8.868715286254883 
-1.8886206150054932, 2.0618605613708496 
7.026713848114014, -8.256805419921875 
-0.03488542139530182, -0.11799158900976181 
1.8320611715316772, -2.271043062210083 
-4.884140491485596, 5.625255584716797 
-7.611419200897217, 8.79258918762207 
6.62717342376709, -7.787333965301514 
5.8354034423828125, -6.871245384216309 
-4.020992279052734, 4.531235694885254 
5.781309127807617, -6.794258117675781 
-4.487076759338379, 5.155979156494141 
7.077320098876953, -8.224987983703613 
-6.288991928100586, 7.279033184051514 
7.328770160675049, -8.598641395568848 
0.3306264877319336, -0.5337337255477905 
8.229942321777344, -9.597702026367188 
6.925834655761719, -8.129312515258789 
3.1371119022369385, -3.6921334266662598 
2.3827097415924072, -2.8698995113372803 
-4.340762138366699, 4.916135787963867 
-5.592090606689453, 6.378774642944336 
-2.3793399333953857, 2.617588520050049 
-4.800712585449219, 5.457424163818359 
-4.151480674743652, 4.763341903686523 
-6.58272123336792, 7.552197456359863 
6.443849563598633, -7.600094318389893 
5.506809711456299, -6.506084442138672 
-5.867095947265625, 6.782276153564453 
3.541213274002075, -4.152215480804443 
-4.906555652618408, 5.649814128875732 
6.418142318725586, -7.558184623718262 
-5.151809215545654, 5.891335487365723 
-7.744811058044434, 8.967636108398438 
-0.6326754093170166, 0.6112450361251831 
-6.016411781311035, 6.960193634033203 
-7.008260250091553, 8.111218452453613 
5.079392433166504, -5.998472213745117 
3.7603862285614014, -4.480479717254639 
-6.118072509765625, 7.085309028625488 
5.9233503341674805, -6.959413528442383 
-1.1542363166809082, 1.2134418487548828 
6.39384651184082, -7.5286102294921875 
-6.235713958740234, 7.173906326293945 
-6.198031425476074, 7.115530967712402 
-0.3644447922706604, 0.3372781276702881 
6.553134441375732, -7.6958208084106445 
-4.034610748291016, 4.611031532287598 
-5.866779804229736, 6.704710483551025 
3.499382257461548, -4.121390342712402 
6.23696231842041, -7.290976047515869 
-5.514392852783203, 6.343542098999023 
6.042962551116943, -7.084122657775879 
-2.4345099925994873, 2.739689588546753 
-7.472355842590332, 8.5967435836792 
7.318307876586914, -8.527621269226074 
7.174666881561279, -8.399253845214844 
-8.218240737915039, 9.485560417175293 
-2.2540981769561768, 2.4923195838928223 
-6.346175193786621, 7.307227611541748 
-7.312555313110352, 8.453258514404297 
4.412201881408691, -5.211006164550781 
6.090067386627197, -7.104238986968994 
-7.67319393157959, 8.90056037902832 
-7.280355453491211, 8.365484237670898 
4.18324613571167, -4.951107025146484 
8.19926643371582, -9.57252025604248 
-4.191789150238037, 4.8422698974609375 
-4.743655204772949, 5.430965423583984 
-7.973891258239746, 9.240386962890625 
-6.714119911193848, 7.7719621658325195 
7.760655403137207, -9.087386131286621 
6.951413631439209, -8.12513256072998 
7.098517894744873, -8.30832290649414 
-4.321033477783203, 4.941570281982422 
6.662262916564941, -7.818550109863281 
1.3501315116882324, -1.6546941995620728 
7.587489604949951, -8.920784950256348 
-4.295947551727295, 4.931618690490723 
-3.9851033687591553, 4.526734828948975 
6.582816123962402, -7.730297088623047 
4.617498874664307, -5.418539047241211 
-7.86417818069458, 9.080827713012695 
9.335714340209961, -10.897760391235352 
0.07147806137800217, -0.1722569316625595 
-5.728390693664551, 6.617471694946289 
-6.19195032119751, 7.088667869567871 
5.909809589385986, -6.95186710357666 
-5.761391639709473, 6.565245628356934 
5.524300575256348, -6.524532794952393 
6.547001838684082, -7.668337821960449 
-4.774154186248779, 5.463735103607178 
-1.6049946546554565, 1.7765625715255737 
-2.8983867168426514, 3.250370502471924 
-6.2582292556762695, 7.178471088409424 
-4.789419651031494, 5.45043420791626 
-6.904623508453369, 7.982132911682129 
-5.833859920501709, 6.699229717254639 
5.824275016784668, -6.866436004638672 
6.8523359298706055, -8.030157089233398 
5.919070243835449, -6.962685585021973 
-7.51102876663208, 8.665345191955566 
6.854301929473877, -8.073799133300781 
-6.23326301574707, 7.1678667068481445 
-5.5529632568359375, 6.38106632232666 
6.114263534545898, -7.196521759033203 
-2.299489974975586, 2.597224235534668 
6.3336896896362305, -7.48164176940918 
-2.2679011821746826, 2.500309467315674 
-3.2523648738861084, 3.6489906311035156 
5.049643516540527, -5.949478626251221 
-6.782578945159912, 7.845067501068115 
7.437074184417725, -8.688398361206055 
-7.3526997566223145, 8.510327339172363 
-7.120025634765625, 8.1851167678833 
-7.5279388427734375, 8.726617813110352 
6.246196269989014, -7.334830284118652 
5.592558860778809, -6.598414421081543 
7.991386413574219, -9.366296768188477 
8.122982025146484, -9.516773223876953 
-6.2384772300720215, 7.187277793884277 
-2.3456838130950928, 2.617466449737549 
-7.015938758850098, 8.04908561706543 
7.479951858520508, -8.791851043701172 
-5.870682716369629, 6.7644124031066895 
5.7484612464904785, -6.780135154724121 
-7.33998966217041, 8.455766677856445 
-7.386178016662598, 8.56033706665039 
-2.4953372478485107, 2.7686355113983154 
6.997569561004639, -8.177762985229492 
-4.900207042694092, 5.606561183929443 
-4.369349956512451, 4.956260681152344 
1.2928566932678223, -1.5744173526763916 
5.117654800415039, -6.015731334686279 
-7.0547099113464355, 8.15315055847168 
-7.991612434387207, 9.208796501159668 
-6.165177822113037, 7.131772994995117 
-6.861006736755371, 7.883037567138672 
-6.790731430053711, 7.854794025421143 
-7.597079753875732, 8.782063484191895 
-7.360386848449707, 8.467309951782227 
-4.282437324523926, 4.960320472717285 
-4.2790374755859375, 4.8691582679748535 
6.353457450866699, -7.456005096435547 
0.3315248191356659, -0.4802550673484802 
7.711009502410889, -9.01591682434082 
7.020493030548096, -8.228374481201172 
-1.0737714767456055, 1.1934807300567627 
6.273638725280762, -7.38515567779541 
4.7640814781188965, -5.640639305114746 
-3.630535364151001, 4.176635265350342 
-6.066941738128662, 7.020351409912109 
-3.9259321689605713, 4.490596771240234 
-7.144979000091553, 8.268321990966797 
8.27739143371582, -9.718311309814453 
-1.9699469804763794, 2.1571011543273926 
7.118138790130615, -8.346923828125 
-3.9229090213775635, 4.488503456115723 
-4.0375823974609375, 4.561699867248535 
-4.97547721862793, 5.656133651733398 
5.86152982711792, -6.882671356201172 
7.257266044616699, -8.504581451416016 
4.960624694824219, -5.817067623138428 
7.402012825012207, -8.69233512878418 
-6.812468528747559, 7.873824119567871 
-7.3545942306518555, 8.474275588989258 
5.480852127075195, -6.440546989440918 
6.702947616577148, -7.888275623321533 
6.095078468322754, -7.149707794189453 
6.040990829467773, -7.071991443634033 
3.529832363128662, -4.214790344238281 
-5.037481784820557, 5.762706279754639 
-3.2766048908233643, 3.7339444160461426 
-6.849023818969727, 7.926071643829346 
-6.015995025634766, 6.924551963806152 
6.641567230224609, -7.761379241943359 
-5.443211555480957, 6.233684539794922 
-6.120878219604492, 7.004555702209473 
-5.479357719421387, 6.295611381530762 
5.104372024536133, -6.019317150115967 
4.633293628692627, -5.51527214050293 
8.023746490478516, -9.401578903198242 
-1.9044647216796875, 2.0889980792999268 
7.700274467468262, -9.004134178161621 
5.504046440124512, -6.468003749847412 
-2.4209587574005127, 2.6870474815368652 
0.21984772384166718, -0.35322362184524536 
3.6743311882019043, -4.3969831466674805 
7.576744079589844, -8.828933715820312 
6.16080379486084, -7.282604694366455 
-0.6570781469345093, 0.6202493906021118 
7.279882907867432, -8.516321182250977 
6.9513959884643555, -8.118736267089844 
-4.118198394775391, 4.718813419342041 
4.0516486167907715, -4.764250755310059 
-4.864477157592773, 5.541439533233643 
-6.056403160095215, 6.955870151519775 
-1.687286615371704, 1.8211790323257446 
-6.369992256164551, 7.357457160949707 
-5.923667907714844, 6.748325347900391 
-3.7461721897125244, 4.25631046295166 
-5.585408687591553, 6.442255973815918 
-2.2397077083587646, 2.498884677886963 
7.901829242706299, -9.277531623840332 
-6.138883590698242, 7.087271690368652 
2.326103448867798, -2.751236915588379 
6.200353622436523, -7.303170680999756 
6.398997783660889, -7.4722981452941895 
4.340174674987793, -5.146547794342041 
-2.9946529865264893, 3.3540968894958496 
-6.635388374328613, 7.612789630889893 
6.488413333892822, -7.6145219802856445 
7.103008270263672, -8.292269706726074 
-7.618439197540283, 8.77928638458252 
-3.836275100708008, 4.392226219177246 
-4.4348554611206055, 5.027459144592285 
-4.165124893188477, 4.755924224853516 
-5.086249828338623, 5.8543243408203125 
-3.368811845779419, 3.8189239501953125 
6.966900825500488, -8.183807373046875 
-4.531927108764648, 5.155686855316162 
7.977768898010254, -9.353096961975098 
-7.172708034515381, 8.289509773254395 
5.332822799682617, -6.3122453689575195 
-6.675484657287598, 7.661020278930664 
7.326355457305908, -8.59282112121582 
6.372795104980469, -7.492728233337402 
-5.061742305755615, 5.763441562652588 
-6.447988510131836, 7.379490852355957 
6.920018672943115, -8.160575866699219 
-7.268492698669434, 8.410167694091797 
-7.468589782714844, 8.646265029907227 
-7.012251853942871, 8.124309539794922 
7.184478282928467, -8.420434951782227 
8.55997371673584, -10.014859199523926 
7.140465259552002, -8.35800552368164 
-6.1188063621521, 7.028354644775391 
3.3749094009399414, -3.9935359954833984 
-7.432497978210449, 8.561101913452148 
4.480557918548584, -5.328482627868652 
7.685982704162598, -9.009420394897461 
-2.645810604095459, 3.047480583190918 
-3.975374937057495, 4.560748100280762 
1.3277338743209839, -1.6610702276229858 
-0.5383247137069702, 0.5039494037628174 
7.164069175720215, -8.406198501586914 
-5.191535949707031, 6.012084007263184 
6.4553632736206055, -7.5937724113464355 
-5.1134233474731445, 5.862168788909912 
-5.459956169128418, 6.20625114440918 
-6.1967902183532715, 7.064959526062012 
7.461112976074219, -8.722752571105957 
-6.21456241607666, 7.149595260620117 
-7.18948221206665, 8.293132781982422 
-0.21215248107910156, 0.12828649580478668 
-4.364006996154785, 5.075225830078125 
-5.657284259796143, 6.479106903076172 
6.686858177185059, -7.845409870147705 
2.193807363510132, -2.6367745399475098 
7.172270774841309, -8.387412071228027 
-5.810357570648193, 6.730839252471924 
-1.0139551162719727, 1.0787323713302612 
3.8029627799987793, -4.571311950683594 
8.214900016784668, -9.623350143432617 
-7.408938884735107, 8.531986236572266 
2.67390775680542, -3.2294814586639404 
4.0277204513549805, -4.766995429992676 
0.4671114683151245, -0.6232705116271973 
8.445647239685059, -9.895784378051758 
6.115288734436035, -7.198357582092285 
-4.8230485916137695, 5.497359275817871 
5.927570343017578, -6.972668170928955 
-5.645380973815918, 6.492803573608398 
7.68183708190918, -9.00326156616211 
-6.432223320007324, 7.428129196166992 
-2.956603527069092, 3.294266700744629 
7.942525386810303, -9.29334545135498 
-0.28502246737480164, 0.23999489843845367 
-5.676069259643555, 6.534951686859131 
-7.058401107788086, 8.156604766845703 
7.998432159423828, -9.366837501525879 
4.837719440460205, -5.693943977355957 
-5.245510101318359, 6.060245513916016 
7.405989646911621, -8.69377326965332 
5.175698280334473, -6.090381145477295 
8.586681365966797, -10.019881248474121 
7.415364742279053, -8.66244125366211 
1.4794641733169556, -1.8325982093811035 
5.910211086273193, -6.887617111206055 
-5.358479976654053, 6.152381420135498 
7.05069637298584, -8.2477388381958 
7.533856391906738, -8.835657119750977 
-2.7665183544158936, 3.1013169288635254 
6.806500434875488, -7.9567646980285645 
7.132673263549805, -8.28696346282959 
-6.85324239730835, 7.934948921203613 
-7.251166343688965, 8.35692310333252 
4.622694969177246, -5.476491928100586 
7.700679779052734, -9.078329086303711 
5.416486740112305, -6.4016523361206055 
6.933778762817383, -8.181529998779297 
-5.879154682159424, 6.783303260803223 
6.325979232788086, -7.416709899902344 
-6.348787307739258, 7.262667655944824 
-3.544194459915161, 4.064332485198975 
-3.5392377376556396, 4.029862403869629 
4.417680740356445, -5.204293727874756 
-5.313446044921875, 6.127132415771484 
-4.038844108581543, 4.588293075561523 
-7.920557975769043, 9.182188987731934 
-6.93280553817749, 8.01498031616211 
0.692771852016449, -0.895953893661499 
0.2202293872833252, -0.36842215061187744 
-6.0366716384887695, 6.886132717132568 
4.10093879699707, -4.832211494445801 
-3.846212148666382, 4.353262424468994 
3.9121742248535156, -4.630612373352051 
7.341375350952148, -8.58384895324707 
6.561156272888184, -7.694867134094238 
-6.971729278564453, 8.045149803161621 
3.1511943340301514, -3.749511480331421 
4.802058219909668, -5.645350456237793 
5.966572284698486, -7.017589092254639 
5.799334526062012, -6.837780952453613 
5.414634704589844, -6.378064155578613 
6.99894905090332, -8.190652847290039 
6.101675033569336, -7.122448921203613 
6.937497138977051, -8.143369674682617 
0.2946825921535492, -0.48555776476860046 
-4.335520267486572, 4.915395736694336 
7.191591262817383, -8.475736618041992 
2.466667413711548, -2.969985008239746 
-6.001111030578613, 6.874110698699951 
-7.820265293121338, 9.031551361083984 
-5.591879844665527, 6.419817924499512 
-7.4832563400268555, 8.603860855102539 
6.4255218505859375, -7.507640838623047 
4.897548675537109, -5.750033855438232 
4.177090644836426, -4.977036952972412 
-6.0055694580078125, 6.909110069274902 
1.7245856523513794, -2.064545154571533 
-0.36117079854011536, 0.30389586091041565 
6.083408355712891, -7.155084609985352 
-7.491764545440674, 8.6741943359375 
-7.525699138641357, 8.683177947998047 
-5.25669002532959, 6.065342426300049 
7.350996971130371, -8.624235153198242 
-7.408778667449951, 8.566365242004395 
2.1071884632110596, -2.563748836517334 
7.804459571838379, -9.132792472839355 
-1.1364399194717407, 1.1948697566986084 
-4.169811248779297, 4.794567108154297 
-2.7225379943847656, 3.0924594402313232 
-1.8517051935195923, 2.067849636077881 
5.663494110107422, -6.657927513122559 
6.518353462219238, -7.653735160827637 
7.005406379699707, -8.207138061523438 
7.449709415435791, -8.727117538452148 
6.474970817565918, -7.568206787109375 
-2.2454302310943604, 2.492828369140625 
-7.339148998260498, 8.483072280883789 
2.691668748855591, -3.251887321472168 
-5.570919990539551, 6.453463554382324 
4.410425662994385, -5.222068786621094 
-3.0037052631378174, 3.47464919090271 
6.798656463623047, -7.965644359588623 
7.3190813064575195, -8.581049919128418 
5.695361137390137, -6.6347198486328125 
-1.7920645475387573, 1.998296856880188 
-5.364960193634033, 6.110614776611328 
6.246516227722168, -7.318358421325684 
5.372677803039551, -6.332527160644531 
-7.271838188171387, 8.38648796081543 
-1.626003384590149, 1.7366644144058228 
-0.8015769720077515, 0.8310641050338745 
5.502378463745117, -6.489897727966309 
-5.003736972808838, 5.727595329284668 
7.52427339553833, -8.805495262145996 
-7.022843360900879, 8.107528686523438 
7.247605323791504, -8.500204086303711 
-7.994464874267578, 9.203516006469727 
-6.829894542694092, 7.871729850769043 
-2.6812450885772705, 2.9886481761932373 
2.847316265106201, -3.3961219787597656 
6.434209823608398, -7.553119659423828 
-6.9499616622924805, 8.03409194946289 
-5.256015300750732, 6.03148078918457 
6.411942958831787, -7.523595809936523 
-7.075403213500977, 8.147518157958984 
-2.4533631801605225, 2.699100971221924 
6.240088939666748, -7.28963565826416 
5.436737060546875, -6.470820426940918 
-7.368587493896484, 8.473057746887207 
-6.2348127365112305, 7.1967549324035645 
3.7027103900909424, -4.398186683654785 
-8.143560409545898, 9.419819831848145 
6.624252796173096, -7.764402389526367 
-5.422194004058838, 6.301519870758057 
-7.270275592803955, 8.342419624328613 
-3.5058672428131104, 3.976443290710449 
6.137282371520996, -7.185075759887695 
-3.565570592880249, 4.1000213623046875 
5.4200568199157715, -6.359553337097168 
-7.403759002685547, 8.534676551818848 
1.9719637632369995, -2.335399866104126 
8.770227432250977, -10.256917953491211 
-7.524509906768799, 8.702128410339355 
6.214141845703125, -7.295945167541504 
6.863070011138916, -8.063433647155762 
7.891068458557129, -9.268789291381836 
6.075873374938965, -7.167160511016846 
-5.316065311431885, 6.044207572937012 
-0.9970695972442627, 1.0478935241699219 
-5.858705043792725, 6.681730270385742 
-3.8448119163513184, 4.356778144836426 
6.632220268249512, -7.76718282699585 
-0.4623289704322815, 0.4631836414337158 
-7.18943452835083, 8.3298921585083 
-5.6759138107299805, 6.5310773849487305 
5.966132164001465, -7.030994415283203 
7.255280494689941, -8.519001007080078 
8.975347518920898, -10.502501487731934 
4.846971035003662, -5.704476833343506 
-7.406750679016113, 8.536775588989258 
5.143576622009277, -6.089367866516113 
5.674842834472656, -6.697024345397949 
-8.041707038879395, 9.311887741088867 
-7.154747009277344, 8.282705307006836 
6.80449104309082, -7.928924560546875 
3.92634654045105, -4.666354179382324 
-8.19728946685791, 9.461865425109863 
2.487565279006958, -3.038193702697754 
-7.78564453125, 9.011409759521484 
7.399956703186035, -8.699892044067383 
3.893409252166748, -4.631731033325195 
7.675871849060059, -9.006961822509766 
6.789861679077148, -7.987910747528076 
3.9147555828094482, -4.614551067352295 
-2.252009868621826, 2.507045269012451 
-8.392314910888672, 9.725711822509766 
-4.559322357177734, 5.201013565063477 
-5.306530475616455, 6.057584762573242 
-4.23846435546875, 4.863739967346191 
6.406739234924316, -7.516859531402588 
7.462386608123779, -8.768352508544922 
3.903123378753662, -4.608089447021484 
5.6591691970825195, -6.678135871887207 
-7.104085922241211, 8.152379989624023 
1.4001373052597046, -1.7101880311965942 
7.47418212890625, -8.705962181091309 
7.022025108337402, -8.23190689086914 
7.72343111038208, -9.01746940612793 
-7.089147567749023, 8.137679100036621 
8.091964721679688, -9.492351531982422 
-2.2340750694274902, 2.4760422706604004 
7.638862609863281, -8.931222915649414 
0.9033722877502441, -1.142782211303711 
5.502931594848633, -6.465595722198486 
4.593507766723633, -5.447306156158447 
7.7004008293151855, -8.994702339172363 
4.560451030731201, -5.3732428550720215 
-4.710406303405762, 5.3784637451171875 
-6.238606929779053, 7.209695816040039 
5.809316635131836, -6.798333168029785 
-7.78330135345459, 8.974605560302734 
-5.984798431396484, 6.862945079803467 
-6.896883010864258, 7.958743572235107 
-6.922364711761475, 8.021095275878906 
6.294205665588379, -7.367264270782471 
-5.226363182067871, 6.044960021972656 
-6.554821491241455, 7.500459671020508 
-3.4610979557037354, 3.9678051471710205 
4.658841133117676, -5.507491111755371 
-6.105655670166016, 7.039464473724365 
0.6435526609420776, -0.7949163913726807 
-4.888328552246094, 5.568039417266846 
7.001532554626465, -8.27165412902832 
-7.088319778442383, 8.17739200592041 
-5.813969612121582, 6.6853132247924805 
-4.768407821655273, 5.512613773345947 
7.365185260772705, -8.6539306640625 
7.394675254821777, -8.664426803588867 
-7.864550590515137, 9.084762573242188 
-0.9615076780319214, 1.0541130304336548 
2.701589822769165, -3.279097080230713 
-3.972963333129883, 4.569850921630859 
8.043338775634766, -9.385064125061035 
6.580560207366943, -7.728041648864746 
0.5484140515327454, -0.7301035523414612 
-7.797295570373535, 9.029754638671875 
-4.405055999755859, 5.0245466232299805 
6.240704536437988, -7.343476295471191 
7.387006759643555, -8.67989444732666 
3.67114520072937, -4.369675636291504 
-5.168515205383301, 5.979238510131836 
7.690364837646484, -9.020041465759277 
-0.35256388783454895, 0.33794307708740234 
6.080020904541016, -7.153578281402588 
-3.972860097885132, 4.568929672241211 
-4.890546798706055, 5.576918601989746 
-0.7802567481994629, 0.7685533761978149 
4.023891925811768, -4.788212776184082 
4.57562255859375, -5.42205286026001 
5.449576377868652, -6.389282703399658 
-3.2632083892822266, 3.7011382579803467 
3.641929864883423, -4.300473213195801 
2.048339605331421, -2.496047019958496 
-3.0927846431732178, 3.552889823913574 
-5.727315425872803, 6.544105529785156 
6.416962623596191, -7.563698768615723 
7.713703155517578, -9.045455932617188 
7.081231117248535, -8.30954360961914 
3.751340866088867, -4.420660495758057 
8.111781120300293, -9.485767364501953 
7.5283613204956055, -8.826974868774414 
-7.494783401489258, 8.673266410827637 
-6.482924461364746, 7.465970993041992 
7.529441833496094, -8.838106155395508 
-4.338475227355957, 4.952057361602783 
5.4444580078125, -6.365810394287109 
6.2109055519104, -7.2554216384887695 
-4.802550315856934, 5.5293121337890625 
4.955571174621582, -5.824585914611816 
-7.603128433227539, 8.729903221130371 
7.285575866699219, -8.508503913879395 
-0.9762721061706543, 1.0020086765289307 
-3.9934842586517334, 4.58499813079834 
6.352306365966797, -7.480443954467773 
5.766726493835449, -6.743888854980469 
-7.377909183502197, 8.538334846496582 
6.256507873535156, -7.381649494171143 
-6.963953971862793, 8.0010347366333 
-6.27552604675293, 7.264482498168945 
6.628772735595703, -7.791980743408203 
2.3818953037261963, -2.8459041118621826 
-5.868301868438721, 6.7735514640808105 
-7.410178184509277, 8.563552856445312 
-1.688763976097107, 1.9325958490371704 
6.940019607543945, -8.084217071533203 
7.821835517883301, -9.140830993652344 
-3.0253608226776123, 3.4516100883483887 
-1.8309239149093628, 2.0764575004577637 
5.81605339050293, -6.851648330688477 
-2.180734157562256, 2.5067124366760254 
-4.206615924835205, 4.809501647949219 
4.577698707580566, -5.4113264083862305 
7.443866729736328, -8.745683670043945 
6.440045356750488, -7.594318389892578 
-5.6317291259765625, 6.43696403503418 
5.5289306640625, -6.49815559387207 
-1.989033818244934, 2.2427077293395996 
-7.391266345977783, 8.560744285583496 
1.8849174976348877, -2.2702696323394775 
-6.452106952667236, 7.454413414001465 
-2.491701602935791, 2.7682087421417236 
-0.05814012140035629, -0.032857563346624374 
7.315622329711914, -8.537724494934082 
5.6002397537231445, -6.574153423309326 
-7.315630912780762, 8.46125602722168 
-4.913669586181641, 5.607085227966309 
-7.534914016723633, 8.7139892578125 
7.259169578552246, -8.519573211669922 
0.9416623115539551, -1.1657112836837769 
-6.647287368774414, 7.67008113861084 
5.866479396820068, -6.886194705963135 
-5.945469856262207, 6.852659702301025 
6.262696266174316, -7.378689765930176 
7.729111671447754, -9.032342910766602 
5.0756449699401855, -6.0030975341796875 
-4.866585731506348, 5.550688743591309 
6.920952796936035, -8.132503509521484 
-5.672399044036865, 6.524228096008301 
-0.17949482798576355, 0.08807742595672607 
-4.449921607971191, 5.0783467292785645 
-7.782905101776123, 8.984214782714844 
5.240843772888184, -6.172590255737305 
-1.699588656425476, 1.8397260904312134 
-7.654345512390137, 8.808818817138672 
-7.442880153656006, 8.558403015136719 
-5.587095260620117, 6.425965309143066 
7.220632553100586, -8.471284866333008 
6.567788124084473, -7.737270355224609 
6.302453994750977, -7.409542083740234 
3.7828547954559326, -4.46568489074707 
1.0302388668060303, -1.2262452840805054 
-6.574448108673096, 7.554342269897461 
-6.1149373054504395, 7.049507141113281 
5.196033000946045, -6.105871200561523 
-6.162899017333984, 7.06273889541626 
-5.377742290496826, 6.158886909484863 
4.553424835205078, -5.3867034912109375 
6.613329887390137, -7.756884574890137 
6.033814907073975, -7.092463970184326 
-4.91542911529541, 5.644763946533203 
4.36476469039917, -5.188647270202637 
6.720813274383545, -7.922187328338623 
6.497236251831055, -7.600185394287109 
5.650749206542969, -6.675447463989258 
-6.900212287902832, 7.942678451538086 
-7.619652271270752, 8.791053771972656 
-6.62373161315918, 7.589774131774902 
-6.625898361206055, 7.616650104522705 
-1.3641935586929321, 1.4304198026657104 
-5.391021251678467, 6.144420623779297 
-5.907468795776367, 6.777887344360352 
-6.727777004241943, 7.759598255157471 
-4.784745216369629, 5.520821571350098 
2.45611572265625, -2.8957056999206543 
-6.550707817077637, 7.514626502990723 
6.48176383972168, -7.568996906280518 
7.981651306152344, -9.393259048461914 
3.2621662616729736, -3.860008478164673 
-4.774899005889893, 5.4479756355285645 
-6.341714859008789, 7.33096981048584 
6.855745315551758, -8.01500415802002 
0.733147144317627, -0.9421088099479675 
-6.782200813293457, 7.845597743988037 
0.6728067994117737, -0.9020377397537231 
7.664651870727539, -8.994100570678711 
-1.9456590414047241, 2.200376510620117 
4.798609256744385, -5.647979736328125 
8.012683868408203, -9.40475082397461 
6.405821800231934, -7.529181480407715 
8.110154151916504, -9.517928123474121 
7.372263431549072, -8.653634071350098 
8.488434791564941, -9.989954948425293 
-6.003206253051758, 6.913771152496338 
5.987424850463867, -7.044394493103027 
-4.907022953033447, 5.6478166580200195 
6.332647323608398, -7.460352897644043 
-6.9687113761901855, 8.074569702148438 
-6.337947368621826, 7.304096221923828 
-5.938815116882324, 6.827822208404541 
-5.335610866546631, 6.072729110717773 
7.157148361206055, -8.404394149780273 
-6.5905351638793945, 7.609971046447754 
6.187229156494141, -7.26971435546875 
-6.691686153411865, 7.7093424797058105 
6.943302154541016, -8.099523544311523 
-6.165404796600342, 7.156288146972656 
-6.011515140533447, 6.852067947387695 
6.905003547668457, -8.095706939697266 
6.097368240356445, -7.167090892791748 
1.088696837425232, -1.391757845878601 
5.618340969085693, -6.6027326583862305 
3.6159005165100098, -4.2379560470581055 
-3.6654863357543945, 4.173715591430664 
5.780910491943359, -6.814422607421875 
-7.296993255615234, 8.410028457641602 
1.4455655813217163, -1.74642813205719 
7.060401916503906, -8.291633605957031 
-3.150498151779175, 3.5049889087677 
8.069833755493164, -9.445878028869629 
-5.294102191925049, 6.0918073654174805 
-7.975459098815918, 9.199137687683105 
-3.881458044052124, 4.369586944580078 
-0.15587688982486725, 0.05202106386423111 
6.572328567504883, -7.719700813293457 
6.891120910644531, -8.146902084350586 
-6.3863115310668945, 7.350242614746094 
-7.655974388122559, 8.867338180541992 
4.70078182220459, -5.606125354766846 
7.226672172546387, -8.432079315185547 
5.735738277435303, -6.755271911621094 
6.529750347137451, -7.647132873535156 
-0.9656385183334351, 1.014593243598938 
5.507132530212402, -6.418966770172119 
6.779904842376709, -7.891046524047852 
6.818460464477539, -7.984978675842285 
-6.896531105041504, 7.930710315704346 
-5.223446846008301, 5.960996150970459 
7.643599033355713, -8.933247566223145 
8.376155853271484, -9.768835067749023 
-7.0279998779296875, 8.161011695861816 
5.7126784324646, -6.680103302001953 
-0.8146495819091797, 0.8718334436416626 
9.020073890686035, -10.580982208251953 
-7.315397262573242, 8.454946517944336 
7.279707908630371, -8.543632507324219 
6.5693864822387695, -7.6770920753479 
-6.918811798095703, 7.984062194824219 
-7.6270246505737305, 8.840303421020508 
-4.172924995422363, 4.825252056121826 
4.074957847595215, -4.856609344482422 
7.2560133934021, -8.502094268798828 
-4.959744930267334, 5.756807804107666 
6.282843589782715, -7.41340446472168 
-7.4414143562316895, 8.633127212524414 
5.949377536773682, -6.998603820800781 
-7.249917984008789, 8.37411117553711 
-2.7869150638580322, 3.156010866165161 
-6.907090187072754, 7.935679912567139 
4.26069450378418, -5.022844314575195 
-1.523978352546692, 1.662211537361145 
7.331792831420898, -8.59752082824707 
5.782614707946777, -6.799600601196289 
-2.009624719619751, 2.191584825515747 
7.247556209564209, -8.449871063232422 
7.573646068572998, -8.867873191833496 
5.222874641418457, -6.088971138000488 
7.839285850524902, -9.168699264526367 
-7.09324312210083, 8.203324317932129 
-7.518917560577393, 8.700338363647461 
-1.6641438007354736, 1.9087094068527222 
-6.959994316101074, 8.067817687988281 
-4.8640642166137695, 5.628938674926758 
-7.634335041046143, 8.80788516998291 
5.402352333068848, -6.365149974822998 
2.5303823947906494, -3.0739030838012695 
-5.213911056518555, 5.946192741394043 
7.344974517822266, -8.62413501739502 
-8.063068389892578, 9.344111442565918 
-7.773369789123535, 8.96622085571289 
-6.169673442840576, 7.078695297241211 
-3.6506457328796387, 4.164431571960449 
5.1276421546936035, -6.044305324554443 
6.813918113708496, -7.982469081878662 
7.208334922790527, -8.45063304901123 
8.196910858154297, -9.64511489868164 
7.454638481140137, -8.722921371459961 
-7.2877116203308105, 8.383683204650879 
1.3673089742660522, -1.6595135927200317 
-4.80842399597168, 5.542407989501953 
6.8623433113098145, -7.995233535766602 
6.754804611206055, -7.920326232910156 
-2.5508148670196533, 2.8529109954833984 
-5.598320960998535, 6.458731651306152 
6.92548942565918, -8.133477210998535 
6.678534030914307, -7.840104103088379 
6.075773239135742, -7.151081085205078 
-6.847877502441406, 7.91079044342041 
-3.9008066654205322, 4.429042339324951 
4.729591369628906, -5.540822982788086 
-5.150884628295898, 5.955869674682617 
3.967900514602661, -4.6879119873046875 
3.5695436000823975, -4.256648063659668 
-7.039664268493652, 8.11700439453125 
4.5234375, -5.365972518920898 
-3.1360886096954346, 3.592432975769043 
6.562955856323242, -7.694085121154785 
6.582866191864014, -7.720392227172852 
-7.42957878112793, 8.581225395202637 
7.038270950317383, -8.314231872558594 
7.5773844718933105, -8.85761833190918 
-0.6695729494094849, 0.6504522562026978 
-5.643060684204102, 6.5051093101501465 
-6.038890838623047, 6.915081977844238 
6.747669219970703, -7.946478843688965 
-6.267897129058838, 7.184666633605957 
3.0666348934173584, -3.6521315574645996 
5.727270603179932, -6.756631374359131 
-4.344674110412598, 4.982745170593262 
6.943686008453369, -8.111888885498047 
8.100813865661621, -9.530416488647461 
7.794445991516113, -9.153569221496582 
-7.289761543273926, 8.444849014282227 
-7.520410537719727, 8.705437660217285 
8.211637496948242, -9.593101501464844 
-7.296233654022217, 8.447040557861328 
6.54994010925293, -7.707695484161377 
7.621448516845703, -8.914243698120117 
6.482755661010742, -7.624434947967529 
6.267695903778076, -7.350439071655273 
7.013490676879883, -8.218255996704102 
-4.312544822692871, 4.890671730041504 
7.940863609313965, -9.296060562133789 
-7.517481327056885, 8.657005310058594 
5.602141380310059, -6.616438388824463 
-2.180344343185425, 2.4208502769470215 
-5.9737677574157715, 6.904271602630615 
-7.366849899291992, 8.521361351013184 
7.165401458740234, -8.416677474975586 
-7.191030979156494, 8.342561721801758 
6.070504188537598, -7.15138578414917 
0.38178637623786926, -0.45100921392440796 
7.065802097320557, -8.245765686035156 
-6.157370090484619, 7.1222944259643555 
8.092284202575684, -9.457268714904785 
6.342467308044434, -7.413873672485352 
-6.513036727905273, 7.466963768005371 
-6.127744674682617, 7.014587879180908 
-5.0206804275512695, 5.737817287445068 
-4.5384016036987305, 5.224995136260986 
0.28230854868888855, -0.4074406623840332 
-3.8564088344573975, 4.421130180358887 
-7.970539093017578, 9.204296112060547 
-0.8834128975868225, 0.9281145334243774 
-0.3989735245704651, 0.37818610668182373 
6.644931316375732, -7.789363384246826 
7.225161552429199, -8.465929985046387 
6.064208030700684, -7.1222991943359375 
-5.185681343078613, 5.947109222412109 
7.377823829650879, -8.687705039978027 
-7.838971138000488, 9.077967643737793 
-5.99505615234375, 6.846212387084961 
2.707646608352661, -3.2525715827941895 
6.970218658447266, -8.180252075195312 
-6.391282081604004, 7.3862714767456055 
-5.120385646820068, 5.889176368713379 
2.8928256034851074, -3.406907558441162 
8.844215393066406, -10.34880542755127 
6.951071739196777, -8.156826972961426 
2.6990370750427246, -3.2124452590942383 
-4.252331733703613, 4.885396957397461 
5.56376838684082, -6.567766189575195 
-8.08531665802002, 9.328389167785645 
8.01996898651123, -9.434026718139648 
-7.202136039733887, 8.316835403442383 
6.846044063568115, -8.044746398925781 
6.352728843688965, -7.4285078048706055 
5.090786933898926, -5.981062889099121 
-3.0928852558135986, 3.473444938659668 
9.051185607910156, -10.582565307617188 
-5.315953254699707, 6.128558158874512 
7.717663764953613, -9.011046409606934 
5.3766255378723145, -6.374499320983887 
5.956786632537842, -7.0261549949646 
-6.851372718811035, 7.935652732849121 
-6.035322189331055, 6.982579231262207 
-5.852870941162109, 6.745351791381836 
-6.719040870666504, 7.703465938568115 
6.776054382324219, -7.985217094421387 
6.095311641693115, -7.166023254394531 
-6.300866603851318, 7.24198055267334 
-6.751322269439697, 7.809971332550049 
6.50413179397583, -7.6103363037109375 
-7.600627422332764, 8.760845184326172 
-5.272750377655029, 6.07349967956543 
0.45636942982673645, -0.5714899897575378 
-6.935304641723633, 7.9983062744140625 
-5.014581680297852, 5.737884998321533 
-4.7729878425598145, 5.454885005950928 
1.51480233669281, -1.851828932762146 
-7.7432756423950195, 8.924680709838867 
-0.49919798970222473, 0.45487886667251587 
5.0305986404418945, -5.945715427398682 
-5.567383289337158, 6.429963111877441 
4.804465293884277, -5.634982109069824 
4.467490196228027, -5.2346062660217285 
7.122440338134766, -8.347086906433105 
-7.816364288330078, 8.984966278076172 
6.949913501739502, -8.098434448242188 
6.631516456604004, -7.803136825561523 
-7.2521209716796875, 8.396369934082031 
-7.507028102874756, 8.645843505859375 
-2.286709785461426, 2.514286518096924 
-4.497572898864746, 5.141671657562256 
8.48081111907959, -9.92624282836914 
-0.21663779020309448, 0.20664338767528534 
-4.408151149749756, 5.114157199859619 
7.936165809631348, -9.307778358459473 
-7.115592956542969, 8.19973087310791 
-6.224380016326904, 7.1860785484313965 
-3.753476858139038, 4.277325630187988 
-2.6472225189208984, 3.0014967918395996 
6.010275840759277, -7.063543319702148 
3.4313066005706787, -4.113652229309082 
7.917235374450684, -9.27780532836914 
-8.303156852722168, 9.625855445861816 
6.1761322021484375, -7.266249179840088 
1.1828701496124268, -1.4943451881408691 
-0.6100020408630371, 0.5761520862579346 
4.964942932128906, -5.8075056076049805 
-7.258139610290527, 8.361907005310059 
-6.475653171539307, 7.479735374450684 
-2.492943286895752, 2.762794017791748 
-7.485004901885986, 8.648080825805664 
7.550922393798828, -8.847278594970703 
-7.4474945068359375, 8.584824562072754 
7.4334235191345215, -8.707979202270508 
5.048799514770508, -5.934789657592773 
-3.122363805770874, 3.5371296405792236 
6.90836238861084, -8.079294204711914 
-7.747716903686523, 8.961091995239258 
-6.920080661773682, 8.04419231414795 
5.76396369934082, -6.786593914031982 
-5.768516540527344, 6.6871337890625 
6.6494340896606445, -7.83693265914917 
-5.328641891479492, 6.174829959869385 
-7.259512901306152, 8.403752326965332 
-4.443427562713623, 5.040046691894531 
-5.444649696350098, 6.204007148742676 
-5.468453407287598, 6.260894298553467 
8.452961921691895, -9.93377685546875 
-0.9444621205329895, 1.0057017803192139 
-6.6557416915893555, 7.711703777313232 
-6.788568496704102, 7.8050007820129395 
-5.90230655670166, 6.75930118560791 
-6.743813991546631, 7.724423408508301 
-7.101165771484375, 8.270931243896484 
-8.27315616607666, 9.553621292114258 
-4.283459186553955, 4.87132453918457 
6.653234958648682, -7.826625823974609 
-7.544538974761963, 8.718894958496094 
6.931899547576904, -8.134420394897461 
6.584378242492676, -7.748259544372559 
-2.9684033393859863, 3.4072353839874268 
-5.98117208480835, 6.925877571105957 
-6.470358371734619, 7.4616265296936035 
0.15314137935638428, -0.25349006056785583 
3.18927001953125, -3.767507553100586 
-4.591236114501953, 5.274395942687988 
-7.571297645568848, 8.721268653869629 
9.41669750213623, -11.003372192382812 
-2.9415476322174072, 3.320096492767334 
-5.539320945739746, 6.339495658874512 
-3.2616724967956543, 3.7220139503479004 
6.154562950134277, -7.242070198059082 
-6.300755023956299, 7.3285441398620605 
4.660318374633789, -5.509814739227295 
-7.855401515960693, 9.079952239990234 
-4.455163955688477, 5.050095558166504 
7.394272804260254, -8.695344924926758 
8.872260093688965, -10.415580749511719 
2.9440786838531494, -3.519829273223877 
4.881765365600586, -5.761422634124756 
6.0550150871276855, -7.145741939544678 
-5.6517438888549805, 6.484584808349609 
8.06264877319336, -9.427533149719238 
7.178754806518555, -8.439435958862305 
-7.774417877197266, 8.959585189819336 
-6.670272350311279, 7.665341854095459 
-6.3842549324035645, 7.323739051818848 
1.241812825202942, -1.5595132112503052 
6.25065279006958, -7.358431339263916 
-7.170389652252197, 8.285901069641113 
6.5187530517578125, -7.654736518859863 
-4.394400596618652, 5.020604133605957 
4.554142951965332, -5.4005584716796875 
-4.310201168060303, 4.892114639282227 
-5.910068988800049, 6.772423267364502 
-3.0801990032196045, 3.4932541847229004 
-0.9641193151473999, 0.9608203172683716 
7.382936477661133, -8.669849395751953 
7.298077583312988, -8.53896713256836 
6.331137657165527, -7.475384712219238 
7.463884353637695, -8.75461483001709 
-7.024844169616699, 8.117735862731934 
-4.601494312286377, 5.354065895080566 
-7.6750664710998535, 8.871675491333008 
-7.844980716705322, 9.066451072692871 
5.705810546875, -6.738875865936279 
7.671400547027588, -9.01040267944336 
7.353043556213379, -8.622110366821289 
5.8140869140625, -6.877902030944824 
-8.14126205444336, 9.441262245178223 
3.57483172416687, -4.222328186035156 
7.694994926452637, -9.015432357788086 
-6.314040184020996, 7.272966384887695 
7.543841361999512, -8.808454513549805 
-6.528244495391846, 7.534903526306152 
-4.670468807220459, 5.331346035003662 
6.219829559326172, -7.286735534667969 
6.688681125640869, -7.886772155761719 
6.942699909210205, -8.13077449798584 
7.386361122131348, -8.659490585327148 
-6.8495635986328125, 7.929455757141113 
-7.356619834899902, 8.482063293457031 
6.10115385055542, -7.140588760375977 
-2.4782700538635254, 2.761676073074341 
7.112873077392578, -8.320554733276367 
-6.518144607543945, 7.516447067260742 
8.519927978515625, -9.987736701965332 
-2.5209805965423584, 2.8402953147888184 
4.494321823120117, -5.320768356323242 
-7.1692633628845215, 8.295574188232422 
6.267285346984863, -7.343142986297607 
4.058324337005615, -4.8284912109375 
-1.595476508140564, 1.7554800510406494 
-6.100892066955566, 7.007070064544678 
-7.9276533126831055, 9.164642333984375 
7.216460227966309, -8.506242752075195 
-3.9464025497436523, 4.510804176330566 
2.526134490966797, -3.0358619689941406 
8.677746772766113, -10.149516105651855 
-0.952957034111023, 0.9777578711509705 
-4.598847389221191, 5.2372870445251465 
-5.14164924621582, 5.946412086486816 
-7.361883163452148, 8.504190444946289 
-3.09084153175354, 3.481390953063965 
-7.664060115814209, 8.849960327148438 
7.181243419647217, -8.420654296875 
7.8874735832214355, -9.193594932556152 
5.341452598571777, -6.305769920349121 
0.524359405040741, -0.668886661529541 
6.516679286956787, -7.655490875244141 
-5.946580410003662, 6.910411834716797 
-7.494706153869629, 8.69186019897461 
-3.946614980697632, 4.490375995635986 
-7.807137489318848, 9.031586647033691 
-2.2264657020568848, 2.4771692752838135 
8.181388854980469, -9.612631797790527 
0.23704582452774048, -0.37296491861343384 
6.876411437988281, -8.05908203125 
5.399103164672852, -6.330949306488037 
-7.502297401428223, 8.663494110107422 
6.552149772644043, -7.676372051239014 
1.5949170589447021, -1.910264015197754 
5.757466793060303, -6.749634265899658 
-5.280788898468018, 6.034780979156494 
-7.336682319641113, 8.50267505645752 
-6.22562313079834, 7.107566833496094 
-3.047365427017212, 3.4355950355529785 
6.8531951904296875, -8.036072731018066 
5.714868545532227, -6.7132978439331055 
-7.387026786804199, 8.542848587036133 
4.277210712432861, -5.046444416046143 
-7.979227066040039, 9.183794021606445 
5.693681716918945, -6.7000885009765625 
-6.549285411834717, 7.533419609069824 
6.718993663787842, -7.96466588973999 
-3.132356882095337, 3.598512649536133 
-6.026578426361084, 6.900733947753906 
6.23504638671875, -7.348783493041992 
5.5966339111328125, -6.576775550842285 
-6.192407608032227, 7.136933326721191 
4.215693950653076, -5.005537986755371 
6.805591583251953, -8.012190818786621 
0.8400782346725464, -1.029962182044983 
-6.86966609954834, 7.926684856414795 
6.7667107582092285, -7.905527114868164 
-4.275140762329102, 4.881454944610596 
6.849460124969482, -8.04599380493164 
5.388920783996582, -6.3550944328308105 
5.896426200866699, -6.933979034423828 
6.346055030822754, -7.431806564331055 
8.077739715576172, -9.440513610839844 
6.9076361656188965, -8.067663192749023 
7.4836201667785645, -8.81378173828125 
-4.224390506744385, 4.849098205566406 
-7.343904495239258, 8.47227954864502 
6.402584075927734, -7.489233493804932 
-2.2859408855438232, 2.5130324363708496 
-2.5463297367095947, 2.834768295288086 
5.423535346984863, -6.414297103881836 
6.113295555114746, -7.142683029174805 
-5.8713483810424805, 6.764569282531738 
3.471895694732666, -4.1112823486328125 
-5.601893901824951, 6.4504547119140625 
-5.206510543823242, 5.935713291168213 
-4.506706714630127, 5.178174018859863 
-5.46664571762085, 6.35209846496582 
7.012551784515381, -8.163324356079102 
-5.2095537185668945, 5.9660725593566895 
-4.404682159423828, 4.981806755065918 
-5.858843803405762, 6.685639381408691 
-2.2605597972869873, 2.4911153316497803 
3.6031572818756104, -4.3037614822387695 
-4.279551029205322, 4.834930896759033 
7.276798248291016, -8.543230056762695 
7.5204033851623535, -8.801287651062012 
5.322614669799805, -6.245940685272217 
4.924551963806152, -5.759953498840332 
-3.2299163341522217, 3.6996066570281982 
-2.1403896808624268, 2.4018657207489014 
1.6934605836868286, -2.0350513458251953 
-3.9552958011627197, 4.497011184692383 
-4.74322509765625, 5.458717346191406 
-3.313284158706665, 3.7427401542663574 
-3.7332141399383545, 4.232333660125732 
2.7780587673187256, -3.365739107131958 
-5.06675910949707, 5.786019325256348 
7.675285816192627, -9.00960922241211 
2.324814796447754, -2.822509765625 
8.4781494140625, -9.90413761138916 
-5.6003522872924805, 6.424850940704346 
5.32143497467041, -6.287085056304932 
-5.640046119689941, 6.508669376373291 
-6.4254350662231445, 7.452359199523926 
-5.534560203552246, 6.322939395904541 
6.679059028625488, -7.823411464691162 
4.842090606689453, -5.686376571655273 
3.2470881938934326, -3.8416285514831543 
7.8362717628479, -9.183416366577148 
-7.294312477111816, 8.401910781860352 
-3.179666757583618, 3.603407859802246 
6.562685966491699, -7.676580429077148 
-5.830509185791016, 6.72071647644043 
1.3165420293807983, -1.66441810131073 
6.953492641448975, -8.134748458862305 
-7.412946701049805, 8.577871322631836 
-2.147339105606079, 2.3936896324157715 
-5.2060723304748535, 5.936027526855469 
8.872344970703125, -10.396305084228516 
4.11708402633667, -4.872121810913086 
-7.5107879638671875, 8.690412521362305 
-0.27711066603660583, 0.22231774032115936 
-2.489359140396118, 2.8029189109802246 
-6.843774795532227, 7.94304084777832 
2.8504154682159424, -3.4516141414642334 
4.3925018310546875, -5.1860432624816895 
5.6268630027771, -6.635223388671875 
7.258171081542969, -8.509258270263672 
-2.196909189224243, 2.4395153522491455 
5.151089668273926, -6.064333915710449 
-6.48696231842041, 7.492145538330078 
-3.3292617797851562, 3.7261850833892822 
-6.746295928955078, 7.809175968170166 
7.318992614746094, -8.573957443237305 
7.223088264465332, -8.47848129272461 
2.88138747215271, -3.4194488525390625 
-1.0818151235580444, 1.0956007242202759 
2.64748215675354, -3.137089490890503 
-5.697376251220703, 6.553753852844238 
8.378863334655762, -9.763166427612305 
-3.3418636322021484, 3.842874526977539 
6.992676734924316, -8.16584300994873 
7.313237190246582, -8.606691360473633 
-7.758437633514404, 8.988222122192383 
2.863868236541748, -3.4037556648254395 
-1.801578164100647, 1.984559178352356 
-6.643928527832031, 7.6328511238098145 
-6.039944648742676, 6.938046455383301 
-4.94472074508667, 5.691967010498047 
7.307555675506592, -8.578592300415039 
-0.8362687826156616, 0.8317056894302368 
6.367025375366211, -7.453917980194092 
1.2804819345474243, -1.6004871129989624 
-6.603231430053711, 7.595341682434082 
-7.652671813964844, 8.811095237731934 
5.176973819732666, -6.150397300720215 
-6.2540998458862305, 7.180716514587402 
-4.214158058166504, 4.843356132507324 
0.6572079658508301, -0.8822416663169861 
5.002128601074219, -5.901382923126221 
-4.282121658325195, 4.891898155212402 
6.64422082901001, -7.82218074798584 
-0.012142674066126347, -0.03941318765282631 
-8.284070014953613, 9.588711738586426 
-4.351659774780273, 4.932009696960449 
-7.27851676940918, 8.40627670288086 
7.48866081237793, -8.77061939239502 
-1.7489728927612305, 1.9288617372512817 
-4.0517578125, 4.554416656494141 
2.8332059383392334, -3.382896661758423 
-1.7509886026382446, 1.9206184148788452 
-6.243662357330322, 7.220945835113525 
2.8733584880828857, -3.43316650390625 
3.715250253677368, -4.432239055633545 
-0.5481668710708618, 0.5693886280059814 
5.858822345733643, -6.887400150299072 
-0.917251706123352, 0.9825842976570129 
-7.0246076583862305, 8.067873001098633 
7.320411682128906, -8.602073669433594 
7.2031683921813965, -8.443229675292969 
-1.301925778388977, 1.3986114263534546 
8.238929748535156, -9.658920288085938 
5.895699501037598, -6.918704986572266 
6.139535903930664, -7.219101905822754 
6.647652626037598, -7.831345081329346 
0.07280717045068741, -0.24537403881549835 
-5.14422607421875, 5.935445785522461 
5.626651763916016, -6.627540588378906 
-5.740880012512207, 6.615795135498047 
-1.4224069118499756, 1.5437403917312622 
-7.175303936004639, 8.26965045928955 
-7.199817657470703, 8.339557647705078 
-4.527500629425049, 5.1925153732299805 
7.663205623626709, -8.986151695251465 
-2.6127936840057373, 2.917705774307251 
-2.3642237186431885, 2.656398296356201 
6.601666450500488, -7.722705841064453 
-7.621561050415039, 8.799202919006348 
-5.851466178894043, 6.69582986831665 
3.671330690383911, -4.346923828125 
-7.597954273223877, 8.760815620422363 
6.346309661865234, -7.4848952293396 
6.146435737609863, -7.239165782928467 
6.978806495666504, -8.181700706481934 
-6.236845016479492, 7.145747661590576 
-7.696375846862793, 8.900840759277344 
6.886355400085449, -8.037407875061035 
0.12546977400779724, -0.2325318604707718 
-7.841656684875488, 9.07352066040039 
-4.808774948120117, 5.458250045776367 
-3.8981404304504395, 4.4723968505859375 
-5.076272964477539, 5.750128746032715 
5.43734073638916, -6.423736095428467 
6.019871711730957, -7.057162284851074 
-0.1725510060787201, 0.13739894330501556 
3.5550665855407715, -4.242671966552734 
1.723637342453003, -2.1221413612365723 
-4.594621658325195, 5.220008850097656 
6.6387715339660645, -7.794910430908203 
-8.0181245803833, 9.274048805236816 
6.836810111999512, -7.992013454437256 
-4.751768112182617, 5.5104289054870605 
-6.5309953689575195, 7.522428512573242 
-0.9628412127494812, 1.0320709943771362 
8.05720043182373, -9.438206672668457 
7.115128040313721, -8.33482551574707 
7.808720588684082, -9.184206008911133 
-4.091762542724609, 4.648059844970703 
2.260010004043579, -2.7502894401550293 
-7.9478440284729, 9.171554565429688 
6.953183174133301, -8.184591293334961 
4.998935699462891, -5.863767623901367 
1.0682289600372314, -1.3471070528030396 
-5.971725940704346, 6.816841125488281 
6.150912284851074, -7.207779884338379 
-3.1984314918518066, 3.5890727043151855 
-6.277171611785889, 7.249148368835449 
-5.5580220222473145, 6.409191131591797 
1.9380897283554077, -2.325763702392578 
0.7892343401908875, -0.9927515387535095 
3.0146775245666504, -3.6018118858337402 
-6.506361961364746, 7.516290187835693 
-0.4306093156337738, 0.43835127353668213 
-5.300214767456055, 6.055604934692383 
7.860174655914307, -9.247950553894043 
6.645207405090332, -7.803716659545898 
3.0597050189971924, -3.667484760284424 
-6.2230377197265625, 7.190646648406982 
6.199575424194336, -7.275861740112305 
7.642486572265625, -8.934710502624512 
-7.5215959548950195, 8.664351463317871 
5.922798156738281, -6.987035751342773 
4.866326332092285, -5.76200532913208 
-5.087286949157715, 5.824597358703613 
5.194857597351074, -6.114538669586182 
5.757702350616455, -6.788453578948975 
8.136920928955078, -9.516256332397461 
1.8345012664794922, -2.2769203186035156 
-4.4603166580200195, 5.112083435058594 
6.505373001098633, -7.665396690368652 
7.920217990875244, -9.276792526245117 
-6.2149152755737305, 7.1448564529418945 
-6.925307273864746, 7.981888294219971 
-8.257458686828613, 9.541671752929688 
-1.0207772254943848, 1.09748375415802 
6.253559112548828, -7.32963228225708 
-4.979126453399658, 5.678265571594238 
-4.395293235778809, 5.038991451263428 
-2.0941689014434814, 2.281571388244629 
7.865268707275391, -9.23244857788086 
3.0352046489715576, -3.625211238861084 
6.597967147827148, -7.74921178817749 
6.410686016082764, -7.510622024536133 
-6.8368730545043945, 7.879116058349609 
-1.441759467124939, 1.533292293548584 
6.620359420776367, -7.754367828369141 
-7.527032852172852, 8.681333541870117 
-8.073968887329102, 9.344684600830078 
7.096355438232422, -8.33159065246582 
-6.923672676086426, 7.955014705657959 
-7.463756084442139, 8.666183471679688 
6.7002363204956055, -7.887656211853027 
5.42752742767334, -6.378613471984863 
6.395276069641113, -7.468875408172607 
6.735391616821289, -7.902144432067871 
6.374560356140137, -7.4948201179504395 
7.452414512634277, -8.703587532043457 
-7.6310834884643555, 8.762256622314453 
-7.851435661315918, 9.052413940429688 
-0.44176211953163147, 0.4626431465148926 
7.575745582580566, -8.85354232788086 
7.408758163452148, -8.66573715209961 
6.250354290008545, -7.374294281005859 
6.814897537231445, -8.023666381835938 
-5.953456401824951, 6.8622941970825195 
-6.184404373168945, 7.10444450378418 
-2.0162646770477295, 2.2523324489593506 
-5.180391311645508, 6.0050048828125 
-7.348688125610352, 8.473581314086914 
-6.082442283630371, 6.972733020782471 
2.606816530227661, -3.1440634727478027 
5.036006450653076, -6.008296966552734 
-2.4191596508026123, 2.6911849975585938 
-6.5610527992248535, 7.583291053771973 
7.255285263061523, -8.532313346862793 
7.106788635253906, -8.324174880981445 
-2.8813486099243164, 3.3185009956359863 
7.399423599243164, -8.721641540527344 
5.084087371826172, -5.945661544799805 
-3.32951021194458, 3.7820639610290527 
-6.1617841720581055, 7.084386825561523 
2.510603666305542, -3.075406551361084 
-5.5387773513793945, 6.346934795379639 
-3.7730605602264404, 4.333108901977539 
5.521345138549805, -6.518157958984375 
-7.274363994598389, 8.439208984375 
4.605097770690918, -5.425662040710449 
3.7489516735076904, -4.469109535217285 
7.029912948608398, -8.257247924804688 
4.673044681549072, -5.525609016418457 
6.678762435913086, -7.833096504211426 
-4.067525863647461, 4.621518135070801 
-4.682347774505615, 5.396716117858887 
-2.4483931064605713, 2.7486345767974854 
7.173334121704102, -8.431554794311523 
-5.955696105957031, 6.838719367980957 
6.4951252937316895, -7.637838363647461 
-7.575283527374268, 8.724843978881836 
-7.414231300354004, 8.569538116455078 
5.732192039489746, -6.759912967681885 
6.390499591827393, -7.492128849029541 
5.447624206542969, -6.426738739013672 
-0.10943860560655594, 0.09846774488687515 
4.585579872131348, -5.366272926330566 
-4.1286516189575195, 4.636002063751221 
-8.286711692810059, 9.569860458374023 
-6.448500633239746, 7.418868541717529 
7.437815189361572, -8.711820602416992 
-3.293659210205078, 3.689743995666504 
6.2462263107299805, -7.39542818069458 
7.142532825469971, -8.392936706542969 
-1.5763133764266968, 1.6835570335388184 
3.0866527557373047, -3.6994686126708984 
-0.9154947996139526, 0.9254459738731384 
6.684986591339111, -7.863396167755127 
5.257515907287598, -6.198178291320801 
-5.497635841369629, 6.279574871063232 
3.7899391651153564, -4.49658727645874 
-6.363974571228027, 7.317404747009277 
-6.297253608703613, 7.241782188415527 
-6.508574485778809, 7.501335144042969 
-6.949956893920898, 8.001815795898438 
-6.779911994934082, 7.801966667175293 
-6.874202251434326, 7.91725492477417 
-4.850078105926514, 5.56594181060791 
-6.590471267700195, 7.61988639831543 
6.3918070793151855, -7.535387992858887 
-7.4239702224731445, 8.606682777404785 
-2.5774991512298584, 2.937992572784424 
-7.811582088470459, 9.043713569641113 
-4.035167694091797, 4.591273307800293 
6.047593116760254, -7.079880237579346 
-5.561951160430908, 6.364260673522949 
-3.980336904525757, 4.577530860900879 
-1.3074462413787842, 1.4251328706741333 
8.311827659606934, -9.720986366271973 
-3.3170201778411865, 3.7887446880340576 
-6.747303485870361, 7.832194805145264 
5.493164539337158, -6.498366355895996 
4.988457679748535, -5.885857582092285 
-5.588783264160156, 6.3925628662109375 
4.220322608947754, -5.00348424911499 
-6.862491130828857, 7.953120231628418 
5.781929969787598, -6.783891677856445 
-6.275448799133301, 7.240035057067871 
0.43879300355911255, -0.5379073619842529 
-4.8120646476745605, 5.497961521148682 
6.310689449310303, -7.402685165405273 
5.175087928771973, -6.108784198760986 
3.4531123638153076, -4.1224517822265625 
-6.61338996887207, 7.599787712097168 
5.4638671875, -6.4453125 
-7.931273937225342, 9.13866901397705 
-6.979278087615967, 8.065000534057617 
7.3644914627075195, -8.636589050292969 
-2.786264181137085, 3.1300501823425293 
-5.992694854736328, 6.893637657165527 
4.518215179443359, -5.322315692901611 
-3.7950613498687744, 4.334840297698975 
-7.82247257232666, 9.043367385864258 
-6.471569061279297, 7.517452239990234 
6.376996994018555, -7.526694297790527 
6.483487129211426, -7.583746910095215 
6.54445743560791, -7.724310874938965 
3.541133165359497, -4.262592315673828 
6.268162727355957, -7.363508224487305 
-2.0607573986053467, 2.3190269470214844 
-4.711342811584473, 5.40240478515625 
-4.298807621002197, 4.943012714385986 
-4.808557510375977, 5.4342756271362305 
6.98874044418335, -8.221490859985352 
4.263808250427246, -5.051880359649658 
-7.288966655731201, 8.442623138427734 
-6.249640464782715, 7.14500617980957 
-5.067487716674805, 5.856522560119629 
1.2168298959732056, -1.472066044807434 
-7.267223358154297, 8.409513473510742 
-5.895187854766846, 6.746120452880859 
7.955330848693848, -9.259223937988281 
6.103864669799805, -7.141711235046387 
7.537026405334473, -8.82504653930664 
6.6183857917785645, -7.735573768615723 
-5.911093711853027, 6.826541423797607 
3.8021469116210938, -4.491698265075684 
6.1638031005859375, -7.24862813949585 
3.59804368019104, -4.2036895751953125 
7.337985038757324, -8.615148544311523 
-6.735121726989746, 7.784585952758789 
-1.4994454383850098, 1.6304045915603638 
6.125169277191162, -7.175228595733643 
6.882205486297607, -8.070911407470703 
-5.306669235229492, 6.08782434463501 
-5.349094390869141, 6.201848983764648 
-0.9657002687454224, 1.0133335590362549 
4.620364189147949, -5.473170280456543 
7.012932777404785, -8.246770858764648 
-4.504561424255371, 5.1902947425842285 
-7.091896057128906, 8.189523696899414 
6.113027572631836, -7.142151832580566 
-4.603296756744385, 5.260056972503662 
8.107166290283203, -9.457717895507812 
4.207796096801758, -4.95102071762085 
6.556403160095215, -7.712003231048584 
5.395716190338135, -6.302432537078857 
-7.3181257247924805, 8.450977325439453 
-7.840590476989746, 9.032610893249512 
1.7923671007156372, -2.1839444637298584 
6.394841194152832, -7.52940559387207 
7.634300231933594, -8.981025695800781 
0.02775334008038044, -0.07491866499185562 
-6.858037948608398, 7.904211044311523 
-6.3113298416137695, 7.2938995361328125 
7.399245262145996, -8.680624961853027 
3.7047393321990967, -4.344423294067383 
6.822555065155029, -7.96447229385376 
4.700350761413574, -5.526886940002441 
4.788299560546875, -5.656914234161377 
-1.7354274988174438, 1.985797643661499 
-5.667233467102051, 6.559355735778809 
-4.276215076446533, 4.876846790313721 
7.590921878814697, -8.91050910949707 
6.52755069732666, -7.678442001342773 
6.605125427246094, -7.760479927062988 
8.008249282836914, -9.413426399230957 
8.499341011047363, -9.939123153686523 
-8.014713287353516, 9.250943183898926 
-7.34406852722168, 8.439970016479492 
-0.11273590475320816, 0.05917585641145706 
7.44805908203125, -8.736494064331055 
-7.351911544799805, 8.507038116455078 
-3.8763813972473145, 4.381337642669678 
0.04127935320138931, -0.13378791511058807 
7.254060745239258, -8.539674758911133 
-8.382080078125, 9.690244674682617 
-6.85211706161499, 7.925294876098633 
3.823105573654175, -4.532058238983154 
6.753469467163086, -7.949546813964844 
-1.9999972581863403, 2.223933219909668 
4.605997085571289, -5.441075325012207 
6.127618789672852, -7.191575050354004 
-2.3994295597076416, 2.6781044006347656 
-0.8398202657699585, 0.8396688103675842 
-4.458687782287598, 5.052342891693115 
7.877981662750244, -9.191043853759766 
-3.0508081912994385, 3.524721622467041 
-5.024699687957764, 5.71523904800415 
6.828487873077393, -8.017046928405762 
5.304250240325928, -6.245311737060547 
-6.835476875305176, 7.940248489379883 
7.347259998321533, -8.601137161254883 
-6.874424934387207, 7.916133403778076 
0.2737984359264374, -0.40363773703575134 
-0.6215895414352417, 0.6656134128570557 
-8.08702278137207, 9.320798873901367 
7.025155067443848, -8.240825653076172 
8.025364875793457, -9.40284538269043 
-4.5106401443481445, 5.091744422912598 
5.99631404876709, -7.091994762420654 
7.1417694091796875, -8.382377624511719 
-6.488275527954102, 7.481206893920898 
-7.203653335571289, 8.282844543457031 
6.961877822875977, -8.162009239196777 
6.441634654998779, -7.592018127441406 
3.272862195968628, -3.889528512954712 
7.217212200164795, -8.466880798339844 
5.382315635681152, -6.322548866271973 
-6.088846206665039, 6.963698387145996 
8.122405052185059, -9.4978666305542 
6.29580545425415, -7.424172401428223 
2.6284267902374268, -3.1726737022399902 
3.4183380603790283, -4.073924541473389 
7.400338649749756, -8.679813385009766 
-6.6339921951293945, 7.638745307922363 
-7.24603271484375, 8.406801223754883 
-5.556802749633789, 6.35660457611084 
4.980273246765137, -5.849849700927734 
-5.844537734985352, 6.7545599937438965 
-5.778991222381592, 6.624636650085449 
-7.213287353515625, 8.305368423461914 
-8.116613388061523, 9.408170700073242 
6.715770721435547, -7.931631088256836 
-8.061368942260742, 9.324058532714844 
4.77855920791626, -5.620893955230713 
-7.780648231506348, 8.996788024902344 
6.431830406188965, -7.547665119171143 
6.620685577392578, -7.731607913970947 
8.016551971435547, -9.400718688964844 
-1.7931591272354126, 1.9863804578781128 
7.255036354064941, -8.500785827636719 
5.9137372970581055, -6.9812774658203125 
7.7223615646362305, -9.069080352783203 
-4.916211128234863, 5.670167922973633 
7.914873123168945, -9.220192909240723 
6.2267327308654785, -7.325035095214844 
-7.176571846008301, 8.266162872314453 
6.714905261993408, -7.858854293823242 
-1.3468269109725952, 1.4410456418991089 
-5.779444694519043, 6.618150234222412 
-7.5398359298706055, 8.714933395385742 
6.845501899719238, -8.06065559387207 
7.191932201385498, -8.384607315063477 
6.9637885093688965, -8.155839920043945 
7.182976722717285, -8.398944854736328 
-3.345137357711792, 3.7989389896392822 
-6.4878644943237305, 7.467618465423584 
7.103891372680664, -8.374368667602539 
-6.6709818840026855, 7.730854034423828 
7.2968220710754395, -8.5279541015625 
-0.2452409565448761, 0.1490638256072998 
6.5244550704956055, -7.680163383483887 
-7.964020729064941, 9.240482330322266 
6.436593055725098, -7.593138694763184 
7.085268020629883, -8.270878791809082 
6.789097785949707, -7.97704553604126 
-6.1662211418151855, 7.06657600402832 
5.7403435707092285, -6.752662658691406 
5.925309181213379, -6.973452091217041 
-2.7132132053375244, 3.0698485374450684 
5.821893692016602, -6.806453704833984 
-5.994423866271973, 6.859224319458008 
2.637253999710083, -3.1594576835632324 
6.843655109405518, -8.047819137573242 
-4.390600204467773, 4.98029899597168 
-2.279690980911255, 2.608389377593994 
-3.3528664112091064, 3.8515522480010986 
-8.207048416137695, 9.517845153808594 
8.008872985839844, -9.36732292175293 
-4.800088882446289, 5.458889961242676 
-6.121467590332031, 7.083436965942383 
-6.607049942016602, 7.6547627449035645 
5.008272171020508, -5.897034168243408 
-2.485541582107544, 2.8737120628356934 
-0.17679229378700256, 0.06252297759056091 
7.551207542419434, -8.824682235717773 
-6.492555618286133, 7.454009532928467 
6.975419521331787, -8.182085990905762 
-3.470707416534424, 3.972038745880127 
8.056587219238281, -9.446732521057129 
-3.5719316005706787, 4.004877090454102 
-3.4231743812561035, 3.8494153022766113 
-4.105416297912598, 4.666020393371582 
6.655990123748779, -7.774428367614746 
-3.069836378097534, 3.523123264312744 
-3.0985629558563232, 3.5436320304870605 
-6.469788551330566, 7.459096908569336 
6.655559539794922, -7.845131874084473 
4.3922929763793945, -5.240420341491699 
-8.221611976623535, 9.483080863952637 
4.567924499511719, -5.392396450042725 
-6.742070198059082, 7.742195129394531 
-5.244965553283691, 6.02693510055542 
-5.59306526184082, 6.407039642333984 
-5.2849297523498535, 6.047832012176514 
3.830671548843384, -4.539490699768066 
4.787507057189941, -5.662687301635742 
5.350152969360352, -6.290229797363281 
-7.320056915283203, 8.409177780151367 
7.641900539398193, -8.940357208251953 
-2.6372692584991455, 2.932180881500244 
4.69264030456543, -5.534200668334961 
-7.49710750579834, 8.647842407226562 
-7.635699272155762, 8.77619457244873 
-2.623929500579834, 2.8957715034484863 
8.348773956298828, -9.759340286254883 
7.262202262878418, -8.461626052856445 
8.077430725097656, -9.46218490600586 
8.150636672973633, -9.522485733032227 
4.57346773147583, -5.393967151641846 
-0.7184749841690063, 0.7375446557998657 
5.930959701538086, -6.963149070739746 
-5.316806793212891, 6.088271141052246 
-8.094432830810547, 9.323530197143555 
6.123594284057617, -7.203188419342041 
-1.712158203125, 1.9126312732696533 
-4.707258701324463, 5.327279090881348 
-2.3748080730438232, 2.6374311447143555 
7.088918685913086, -8.308093070983887 
-7.337813377380371, 8.525156021118164 
7.546893119812012, -8.867757797241211 
-5.922768592834473, 6.866517066955566 
4.8384599685668945, -5.703078269958496 
-6.996742248535156, 8.087185859680176 
7.1310200691223145, -8.357807159423828 
6.197702407836914, -7.267046928405762 
-6.158055305480957, 7.114597320556641 
2.335310220718384, -2.8714113235473633 
7.818963050842285, -9.156715393066406 
7.288995742797852, -8.527067184448242 
4.62666654586792, -5.462228775024414 
2.2142045497894287, -2.608613967895508 
6.487590789794922, -7.580417633056641 
6.672795295715332, -7.830999374389648 
0.877769947052002, -1.1321371793746948 
-5.392801284790039, 6.18118143081665 
7.5001115798950195, -8.783756256103516 
-3.8508312702178955, 4.437572479248047 
-4.384343147277832, 5.002029895782471 
-7.991132736206055, 9.250560760498047 
-4.663973808288574, 5.349662780761719 
6.465008735656738, -7.6187639236450195 
7.441254138946533, -8.688067436218262 
2.5770339965820312, -3.120352268218994 
7.122027397155762, -8.388254165649414 
6.612204074859619, -7.738027572631836 
-4.114108562469482, 4.66704797744751 
-0.7438747882843018, 0.7487491369247437 
-3.1411490440368652, 3.5353500843048096 
-7.765764236450195, 8.985376358032227 
-7.361228942871094, 8.539155960083008 
5.366621971130371, -6.324429988861084 
-5.684278964996338, 6.489040374755859 
-6.05571985244751, 6.9723310470581055 
-6.749008655548096, 7.757113933563232 
-4.763104438781738, 5.4639458656311035 
-4.656166076660156, 5.385221481323242 
-4.149322509765625, 4.797505855560303 
1.2095803022384644, -1.4827033281326294 
7.816464424133301, -9.218725204467773 
-8.12502670288086, 9.411211013793945 
4.969120979309082, -5.865958213806152 
-0.2190435230731964, 0.17123101651668549 
-5.468549728393555, 6.275849342346191 
-2.941845655441284, 3.339873790740967 
5.7426323890686035, -6.7749223709106445 
2.7021329402923584, -3.2444467544555664 
-6.9734272956848145, 8.050262451171875 
7.656432628631592, -8.9681978225708 
-5.562564373016357, 6.3546833992004395 
-5.158721923828125, 5.910402297973633 
-7.047852516174316, 8.119475364685059 
4.368780612945557, -5.1588664054870605 
-6.386089324951172, 7.3496904373168945 
1.418699860572815, -1.6836107969284058 
9.216846466064453, -10.79366397857666 
3.525535821914673, -4.211842060089111 
-7.629877090454102, 8.806290626525879 
7.1677632331848145, -8.384002685546875 
-6.853403091430664, 7.90322208404541 
-6.7102508544921875, 7.726200103759766 
5.375837326049805, -6.296224117279053 
3.6083736419677734, -4.228476524353027 
7.337821960449219, -8.570302963256836 
6.675756454467773, -7.832217216491699 
6.688197135925293, -7.835073471069336 
5.46798038482666, -6.399927139282227 
-0.4930179715156555, 0.48182642459869385 
-5.808601379394531, 6.660486221313477 
-5.458888530731201, 6.296336650848389 
5.514614582061768, -6.502510070800781 
-7.010719299316406, 8.114335060119629 
5.189675331115723, -6.148787498474121 
6.654486656188965, -7.827550888061523 
4.425518989562988, -5.205040454864502 
5.1258864402771, -6.0713911056518555 
6.1658735275268555, -7.2330641746521 
1.4691835641860962, -1.830594539642334 
-7.482114315032959, 8.683341979980469 
6.646920680999756, -7.801648139953613 
-4.2335896492004395, 4.846030235290527 
-4.282307147979736, 4.875409126281738 
-6.014554977416992, 6.885272979736328 
4.607208728790283, -5.4517927169799805 
-3.530240297317505, 4.068511009216309 
2.086618185043335, -2.473698616027832 
1.9684292078018188, -2.3768563270568848 
-7.4040632247924805, 8.538371086120605 
-7.316700458526611, 8.457681655883789 
-6.638643264770508, 7.645242214202881 
2.0036189556121826, -2.4335551261901855 
3.3488571643829346, -3.930893659591675 
6.214761257171631, -7.297862529754639 
6.877932548522949, -8.091890335083008 
-1.3849397897720337, 1.5498660802841187 
6.3496198654174805, -7.434099197387695 
6.808238506317139, -7.9706902503967285 
3.2063117027282715, -3.8233723640441895 
-6.862036228179932, 7.890528202056885 
4.2281060218811035, -5.011268615722656 
-3.775212049484253, 4.347989559173584 
-4.505415916442871, 5.211470603942871 
6.516404628753662, -7.660409927368164 
-2.0566935539245605, 2.3257222175598145 
-0.08952633291482925, 0.03975159674882889 
4.592782020568848, -5.463549613952637 
6.812889099121094, -8.012543678283691 
6.699286937713623, -7.87028169631958 
6.857524871826172, -8.037803649902344 
-0.30597126483917236, 0.2618321180343628 
-6.281191825866699, 7.247228145599365 
-5.918344497680664, 6.763185501098633 
4.719821453094482, -5.571053504943848 
-3.3232929706573486, 3.775977849960327 
5.135016441345215, -6.093226432800293 
-6.073500633239746, 7.008157730102539 
6.792539119720459, -7.962800025939941 
-6.686210632324219, 7.685993194580078 
6.245070934295654, -7.30558443069458 
-2.73974871635437, 3.076375961303711 
4.661556720733643, -5.498687744140625 
-8.115364074707031, 9.358715057373047 
6.7721099853515625, -7.9507036209106445 
-6.090869903564453, 7.036391258239746 
-5.8572797775268555, 6.693387508392334 
-5.99022102355957, 6.889935493469238 
7.260236740112305, -8.513582229614258 
5.750858783721924, -6.767333984375 
-7.387691020965576, 8.560544967651367 
6.361546039581299, -7.521917819976807 
7.236745834350586, -8.481163024902344 
6.865185737609863, -8.045087814331055 
7.050520896911621, -8.300851821899414 
-7.593504905700684, 8.79806900024414 
-2.9776992797851562, 3.371011257171631 
-7.418678283691406, 8.553306579589844 
0.727246880531311, -0.88559889793396 
-0.7564021944999695, 0.8007175922393799 
-4.5571746826171875, 5.2364182472229 
-7.837076187133789, 9.04533576965332 
-6.288466453552246, 7.2001543045043945 
-2.6886816024780273, 3.114482879638672 
7.395289421081543, -8.648490905761719 
4.727120876312256, -5.595785140991211 
-7.710528373718262, 8.880619049072266 
-7.906064987182617, 9.106094360351562 
6.324253559112549, -7.438255786895752 
5.386810302734375, -6.371099472045898 
7.063251495361328, -8.278214454650879 
-4.337350845336914, 4.936484336853027 
7.398557186126709, -8.670509338378906 
4.111368179321289, -4.9713215827941895 
3.4422247409820557, -4.138344764709473 
7.572263717651367, -8.86566162109375 
-7.777095794677734, 8.973489761352539 
8.336198806762695, -9.742807388305664 
2.586078405380249, -3.050384283065796 
-6.293023109436035, 7.289977073669434 
5.916642189025879, -6.9519362449646 
-3.6682591438293457, 4.1563720703125 
7.035928726196289, -8.2750825881958 
5.980157852172852, -7.015628814697266 
0.920771598815918, -1.137234091758728 
-4.934175968170166, 5.657771110534668 
-6.683235168457031, 7.659669876098633 
6.98167085647583, -8.20793628692627 
5.8926286697387695, -6.953547477722168 
5.668150901794434, -6.6477508544921875 
4.122899055480957, -4.867385387420654 
7.575162410736084, -8.913454055786133 
-4.941193580627441, 5.7064104080200195 
-7.492131233215332, 8.705588340759277 
-7.667060375213623, 8.854934692382812 
5.246471405029297, -6.23898458480835 
6.711463928222656, -7.9094157218933105 
-6.591913223266602, 7.600907325744629 
-3.645374298095703, 4.152543544769287 
7.023615837097168, -8.242050170898438 
-7.624983310699463, 8.820064544677734 
-6.67462158203125, 7.731449127197266 
4.024938583374023, -4.812387943267822 
-5.497998237609863, 6.350842475891113 
-6.361513137817383, 7.343777179718018 
-2.8797757625579834, 3.2392020225524902 
7.412410259246826, -8.689541816711426 
-0.7326730489730835, 0.7403039336204529 
8.49857234954834, -9.932353973388672 
7.642411708831787, -8.966444969177246 
-6.6823577880859375, 7.752910137176514 
-4.867835998535156, 5.6148834228515625 
-6.192318916320801, 7.152834892272949 
-3.3080477714538574, 3.671339511871338 
-7.670454025268555, 8.853070259094238 
-7.143860340118408, 8.254368782043457 
7.205541133880615, -8.455915451049805 
2.6052300930023193, -3.133568286895752 
5.800802230834961, -6.8107757568359375 
6.78239631652832, -7.959680080413818 
3.3730313777923584, -4.068272113800049 
-6.293661117553711, 7.214803695678711 
6.446228981018066, -7.57023811340332 
7.988809585571289, -9.37143325805664 
7.960395336151123, -9.3431396484375 
-2.4077272415161133, 2.6948423385620117 
-5.46023416519165, 6.267984867095947 
3.0472142696380615, -3.675079584121704 
6.244528770446777, -7.356766700744629 
-6.9410810470581055, 8.02105712890625 
-5.864255428314209, 6.726851463317871 
6.380690574645996, -7.5318379402160645 
8.238353729248047, -9.660751342773438 
6.660952091217041, -7.81511116027832 
3.3087193965911865, -3.956634521484375 
-5.645793914794922, 6.47163200378418 
3.5358920097351074, -4.205117225646973 
-6.998223304748535, 8.093303680419922 
-6.876099109649658, 7.952571392059326 
-6.410542011260986, 7.395384311676025 
6.027342796325684, -7.10428524017334 
3.2253377437591553, -3.8410067558288574 
3.500352621078491, -4.175009250640869 
-8.452455520629883, 9.767532348632812 
-5.963540077209473, 6.878480434417725 
5.447300434112549, -6.416969299316406 
2.733792543411255, -3.3050320148468018 
-4.698575496673584, 5.4225358963012695 
-5.742776870727539, 6.591800689697266 
-4.198478698730469, 4.853367805480957 
-5.401130676269531, 6.200991630554199 
-6.007452964782715, 6.969948768615723 
7.541375160217285, -8.819563865661621 
6.337065696716309, -7.421971797943115 
4.48805046081543, -5.2760701179504395 
1.1518709659576416, -1.4198697805404663 
5.180631637573242, -6.164989948272705 
-0.7257649898529053, 0.7588679790496826 
-3.697924852371216, 4.135651111602783 
6.068438529968262, -7.1318817138671875 
-3.742253065109253, 4.267241477966309 
7.745395183563232, -9.04383373260498 
7.254537582397461, -8.562726974487305 
-5.570490837097168, 6.376891136169434 
-5.270046710968018, 6.070834159851074 
7.691131591796875, -8.991438865661621 
-7.603884696960449, 8.763812065124512 
-5.372415065765381, 6.190889835357666 
7.439365863800049, -8.741907119750977 
-1.5390418767929077, 1.7072794437408447 
1.6584383249282837, -2.05141544342041 
3.7204620838165283, -4.421831130981445 
6.916596412658691, -8.122705459594727 
3.282670497894287, -3.9000842571258545 
-5.609343528747559, 6.406927108764648 
-8.104942321777344, 9.336307525634766 
-3.7505075931549072, 4.281241416931152 
5.858782768249512, -6.927701473236084 
-3.195232629776001, 3.6762843132019043 
8.703527450561523, -10.17339038848877 
-4.461480140686035, 5.0498199462890625 
2.5811216831207275, -3.0680313110351562 
-6.6929612159729, 7.730888366699219 
6.758079528808594, -7.904415130615234 
6.499368667602539, -7.6789231300354 
-7.248562812805176, 8.397035598754883 
5.546044826507568, -6.490841388702393 
8.369596481323242, -9.777289390563965 
-3.7987263202667236, 4.254164695739746 
6.507189750671387, -7.659371376037598 
7.042732238769531, -8.2566556930542 
7.1102614402771, -8.384571075439453 
2.7142646312713623, -3.2377781867980957 
-8.067715644836426, 9.346022605895996 
-6.920519828796387, 7.992504119873047 
-4.2461113929748535, 4.884497165679932 
7.852705001831055, -9.180967330932617 
-4.377752304077148, 5.044214248657227 
-7.378915786743164, 8.515048027038574 
-6.303103446960449, 7.253194808959961 
-5.849998474121094, 6.793474197387695 
6.565711975097656, -7.741548538208008 
6.4834747314453125, -7.641243934631348 
7.969213008880615, -9.339654922485352 
7.232653617858887, -8.468795776367188 
7.222526550292969, -8.47073745727539 
-6.623229026794434, 7.6243696212768555 
8.077203750610352, -9.479776382446289 
-7.576126575469971, 8.744569778442383 
1.1857680082321167, -1.5191280841827393 
6.536673545837402, -7.694234848022461 
-2.1654858589172363, 2.383173942565918 
-6.259057998657227, 7.219165802001953 
-5.1338396072387695, 5.845005989074707 
-2.4863622188568115, 2.7853481769561768 
-4.9180073738098145, 5.584352493286133 
-7.665798664093018, 8.8285551071167 
3.0642218589782715, -3.6678409576416016 
-7.486798286437988, 8.674251556396484 
0.43768805265426636, -0.6563352942466736 
-7.308333873748779, 8.442322731018066 
-7.116387844085693, 8.221330642700195 
7.559657096862793, -8.887300491333008 
-3.076354742050171, 3.4360198974609375 
-6.180243968963623, 7.13780403137207 
-7.8170881271362305, 9.013296127319336 
4.700076103210449, -5.588784694671631 
-5.1337456703186035, 5.8420257568359375 
-4.76819372177124, 5.445587158203125 
0.26017922163009644, -0.42540717124938965 
-6.557090759277344, 7.5541839599609375 
7.255346775054932, -8.489118576049805 
4.643441677093506, -5.479582786560059 
-7.9345879554748535, 9.157201766967773 
-1.7638083696365356, 1.890116572380066 
-5.11859130859375, 5.806251049041748 
7.745273113250732, -9.076688766479492 
-0.012381372042000294, -0.09587612003087997 
-6.569533824920654, 7.592864990234375 
-3.6946957111358643, 4.253665924072266 
-3.4144575595855713, 3.8588359355926514 
8.178722381591797, -9.540023803710938 
-1.6126079559326172, 1.7906090021133423 
-5.211806297302246, 6.03047513961792 
-3.6152703762054443, 4.0572099685668945 
-4.338565826416016, 4.972522258758545 
7.3129377365112305, -8.57691478729248 
-8.25320816040039, 9.542949676513672 
-7.387408256530762, 8.552183151245117 
1.4134186506271362, -1.7143319845199585 
-4.806684494018555, 5.5926103591918945 
-7.114130020141602, 8.251249313354492 
7.809666156768799, -9.148578643798828 
-3.1181397438049316, 3.470654010772705 
6.918105602264404, -8.13255500793457 
-7.66741943359375, 8.83187484741211 
-3.404212713241577, 3.8683605194091797 
8.537097930908203, -10.01187515258789 
-4.853137493133545, 5.552920818328857 
1.4685999155044556, -1.7605788707733154 
3.2568111419677734, -3.905135154724121 
-6.533351421356201, 7.545685768127441 
-2.601273775100708, 2.9262967109680176 
4.785296440124512, -5.628201007843018 
7.311729431152344, -8.570087432861328 
6.123441696166992, -7.174158573150635 
-7.496970176696777, 8.66162109375 
8.194971084594727, -9.628673553466797 
-2.264526605606079, 2.5275094509124756 
3.3410451412200928, -3.9805796146392822 
4.567331790924072, -5.361774921417236 
-1.381391167640686, 1.5030088424682617 
6.353711128234863, -7.417515754699707 
-1.1758009195327759, 1.320709228515625 
6.956011772155762, -8.138801574707031 
-5.557839393615723, 6.430365085601807 
-6.065274238586426, 6.978647232055664 
-7.157584190368652, 8.271915435791016 
4.73001766204834, -5.576046943664551 
6.599985122680664, -7.7203474044799805 
-6.71688175201416, 7.718985080718994 
6.973165988922119, -8.14040470123291 
7.366434097290039, -8.647954940795898 
7.422408580780029, -8.665722846984863 
-5.3129730224609375, 6.120858192443848 
6.650554656982422, -7.7602691650390625 
7.506903648376465, -8.774757385253906 
-4.900057792663574, 5.615911483764648 
0.6267809271812439, -0.7840040922164917 
6.876021385192871, -8.043227195739746 
7.30954122543335, -8.545124053955078 
6.614420413970947, -7.783608436584473 
-6.346832275390625, 7.343341827392578 
-3.729111433029175, 4.247676849365234 
6.583105564117432, -7.699268341064453 
6.82084846496582, -8.028701782226562 
2.1653337478637695, -2.610183000564575 
-1.631381869316101, 1.8423402309417725 
-6.706385135650635, 7.683951377868652 
-2.6837356090545654, 3.006620168685913 
-5.000128269195557, 5.7569580078125 
6.228680610656738, -7.358687400817871 
3.328490972518921, -3.963329315185547 
-2.164571523666382, 2.4180288314819336 
-7.164805889129639, 8.277006149291992 
-5.261745452880859, 6.056669235229492 
6.110703945159912, -7.207578659057617 
-3.8470256328582764, 4.420319557189941 
7.568479537963867, -8.888383865356445 
4.9052324295043945, -5.793896198272705 
7.171848297119141, -8.415492057800293 
-7.197118759155273, 8.30504322052002 
-7.017352104187012, 8.087791442871094 
-6.347126007080078, 7.29322624206543 
-7.410552024841309, 8.538999557495117 
-4.113802433013916, 4.649621963500977 
-5.001518249511719, 5.685877323150635 
-3.7994465827941895, 4.295670509338379 
-6.491714000701904, 7.5082926750183105 
-7.422370910644531, 8.588258743286133 
7.911649703979492, -9.273531913757324 
6.216667652130127, -7.3157124519348145 
-8.027077674865723, 9.26150894165039 
-2.7278082370758057, 3.085406541824341 
-7.236499309539795, 8.336862564086914 
