6.665818691253662, -7.847358226776123 
-1.9123891592025757, 2.1826939582824707 
8.23769760131836, -9.641264915466309 
8.09377670288086, -9.489204406738281 
7.109386920928955, -8.31538200378418 
-7.696495532989502, 8.858878135681152 
-6.039499759674072, 6.881386756896973 
3.2889821529388428, -3.8998005390167236 
7.084335803985596, -8.323823928833008 
-2.814289093017578, 3.1270508766174316 
6.667830467224121, -7.8173627853393555 
3.694047451019287, -4.3367204666137695 
7.778751850128174, -9.120878219604492 
7.4306206703186035, -8.703991889953613 
-7.795159816741943, 8.982208251953125 
-2.1815881729125977, 2.4500558376312256 
7.287562370300293, -8.575369834899902 
7.5348801612854, -8.81041431427002 
7.299985408782959, -8.593194961547852 
-0.1975058764219284, 0.0983603224158287 
4.104106903076172, -4.893593788146973 
8.12270450592041, -9.53201675415039 
1.6584937572479248, -2.0042176246643066 
-8.064187049865723, 9.289609909057617 
-8.502676010131836, 9.802538871765137 
-6.046579360961914, 6.915466785430908 
7.641994953155518, -8.971929550170898 
0.41143178939819336, -0.6353058815002441 
0.8579645752906799, -1.1505433320999146 
-4.950000286102295, 5.692947864532471 
-7.736873149871826, 8.939804077148438 
7.029323101043701, -8.250248908996582 
6.267333507537842, -7.373739242553711 
-5.820823669433594, 6.634696960449219 
6.232354164123535, -7.328478813171387 
-4.5385050773620605, 5.214118957519531 
7.62877082824707, -8.87073040008545 
-6.508645057678223, 7.541697978973389 
8.008076667785645, -9.382699966430664 
0.09033742547035217, -0.24741284549236298 
8.647791862487793, -10.080224990844727 
7.277671813964844, -8.53781795501709 
4.440685749053955, -5.207877159118652 
7.120547771453857, -8.377840042114258 
-6.501910209655762, 7.436018943786621 
-7.431233882904053, 8.53587532043457 
-5.225949764251709, 5.929838180541992 
-7.322436809539795, 8.409440994262695 
-3.405944347381592, 3.903918504714966 
-7.936556339263916, 9.136353492736816 
7.4473676681518555, -8.76419734954834 
6.231675148010254, -7.352047920227051 
-6.0173020362854, 6.962818145751953 
3.5722274780273438, -4.193722248077393 
-5.169398784637451, 5.956875801086426 
6.687547206878662, -7.8835601806640625 
-6.3975677490234375, 7.350283622741699 
-8.094200134277344, 9.377540588378906 
0.6101447343826294, -0.8359196186065674 
-6.486443042755127, 7.511506080627441 
-7.376779079437256, 8.538299560546875 
6.824252128601074, -8.030754089355469 
4.960954189300537, -5.8674774169921875 
-6.193511962890625, 7.186463356018066 
6.526829242706299, -7.66103458404541 
-1.8874951601028442, 2.0568997859954834 
6.494137763977051, -7.644627571105957 
-7.136854648590088, 8.222175598144531 
-7.24035120010376, 8.328377723693848 
-0.6084868311882019, 0.6242156028747559 
6.935807228088379, -8.134005546569824 
-4.561580181121826, 5.224100112915039 
-7.091813087463379, 8.13136100769043 
3.400538444519043, -4.015449523925781 
7.109665870666504, -8.30451774597168 
-5.191863536834717, 5.976271629333496 
7.675037384033203, -8.986738204956055 
-0.8347489237785339, 0.8753954172134399 
-8.292516708374023, 9.552988052368164 
7.793637275695801, -9.08491325378418 
7.809544086456299, -9.138762474060059 
-8.706283569335938, 10.04873275756836 
-7.006752967834473, 8.01947021484375 
-7.164218425750732, 8.257131576538086 
-7.901691913604736, 9.133184432983398 
5.702193737030029, -6.712174415588379 
7.25001859664917, -8.454517364501953 
-7.722246170043945, 8.960420608520508 
-8.339916229248047, 9.607206344604492 
4.644650936126709, -5.484517574310303 
8.567756652832031, -10.000422477722168 
-3.5856664180755615, 4.138150691986084 
-2.1279563903808594, 2.385021924972534 
-8.286031723022461, 9.604036331176758 
-6.623424053192139, 7.676554203033447 
8.506650924682617, -9.952725410461426 
7.3411359786987305, -8.580413818359375 
7.624429225921631, -8.93385124206543 
-3.376919746398926, 3.832629442214966 
7.863452434539795, -9.211854934692383 
4.497182369232178, -5.310672760009766 
8.04747486114502, -9.452181816101074 
-1.528186559677124, 1.7301684617996216 
-1.767716884613037, 1.925607681274414 
7.5782599449157715, -8.881296157836914 
4.759467601776123, -5.585595607757568 
-8.487810134887695, 9.804603576660156 
9.933629989624023, -11.589555740356445 
2.6497011184692383, -3.161067485809326 
-5.300264835357666, 6.132612228393555 
-7.277225017547607, 8.35179615020752 
6.334360599517822, -7.44460916519165 
-7.265596389770508, 8.330476760864258 
6.1613545417785645, -7.2670464515686035 
7.274392604827881, -8.517301559448242 
-4.230737686157227, 4.830130100250244 
1.3798991441726685, -1.6874231100082397 
-4.200835704803467, 4.760917663574219 
-6.726959228515625, 7.724497318267822 
-6.215485095977783, 7.1151018142700195 
-7.740135669708252, 8.954021453857422 
-7.231817245483398, 8.327022552490234 
6.384347915649414, -7.512986660003662 
7.29537296295166, -8.54521369934082 
6.600065231323242, -7.759089469909668 
-8.06889533996582, 9.315813064575195 
7.473062038421631, -8.797256469726562 
-6.3110032081604, 7.2585768699646 
-4.150967121124268, 4.748993873596191 
6.367090225219727, -7.493069648742676 
-0.47162264585494995, 0.4755465090274811 
7.4484381675720215, -8.767701148986816 
-3.7556705474853516, 4.222439765930176 
-4.8772358894348145, 5.540045261383057 
7.008245944976807, -8.231473922729492 
-6.556131839752197, 7.585949897766113 
7.948950290679932, -9.289892196655273 
-7.542044162750244, 8.73659896850586 
-7.9753804206848145, 9.184883117675781 
-6.936239719390869, 8.046914100646973 
6.722471714019775, -7.905533313751221 
6.760267734527588, -7.946465015411377 
8.534357070922852, -9.998046875 
8.760343551635742, -10.25434684753418 
-7.429520130157471, 8.569429397583008 
-3.7862186431884766, 4.296746253967285 
-8.059700012207031, 9.260700225830078 
8.314888000488281, -9.762364387512207 
-6.203914642333984, 7.152252197265625 
6.556295871734619, -7.714968204498291 
-8.23086929321289, 9.494126319885254 
-7.253272533416748, 8.415931701660156 
-1.4829504489898682, 1.5885593891143799 
7.560438632965088, -8.831851959228516 
-5.3024582862854, 6.067838668823242 
-6.658481597900391, 7.628299713134766 
-0.3530591130256653, 0.3595474362373352 
6.357624530792236, -7.4565863609313965 
-7.881742000579834, 9.110665321350098 
-8.515515327453613, 9.819127082824707 
-6.173040866851807, 7.152299880981445 
-7.858797550201416, 9.049556732177734 
-7.242801666259766, 8.376922607421875 
-7.771909236907959, 8.98530101776123 
-8.298795700073242, 9.561038970947266 
-4.6933512687683105, 5.427962303161621 
-6.95873498916626, 8.003315925598145 
7.021615505218506, -8.237711906433105 
4.055206775665283, -4.814260005950928 
8.35020923614502, -9.751626014709473 
7.595797538757324, -8.894807815551758 
-0.10943011939525604, 0.07680920511484146 
6.713954925537109, -7.900572299957275 
5.294071674346924, -6.259365081787109 
-1.2929370403289795, 1.4707437753677368 
-6.831249237060547, 7.907491683959961 
-3.8445565700531006, 4.390873908996582 
-7.609189033508301, 8.814038276672363 
8.992788314819336, -10.548364639282227 
-4.972127914428711, 5.666221618652344 
7.889839172363281, -9.24827766418457 
-4.212193012237549, 4.834229469299316 
-6.752915859222412, 7.735762596130371 
-7.008259296417236, 8.028779983520508 
6.548633098602295, -7.688587188720703 
7.748080730438232, -9.073585510253906 
4.600881576538086, -5.4020771980285645 
7.9813103675842285, -9.361339569091797 
-7.271523952484131, 8.401810646057129 
-7.912625789642334, 9.128175735473633 
5.812365531921387, -6.828874111175537 
7.263158798217773, -8.536358833312988 
6.453560829162598, -7.573642730712891 
6.41904878616333, -7.515331268310547 
5.368593692779541, -6.347049713134766 
-4.025450706481934, 4.5851263999938965 
-0.673681914806366, 0.7119321823120117 
-7.1039605140686035, 8.227544784545898 
-6.564785003662109, 7.565878868103027 
7.160191535949707, -8.36223030090332 
-6.565216064453125, 7.55009651184082 
-7.24453592300415, 8.315424919128418 
-5.4005208015441895, 6.205376148223877 
5.359072208404541, -6.324082374572754 
5.212976932525635, -6.179328918457031 
8.790534019470215, -10.302685737609863 
-1.3923633098602295, 1.4958202838897705 
8.352346420288086, -9.758240699768066 
7.215546131134033, -8.442741394042969 
-1.3206403255462646, 1.3968244791030884 
5.142384052276611, -6.063642501831055 
4.064439296722412, -4.853522300720215 
8.157434463500977, -9.504617691040039 
7.51019811630249, -8.846131324768066 
-3.0927555561065674, 3.43965220451355 
7.571150302886963, -8.864450454711914 
7.226651668548584, -8.443414688110352 
-4.127732753753662, 4.730123043060303 
6.224289417266846, -7.282669544219971 
-5.618428707122803, 6.412714004516602 
-6.72664213180542, 7.730393409729004 
-4.40883207321167, 4.980469226837158 
-6.273674011230469, 7.254781723022461 
-7.420246124267578, 8.496312141418457 
-4.735636234283447, 5.398850440979004 
-4.777894973754883, 5.509209632873535 
0.2381497174501419, -0.3803689479827881 
8.52437973022461, -9.99404525756836 
-6.081589221954346, 7.01923942565918 
2.841923236846924, -3.348175525665283 
6.9056010246276855, -8.127130508422852 
7.402851581573486, -8.643007278442383 
5.422247409820557, -6.406950950622559 
-2.165611743927002, 2.3804938793182373 
-7.71246862411499, 8.873696327209473 
6.9840288162231445, -8.187810897827148 
8.075180053710938, -9.419986724853516 
-8.224050521850586, 9.47828483581543 
-3.7840325832366943, 4.338505744934082 
-6.636402606964111, 7.5880126953125 
-4.024008750915527, 4.596368312835693 
-4.851125240325928, 5.579639911651611 
-2.258622646331787, 2.525358200073242 
7.562342166900635, -8.872074127197266 
-6.850564479827881, 7.87396240234375 
8.617719650268555, -10.09013557434082 
-7.935678482055664, 9.171611785888672 
6.107376575469971, -7.218369483947754 
-7.809759140014648, 8.983226776123047 
7.918473720550537, -9.284555435180664 
7.007697582244873, -8.23524284362793 
-6.685004711151123, 7.654356956481934 
-7.521572589874268, 8.628448486328125 
7.688877105712891, -9.055557250976562 
-7.629965305328369, 8.83308219909668 
-7.71324348449707, 8.937692642211914 
-7.385962963104248, 8.562591552734375 
7.949207782745361, -9.30461311340332 
9.075145721435547, -10.618547439575195 
7.750036716461182, -9.068010330200195 
-7.683477878570557, 8.847546577453613 
2.1897177696228027, -2.6156814098358154 
-7.52371883392334, 8.668659210205078 
4.503360271453857, -5.36284065246582 
8.838335037231445, -10.351356506347656 
-1.940744400024414, 2.221798896789551 
-3.2932543754577637, 3.763359308242798 
-1.2015831470489502, 1.268933653831482 
-3.16605281829834, 3.5475692749023438 
7.834717750549316, -9.185661315917969 
-5.501941204071045, 6.374608039855957 
7.0644145011901855, -8.295371055603027 
-5.031614303588867, 5.757019519805908 
-7.59562873840332, 8.709774017333984 
-7.922277927398682, 9.096561431884766 
7.745310306549072, -9.049479484558105 
-5.538028240203857, 6.356043338775635 
-7.606452465057373, 8.775531768798828 
0.021746734157204628, -0.1478905975818634 
-3.936134099960327, 4.579014301300049 
-6.99388313293457, 8.044682502746582 
7.12444543838501, -8.35525894165039 
3.8042006492614746, -4.513132572174072 
7.731229305267334, -9.035181045532227 
-6.301412105560303, 7.306020736694336 
-0.1418212652206421, 0.07502678781747818 
3.606018543243408, -4.343224048614502 
8.712385177612305, -10.204192161560059 
-8.200215339660645, 9.451162338256836 
-0.2476014941930771, 0.16070450842380524 
5.306837558746338, -6.251699924468994 
-1.2532386779785156, 1.3632391691207886 
8.816752433776855, -10.322019577026367 
6.587643146514893, -7.754900932312012 
-6.302375316619873, 7.2222113609313965 
6.288332939147949, -7.392688274383545 
-6.115575790405273, 7.046262264251709 
8.174427032470703, -9.575824737548828 
-6.919846057891846, 7.998378753662109 
-4.938945770263672, 5.618655204772949 
8.639184951782227, -10.100519180297852 
1.1296085119247437, -1.404810905456543 
-4.971102714538574, 5.715692520141602 
-7.30318546295166, 8.442586898803711 
8.264997482299805, -9.675100326538086 
5.8713459968566895, -6.894763946533203 
-5.150254726409912, 5.9496331214904785 
7.75185489654541, -9.09514045715332 
7.3905487060546875, -8.662923812866211 
9.115558624267578, -10.63491439819336 
8.007323265075684, -9.3554048538208 
2.8689703941345215, -3.448168992996216 
6.100668907165527, -7.110260009765625 
-5.077717304229736, 5.834928512573242 
7.582976818084717, -8.864137649536133 
7.918223857879639, -9.281646728515625 
-3.9294040203094482, 4.447821617126465 
7.389477252960205, -8.630868911743164 
7.554534435272217, -8.789271354675293 
-7.107901573181152, 8.235528945922852 
-7.807281017303467, 8.99817180633545 
5.777546405792236, -6.815868377685547 
8.540412902832031, -10.051198959350586 
7.367552280426025, -8.667271614074707 
7.651294231414795, -9.013193130493164 
-6.424352645874023, 7.419636249542236 
6.9982709884643555, -8.209149360656738 
-7.324891090393066, 8.397199630737305 
-2.380065679550171, 2.707977533340454 
-6.012248516082764, 6.9050164222717285 
4.979681491851807, -5.859324932098389 
-4.937539577484131, 5.701735019683838 
-5.582969665527344, 6.383183479309082 
-8.253351211547852, 9.566866874694824 
-7.032698154449463, 8.134138107299805 
3.9662041664123535, -4.688371658325195 
-1.3020175695419312, 1.4046436548233032 
-7.437179088592529, 8.534283638000488 
5.43445348739624, -6.386613368988037 
-5.889077663421631, 6.731109142303467 
6.579201698303223, -7.723729133605957 
7.9333295822143555, -9.2708158493042 
6.9373087882995605, -8.125783920288086 
-7.476677417755127, 8.635787010192871 
5.954692840576172, -7.014769077301025 
5.195379734039307, -6.101323127746582 
6.21591329574585, -7.309624671936035 
6.721113681793213, -7.903694152832031 
7.392253875732422, -8.671768188476562 
7.55153226852417, -8.8316650390625 
5.969921112060547, -6.970526695251465 
7.492361545562744, -8.795432090759277 
-0.9617896676063538, 0.965752124786377 
-5.629852771759033, 6.4136857986450195 
7.8631720542907715, -9.25291633605957 
5.5151047706604, -6.519208908081055 
-7.34444522857666, 8.448690414428711 
-8.35732364654541, 9.657301902770996 
-5.477825164794922, 6.293636322021484 
-8.39158821105957, 9.661792755126953 
6.874248027801514, -8.031188011169434 
5.027310848236084, -5.899816513061523 
5.677012920379639, -6.720992088317871 
-7.123349666595459, 8.208686828613281 
3.1700539588928223, -3.7469310760498047 
0.8695617914199829, -1.1247628927230835 
6.5781965255737305, -7.727248191833496 
-7.877505779266357, 9.123083114624023 
-8.060364723205566, 9.303083419799805 
-5.678477764129639, 6.551599502563477 
7.802921295166016, -9.14838981628418 
-7.3405280113220215, 8.493902206420898 
1.9618779420852661, -2.3998076915740967 
8.493792533874512, -9.933553695678711 
2.091482162475586, -2.550079584121704 
-4.633608341217041, 5.342137336730957 
-2.3327393531799316, 2.6391420364379883 
-2.3098642826080322, 2.602808713912964 
6.36414098739624, -7.468289375305176 
7.214743614196777, -8.469095230102539 
7.671093940734863, -8.981050491333008 
8.084016799926758, -9.46259593963623 
6.8928608894348145, -8.061144828796387 
-0.634311318397522, 0.631162166595459 
-7.7431745529174805, 8.943671226501465 
3.5438737869262695, -4.242316246032715 
-6.286218643188477, 7.287215232849121 
3.396697521209717, -4.0602569580078125 
-1.9850345849990845, 2.2914164066314697 
7.362420558929443, -8.622112274169922 
7.97116231918335, -9.338157653808594 
5.8234992027282715, -6.787430763244629 
-1.1410974264144897, 1.2347500324249268 
-7.24252986907959, 8.298954010009766 
6.823715686798096, -7.984477519989014 
6.491934776306152, -7.621792316436768 
-7.859873294830322, 9.070613861083984 
1.4602470397949219, -1.8368488550186157 
2.3192758560180664, -2.78090500831604 
6.796640396118164, -7.995538711547852 
-6.149445056915283, 7.056759357452393 
8.098878860473633, -9.47404670715332 
-7.2909255027771, 8.41474723815918 
8.1397123336792, -9.537002563476562 
-8.505392074584961, 9.789932250976562 
-7.507443904876709, 8.659095764160156 
-5.429626941680908, 6.192129611968994 
4.654149532318115, -5.490428924560547 
6.8411383628845215, -8.024263381958008 
-7.1790242195129395, 8.301675796508789 
-5.492363452911377, 6.31695556640625 
7.096161365509033, -8.322410583496094 
-7.59881067276001, 8.759246826171875 
-3.848846435546875, 4.315501689910889 
7.090209484100342, -8.280738830566406 
1.5931358337402344, -2.0195279121398926 
-7.936379432678223, 9.134342193603516 
-6.600128173828125, 7.61923885345459 
4.588379383087158, -5.430347919464111 
-8.43533992767334, 9.757680892944336 
7.090169906616211, -8.307619094848633 
-4.859976291656494, 5.654315948486328 
-8.168495178222656, 9.396939277648926 
-1.9621005058288574, 2.1707475185394287 
6.880711078643799, -8.052165985107422 
-2.0066123008728027, 2.28263783454895 
5.884389400482178, -6.902351379394531 
-8.036574363708496, 9.273677825927734 
1.6257543563842773, -1.9305161237716675 
9.215095520019531, -10.77186107635498 
-7.341771602630615, 8.4935302734375 
6.290998458862305, -7.391286373138428 
7.125121593475342, -8.368635177612305 
8.708213806152344, -10.209531784057617 
6.510094165802002, -7.681396484375 
-7.419162273406982, 8.513774871826172 
-1.7751256227493286, 1.9417908191680908 
-6.668822765350342, 7.621631145477295 
-4.971773624420166, 5.672774314880371 
7.031073570251465, -8.232852935791016 
2.305168867111206, -2.7586894035339355 
-7.383828163146973, 8.559858322143555 
-5.592994213104248, 6.435561180114746 
7.070696830749512, -8.311379432678223 
7.949319362640381, -9.329800605773926 
9.0838623046875, -10.624731063842773 
5.450140476226807, -6.409943580627441 
-8.399215698242188, 9.689979553222656 
5.935243606567383, -7.001471042633057 
7.914229869842529, -9.296053886413574 
-8.116683959960938, 9.413347244262695 
-7.363769054412842, 8.534505844116211 
7.256460666656494, -8.456094741821289 
3.611074447631836, -4.310858726501465 
-8.472529411315918, 9.782291412353516 
3.144800901412964, -3.8127779960632324 
-8.128369331359863, 9.412023544311523 
8.412967681884766, -9.873126983642578 
5.499648571014404, -6.500959873199463 
8.313495635986328, -9.745389938354492 
7.593986988067627, -8.920572280883789 
5.458738803863525, -6.406642436981201 
-1.708078384399414, 1.8620755672454834 
-8.68539047241211, 10.068153381347656 
-5.253190517425537, 6.012800216674805 
-6.972050189971924, 8.002635955810547 
-5.613245964050293, 6.460798740386963 
7.817063808441162, -9.145938873291016 
8.36678409576416, -9.82705307006836 
4.644363880157471, -5.468868255615234 
6.284559726715088, -7.401285648345947 
-8.053202629089355, 9.253969192504883 
2.802393674850464, -3.3302786350250244 
7.778131008148193, -9.063448905944824 
7.5033745765686035, -8.79792308807373 
8.105648040771484, -9.464604377746582 
-7.906312465667725, 9.089007377624512 
8.809296607971191, -10.32857894897461 
-5.091212272644043, 5.795623779296875 
8.233455657958984, -9.626567840576172 
1.7383497953414917, -2.1053221225738525 
6.119741916656494, -7.18729305267334 
4.232607364654541, -5.041018009185791 
7.967342853546143, -9.303460121154785 
4.845841407775879, -5.699174404144287 
-4.359182357788086, 4.974278450012207 
-6.45233678817749, 7.467327117919922 
7.378328323364258, -8.619213104248047 
-8.082479476928711, 9.322027206420898 
-7.060454368591309, 8.113142013549805 
-6.816392421722412, 7.869603633880615 
-6.773719310760498, 7.86126184463501 
6.535327434539795, -7.653192043304443 
-5.644622325897217, 6.5396881103515625 
-7.965796947479248, 9.149161338806152 
-3.5302064418792725, 4.065040588378906 
5.711233615875244, -6.721319198608398 
-5.658420085906982, 6.5166730880737305 
3.572265625, -4.207089424133301 
-7.161916255950928, 8.21349811553955 
7.5511651039123535, -8.911164283752441 
-7.732512950897217, 8.925854682922363 
-6.136185169219971, 7.063724994659424 
-4.139956474304199, 4.784670829772949 
7.870473384857178, -9.238283157348633 
8.070097923278809, -9.45619010925293 
-8.201456069946289, 9.475473403930664 
-0.18051470816135406, 0.1648552119731903 
-1.5519287586212158, 1.6489884853363037 
-2.899143934249878, 3.3366200923919678 
8.436722755432129, -9.83972454071045 
6.597737789154053, -7.743521690368652 
0.5712199807167053, -0.757761538028717 
-8.061246871948242, 9.343378067016602 
-5.942930698394775, 6.817854881286621 
6.464971542358398, -7.607666969299316 
8.316021919250488, -9.754144668579102 
1.808751106262207, -2.219665288925171 
-5.076226711273193, 5.872607231140137 
8.32129955291748, -9.755929946899414 
0.11413522064685822, -0.20092107355594635 
6.575181484222412, -7.727313995361328 
-2.19500994682312, 2.4989609718322754 
-6.679940700531006, 7.663210868835449 
3.912540912628174, -4.662804126739502 
3.493989944458008, -4.1795735359191895 
4.74274206161499, -5.627418518066406 
5.718696117401123, -6.7061004638671875 
-4.536618709564209, 5.183998107910156 
3.1879167556762695, -3.780041456222534 
1.510697841644287, -1.8810266256332397 
-3.5485739707946777, 4.0834856033325195 
-7.596470355987549, 8.733890533447266 
6.9283576011657715, -8.170350074768066 
8.484506607055664, -9.9415283203125 
7.6029887199401855, -8.916833877563477 
4.438424110412598, -5.217413902282715 
8.832569122314453, -10.32694149017334 
8.161514282226562, -9.56628704071045 
-7.610438823699951, 8.807151794433594 
-7.30922269821167, 8.428594589233398 
8.020627975463867, -9.40538501739502 
-0.8376169800758362, 0.864629328250885 
5.568294048309326, -6.5127034187316895 
6.5562520027160645, -7.657309532165527 
-3.540696620941162, 4.064864158630371 
7.08357572555542, -8.29240894317627 
-8.220046997070312, 9.448052406311035 
7.600546360015869, -8.87156867980957 
-1.9123903512954712, 2.0938656330108643 
-2.4037678241729736, 2.732109308242798 
7.18881368637085, -8.45257568359375 
6.076803684234619, -7.107941150665283 
-7.526689052581787, 8.717265129089355 
6.661365032196045, -7.845587253570557 
-7.750194072723389, 8.923301696777344 
-6.125772476196289, 7.100879669189453 
6.762909889221191, -7.957543849945068 
1.8700923919677734, -2.2387137413024902 
-5.540256977081299, 6.385272979736328 
-8.062100410461426, 9.323369979858398 
-1.3968980312347412, 1.5901812314987183 
7.372626781463623, -8.5899658203125 
8.15794563293457, -9.52995777130127 
-2.252139091491699, 2.547844171524048 
-0.9241200089454651, 1.0196255445480347 
6.2290167808532715, -7.334044933319092 
0.2496667355298996, -0.33325809240341187 
-6.376634120941162, 7.333218574523926 
5.2117133140563965, -6.150310516357422 
8.487833976745605, -9.948795318603516 
7.271698951721191, -8.556964874267578 
-6.477725505828857, 7.4220075607299805 
7.405064105987549, -8.680086135864258 
-1.7639397382736206, 1.9816235303878784 
-7.690180778503418, 8.909852981567383 
1.8585165739059448, -2.2293293476104736 
-6.2268524169921875, 7.198422431945801 
-0.9518208503723145, 0.9681892991065979 
-0.9979445934295654, 1.0594258308410645 
7.5966877937316895, -8.865131378173828 
6.359133243560791, -7.454392433166504 
-7.91037130355835, 9.143739700317383 
-6.207839012145996, 7.1058149337768555 
-7.9130754470825195, 9.14615535736084 
8.196072578430176, -9.601158142089844 
-0.21233585476875305, 0.18151476979255676 
-7.745537281036377, 8.936468124389648 
6.672488689422607, -7.825431823730469 
-5.586532115936279, 6.432619571685791 
6.781532287597656, -7.976312637329102 
8.063425064086914, -9.420974731445312 
3.849090099334717, -4.5878987312316895 
-6.114675998687744, 7.000358581542969 
7.22191047668457, -8.473051071166992 
-6.109687805175781, 7.0286149978637695 
0.16525143384933472, -0.31355708837509155 
-1.2410645484924316, 1.3602266311645508 
-8.368350982666016, 9.664094924926758 
6.688559055328369, -7.851526260375977 
-3.2616732120513916, 3.650322198867798 
-8.449570655822754, 9.734931945800781 
-8.227158546447754, 9.477397918701172 
-5.398065090179443, 6.216509819030762 
7.635786533355713, -8.948298454284668 
7.386326789855957, -8.688857078552246 
7.131283760070801, -8.373518943786621 
3.0896878242492676, -3.6600711345672607 
2.711993932723999, -3.1869499683380127 
-7.745983600616455, 8.919736862182617 
-6.4384331703186035, 7.427228927612305 
5.844501972198486, -6.853498935699463 
-6.906029224395752, 7.921761512756348 
-7.008317470550537, 8.061779975891113 
4.115652561187744, -4.882251739501953 
7.38178014755249, -8.649402618408203 
6.649011611938477, -7.808896064758301 
-4.437090873718262, 5.087618827819824 
3.5799713134765625, -4.282365322113037 
7.598678112030029, -8.942163467407227 
6.981207370758057, -8.169501304626465 
6.246817111968994, -7.369074821472168 
-7.2266106605529785, 8.32213020324707 
-8.405471801757812, 9.706486701965332 
-7.725800514221191, 8.874458312988281 
-7.657024383544922, 8.825374603271484 
-6.471611499786377, 7.393341064453125 
-5.971450328826904, 6.805852890014648 
-7.4092230796813965, 8.527324676513672 
-7.522541522979736, 8.683652877807617 
-3.1821579933166504, 3.666320562362671 
5.315202713012695, -6.226515293121338 
-7.595152378082275, 8.735158920288086 
6.8458943367004395, -7.9988226890563965 
8.584831237792969, -10.094432830810547 
3.482555866241455, -4.117685317993164 
-6.209346771240234, 7.124053478240967 
-5.8700737953186035, 6.77454948425293 
7.385793209075928, -8.62706470489502 
3.921449899673462, -4.6504435539245605 
-6.687976837158203, 7.739131927490234 
-1.6592357158660889, 1.8022631406784058 
8.235828399658203, -9.659000396728516 
5.140316486358643, -6.0526838302612305 
4.990396976470947, -5.875253200531006 
8.84305191040039, -10.363277435302734 
7.411715507507324, -8.70112133026123 
8.555477142333984, -10.02580451965332 
8.327893257141113, -9.761695861816406 
9.035971641540527, -10.629257202148438 
-6.2715582847595215, 7.221612453460693 
6.58918571472168, -7.741775035858154 
-5.014805316925049, 5.780440330505371 
6.772582054138184, -7.979365348815918 
-7.1228556632995605, 8.258050918579102 
-6.639923095703125, 7.653541564941406 
-7.163558483123779, 8.259513854980469 
-6.721410274505615, 7.694936752319336 
7.6726298332214355, -9.008709907531738 
-6.969666004180908, 8.048534393310547 
6.291518688201904, -7.396093368530273 
-5.532886981964111, 6.3478193283081055 
7.404330253601074, -8.640901565551758 
-6.4475836753845215, 7.500507354736328 
-7.3653130531311035, 8.433906555175781 
7.473903179168701, -8.7605619430542 
7.075867652893066, -8.302181243896484 
-1.0985090732574463, 1.144963264465332 
5.946326732635498, -6.991274833679199 
6.441962718963623, -7.525669097900391 
-0.8260914087295532, 0.875066339969635 
6.325993061065674, -7.449978828430176 
-7.507707118988037, 8.652946472167969 
0.9952574372291565, -1.2253669500350952 
7.8587965965271, -9.219673156738281 
-6.8178791999816895, 7.798149585723877 
8.80591869354248, -10.299795150756836 
-4.785820484161377, 5.496685028076172 
-8.47336483001709, 9.777214050292969 
-6.487339496612549, 7.412835121154785 
-4.491298198699951, 5.096513748168945 
6.930452823638916, -8.13624095916748 
6.176825523376465, -7.332018852233887 
-7.104621887207031, 8.175918579101562 
-8.029281616210938, 9.304780006408691 
5.575816631317139, -6.62103796005249 
7.661925792694092, -8.943870544433594 
6.8006391525268555, -7.9999799728393555 
6.956543445587158, -8.141197204589844 
-0.6660352945327759, 0.6617686748504639 
6.280087471008301, -7.319798469543457 
7.065094470977783, -8.2252197265625 
7.156668663024902, -8.3873929977417 
-7.868555545806885, 9.055633544921875 
-6.721768856048584, 7.721360206604004 
8.123379707336426, -9.495426177978516 
9.090221405029297, -10.60171127319336 
-7.242143154144287, 8.414562225341797 
6.051097393035889, -7.076696395874023 
0.4300021231174469, -0.5724660754203796 
9.732648849487305, -11.409001350402832 
-6.872894763946533, 7.942490577697754 
7.648116111755371, -8.975696563720703 
7.518615245819092, -8.780973434448242 
-7.365071773529053, 8.504118919372559 
-7.935530185699463, 9.2132568359375 
0.11801837384700775, -0.1683417409658432 
4.263155460357666, -5.087253570556641 
7.58726692199707, -8.895692825317383 
-3.2475028038024902, 3.785621404647827 
7.903392314910889, -9.287714004516602 
-7.5627923011779785, 8.776636123657227 
6.9837870597839355, -8.199797630310059 
-7.711690425872803, 8.911090850830078 
-3.913729190826416, 4.464755058288574 
-7.17104959487915, 8.240762710571289 
5.334933280944824, -6.270679473876953 
-1.5024951696395874, 1.633968472480774 
8.28488826751709, -9.704452514648438 
6.354877948760986, -7.464743137359619 
-2.064309597015381, 2.2523231506347656 
7.579754829406738, -8.83364200592041 
7.939241409301758, -9.296748161315918 
5.3558149337768555, -6.245192527770996 
8.369236946105957, -9.78718376159668 
-7.619625091552734, 8.821488380432129 
-7.882351398468018, 9.121169090270996 
-2.4623944759368896, 2.846547842025757 
-7.3474860191345215, 8.52221393585205 
-5.31245756149292, 6.1586198806762695 
-8.027578353881836, 9.267657279968262 
5.952859878540039, -7.008735656738281 
1.8582026958465576, -2.300865650177002 
-5.968047618865967, 6.81912088394165 
8.0316801071167, -9.421194076538086 
-8.567091941833496, 9.931880950927734 
-8.399377822875977, 9.69273567199707 
-6.200833797454834, 7.105955600738525 
-4.283525466918945, 4.9036455154418945 
5.685229778289795, -6.691014766693115 
7.399198532104492, -8.664283752441406 
7.939398288726807, -9.29594898223877 
9.155305862426758, -10.759805679321289 
7.744987964630127, -9.076531410217285 
-8.104809761047363, 9.334957122802734 
3.372795820236206, -3.9937264919281006 
-3.1709234714508057, 3.649224042892456 
7.0903215408325195, -8.25922966003418 
7.0776567459106445, -8.298874855041504 
-1.9339466094970703, 2.1476051807403564 
-5.642458438873291, 6.5213727951049805 
7.429196834564209, -8.724515914916992 
7.673357009887695, -8.99583911895752 
6.660665035247803, -7.829949378967285 
-7.298999786376953, 8.427234649658203 
-4.1208672523498535, 4.685732364654541 
5.62429666519165, -6.577837944030762 
-5.681424617767334, 6.569793701171875 
4.166220188140869, -4.922035217285156 
5.8954854011535645, -6.95445442199707 
-7.7155585289001465, 8.90311050415039 
6.650892734527588, -7.843832969665527 
-2.0869860649108887, 2.3730556964874268 
7.14190149307251, -8.374212265014648 
6.550776481628418, -7.677394866943359 
-7.2608256340026855, 8.386985778808594 
8.52647590637207, -10.03443717956543 
8.003433227539062, -9.355731964111328 
3.120236396789551, -3.7552242279052734 
-5.580108165740967, 6.428818702697754 
-7.423849582672119, 8.535347938537598 
7.544890880584717, -8.870658874511719 
-7.480811595916748, 8.593036651611328 
4.976571083068848, -5.864446640014648 
6.636373996734619, -7.812008380889893 
-5.344810962677002, 6.139454364776611 
7.728716850280762, -9.030445098876953 
8.231560707092285, -9.686959266662598 
8.564358711242676, -10.052236557006836 
-6.953980922698975, 8.073177337646484 
-7.833499431610107, 9.071274757385254 
8.795573234558105, -10.272530555725098 
-6.981359004974365, 8.08964729309082 
7.259030342102051, -8.533604621887207 
8.652987480163574, -10.114977836608887 
7.138626575469971, -8.385313034057617 
7.009857654571533, -8.21867561340332 
7.556358814239502, -8.85045051574707 
-6.360879421234131, 7.277379512786865 
8.427002906799316, -9.858152389526367 
-8.174751281738281, 9.419727325439453 
7.1488776206970215, -8.404793739318848 
-2.8963170051574707, 3.2419636249542236 
-5.779106140136719, 6.673651695251465 
-7.510075092315674, 8.692285537719727 
7.878616809844971, -9.241599082946777 
-7.381601810455322, 8.57334041595459 
6.902825832366943, -8.123208045959473 
0.24788127839565277, -0.2866588830947876 
7.534273624420166, -8.785951614379883 
-5.702247142791748, 6.596216201782227 
8.726213455200195, -10.194883346557617 
6.643927097320557, -7.7693681716918945 
-7.650514602661133, 8.79022216796875 
-7.407110214233398, 8.514217376708984 
-6.737048625946045, 7.739339828491211 
-2.4160959720611572, 2.7637529373168945 
1.8322806358337402, -2.2102530002593994 
-4.633510112762451, 5.331057548522949 
-8.265478134155273, 9.535086631774902 
-0.27119147777557373, 0.22217334806919098 
-2.1579651832580566, 2.419062376022339 
7.019042491912842, -8.227478981018066 
7.632289409637451, -8.94373893737793 
6.385464668273926, -7.495837211608887 
-6.3063483238220215, 7.253754138946533 
8.271211624145508, -9.723346710205078 
-8.35744857788086, 9.674322128295898 
-7.6235833168029785, 8.746463775634766 
1.9599239826202393, -2.387598991394043 
7.44163179397583, -8.725337982177734 
-6.879273891448975, 7.957974433898926 
-4.15040397644043, 4.749655723571777 
3.339388847351074, -3.929396629333496 
9.393511772155762, -10.98456859588623 
7.589963912963867, -8.896684646606445 
6.473028659820557, -7.595888137817383 
-3.971712112426758, 4.5690789222717285 
6.38122034072876, -7.514299392700195 
-8.69306468963623, 10.038994789123535 
8.782859802246094, -10.321015357971191 
-7.676015853881836, 8.869751930236816 
7.343807697296143, -8.62465763092041 
6.519205093383789, -7.6180806159973145 
5.317928791046143, -6.251185417175293 
-5.576624870300293, 6.362551212310791 
9.81258487701416, -11.464630126953125 
-4.605083465576172, 5.304256439208984 
8.178116798400879, -9.546379089355469 
7.369073390960693, -8.692075729370117 
8.015045166015625, -9.417314529418945 
-6.316263675689697, 7.323570728302002 
-6.292655944824219, 7.285426616668701 
-5.713564395904541, 6.586310386657715 
-7.636284351348877, 8.768135070800781 
7.456047534942627, -8.777464866638184 
7.492766857147217, -8.789518356323242 
-7.17090368270874, 8.252639770507812 
-6.831977367401123, 7.9140944480896 
6.7083048820495605, -7.849597930908203 
-8.32633113861084, 9.605052947998047 
-5.6963982582092285, 6.5681891441345215 
2.547243118286133, -2.996697187423706 
-7.925727367401123, 9.147207260131836 
-7.009317874908447, 8.056671142578125 
-6.078396797180176, 6.9665656089782715 
3.6237127780914307, -4.307565212249756 
-8.238008499145508, 9.494928359985352 
-2.098475217819214, 2.318119525909424 
5.118610858917236, -6.048007011413574 
-6.098474979400635, 7.048222541809082 
4.919379711151123, -5.774548053741455 
4.400740623474121, -5.165641784667969 
7.814232349395752, -9.155179023742676 
-8.487207412719727, 9.763772010803223 
7.4949445724487305, -8.731555938720703 
7.343332767486572, -8.642436981201172 
-7.565237522125244, 8.75875473022461 
-7.612567901611328, 8.764245986938477 
-5.000847339630127, 5.661782264709473 
-5.565291404724121, 6.386035919189453 
8.976806640625, -10.5014009475708 
1.702889323234558, -2.016289472579956 
-4.115469932556152, 4.772383689880371 
8.824148178100586, -10.336274147033691 
-7.759171962738037, 8.949114799499512 
-6.93886137008667, 8.021167755126953 
0.28755688667297363, -0.4286697804927826 
-1.5550963878631592, 1.731537938117981 
7.050508499145508, -8.265213012695312 
2.9106926918029785, -3.5084388256073 
8.799165725708008, -10.30466365814209 
-8.395927429199219, 9.739900588989258 
6.828873157501221, -8.029687881469727 
2.8921093940734863, -3.4812381267547607 
-3.933288097381592, 4.43028450012207 
5.4802751541137695, -6.408082962036133 
-7.680232524871826, 8.845366477966309 
-5.705749034881592, 6.588095664978027 
-5.882812976837158, 6.708311080932617 
-7.617230415344238, 8.79843807220459 
7.819083213806152, -9.1619873046875 
-8.315948486328125, 9.591848373413086 
8.119504928588867, -9.504981994628906 
6.348854064941406, -7.446313858032227 
-4.760474681854248, 5.443000316619873 
7.126785755157471, -8.336362838745117 
-8.017406463623047, 9.276006698608398 
-7.0199713706970215, 8.16971206665039 
6.940918445587158, -8.153300285339355 
-4.949131488800049, 5.730544567108154 
6.679656505584717, -7.882195472717285 
-4.799954891204834, 5.567759037017822 
-7.179878234863281, 8.31574821472168 
-5.293607234954834, 6.018580913543701 
-7.414748668670654, 8.516362190246582 
-6.2107415199279785, 7.109155178070068 
8.773815155029297, -10.305998802185059 
0.9689385890960693, -1.2173148393630981 
-6.987045764923096, 8.110406875610352 
-7.572735786437988, 8.716304779052734 
-7.20302677154541, 8.271994590759277 
-7.879187107086182, 9.057916641235352 
-6.976767539978027, 8.13770580291748 
-8.736824035644531, 10.087471008300781 
-5.495362758636475, 6.285001754760742 
6.991448879241943, -8.23261833190918 
-7.909970760345459, 9.147123336791992 
7.2552876472473145, -8.51515007019043 
7.000918865203857, -8.229681015014648 
-2.882272720336914, 3.314366340637207 
-6.2497992515563965, 7.246984481811523 
-7.1543803215026855, 8.256508827209473 
0.3174892067909241, -0.44718503952026367 
3.9213781356811523, -4.621238708496094 
-4.536673069000244, 5.211039066314697 
-8.26264762878418, 9.527525901794434 
9.92618465423584, -11.588417053222656 
-2.925920009613037, 3.3001081943511963 
-7.309759616851807, 8.400647163391113 
-2.7621171474456787, 3.142936944961548 
6.63203763961792, -7.800197124481201 
-5.566758632659912, 6.4906086921691895 
6.023654460906982, -7.093323230743408 
-8.312021255493164, 9.604126930236816 
-6.104969501495361, 6.973692893981934 
8.436534881591797, -9.906566619873047 
9.537891387939453, -11.185681343078613 
4.869788646697998, -5.759795188903809 
5.0911335945129395, -6.00907564163208 
6.624051570892334, -7.8028764724731445 
-6.816096305847168, 7.836984634399414 
8.663629531860352, -10.124716758728027 
7.734534740447998, -9.086308479309082 
-8.462753295898438, 9.762022018432617 
-7.77451229095459, 8.948013305664062 
-6.935360431671143, 7.958521842956543 
-0.07151684165000916, -0.029814301058650017 
6.689352989196777, -7.875856399536133 
-7.586963176727295, 8.773252487182617 
7.075933933258057, -8.305400848388672 
-2.7977590560913086, 3.144409656524658 
6.862124919891357, -8.065828323364258 
-1.4849637746810913, 1.592795729637146 
-7.485367298126221, 8.612617492675781 
-3.953281879425049, 4.513498306274414 
-3.5943844318389893, 4.015512466430664 
7.989795207977295, -9.378547668457031 
8.069969177246094, -9.437169075012207 
6.735365867614746, -7.945442199707031 
8.057854652404785, -9.448556900024414 
-7.846836566925049, 9.069960594177246 
-5.135814666748047, 5.975569248199463 
-7.909265995025635, 9.152210235595703 
-8.09424877166748, 9.35278034210205 
5.832666873931885, -6.892414093017578 
8.309581756591797, -9.746414184570312 
7.726969242095947, -9.051292419433594 
6.654266357421875, -7.858683109283447 
-8.479962348937988, 9.836753845214844 
4.7397589683532715, -5.57944393157959 
8.317615509033203, -9.743619918823242 
-6.516186237335205, 7.502574443817139 
8.366250038146973, -9.762750625610352 
-6.617494583129883, 7.635483264923096 
-4.179093837738037, 4.756711006164551 
6.446547031402588, -7.557509899139404 
6.094882011413574, -7.203501224517822 
7.673635005950928, -8.976274490356445 
7.803786754608154, -9.143779754638672 
-7.654591083526611, 8.867411613464355 
-7.835501194000244, 9.03741455078125 
6.49147367477417, -7.604424953460693 
-5.505085468292236, 6.286997318267822 
7.4845404624938965, -8.754732131958008 
-7.321506977081299, 8.44772720336914 
8.997224807739258, -10.541494369506836 
-6.271708965301514, 7.208805084228516 
6.172641277313232, -7.273348331451416 
-7.18211030960083, 8.31971549987793 
6.849582195281982, -8.01822280883789 
4.215914249420166, -5.010684013366699 
1.9013500213623047, -2.3153109550476074 
-6.2224650382995605, 7.142239093780518 
-7.865699291229248, 9.103849411010742 
8.306066513061523, -9.76673698425293 
-3.621234893798828, 4.133432388305664 
2.935676336288452, -3.5047833919525146 
9.009055137634277, -10.540143966674805 
-2.4968042373657227, 2.7591392993927 
-6.68256950378418, 7.657821178436279 
-5.219426155090332, 6.04005241394043 
-7.499107837677002, 8.658679962158203 
-5.995395183563232, 6.863627910614014 
-8.260824203491211, 9.539844512939453 
7.719875812530518, -9.046545028686523 
8.242413520812988, -9.607393264770508 
5.764115810394287, -6.798583984375 
2.150407075881958, -2.5542643070220947 
7.129001140594482, -8.36265754699707 
-6.245092868804932, 7.261457443237305 
-7.592996597290039, 8.81782054901123 
-5.308755397796631, 6.075277805328369 
-8.152410507202148, 9.434686660766602 
0.913934588432312, -1.1832271814346313 
8.764134407043457, -10.291359901428223 
-1.610595941543579, 1.7687617540359497 
7.172638416290283, -8.404236793518066 
6.956821918487549, -8.14283275604248 
-7.413136959075928, 8.562121391296387 
6.757392406463623, -7.9227213859558105 
1.830681562423706, -2.16542649269104 
6.162089824676514, -7.214181900024414 
-7.222785472869873, 8.301884651184082 
-7.628767490386963, 8.846266746520996 
-7.392649173736572, 8.470239639282227 
-5.32783317565918, 6.089688777923584 
7.699223041534424, -9.016166687011719 
6.512844085693359, -7.644874095916748 
-7.762051105499268, 8.986089706420898 
5.7578864097595215, -6.760829448699951 
-8.546710968017578, 9.844684600830078 
6.443287372589111, -7.569640159606934 
-7.857090950012207, 9.050633430480957 
6.117425441741943, -7.290867328643799 
-1.38667631149292, 1.5623220205307007 
-7.303681373596191, 8.396078109741211 
6.984533309936523, -8.21881103515625 
5.867643356323242, -6.8887104988098145 
-6.992526054382324, 8.068398475646973 
6.595264434814453, -7.776922225952148 
7.41056489944458, -8.712432861328125 
2.064422845840454, -2.4566195011138916 
-7.3888349533081055, 8.5260648727417 
7.183510780334473, -8.385784149169922 
-4.183493137359619, 4.781336784362793 
7.537509918212891, -8.849851608276367 
6.411268711090088, -7.5433783531188965 
6.535848140716553, -7.679177284240723 
6.612287998199463, -7.74307107925415 
8.242402076721191, -9.631349563598633 
7.564515113830566, -8.838994979858398 
7.999504566192627, -9.414628982543945 
-3.242264747619629, 3.7045538425445557 
-7.877333164215088, 9.093344688415527 
6.899819374084473, -8.06840705871582 
-5.485921382904053, 6.2412590980529785 
-3.2994625568389893, 3.704615354537964 
6.229259967803955, -7.353076457977295 
6.509079456329346, -7.603816986083984 
-5.885547161102295, 6.797411918640137 
3.9853897094726562, -4.726675987243652 
-6.11205530166626, 7.044197082519531 
-6.512180805206299, 7.4566497802734375 
-4.56784200668335, 5.24563455581665 
-5.015929222106934, 5.824504852294922 
7.244616985321045, -8.439918518066406 
-4.859251022338867, 5.5526580810546875 
-6.455123424530029, 7.366381645202637 
-7.500209331512451, 8.60786247253418 
-4.518599510192871, 5.119392395019531 
3.018773078918457, -3.6232669353485107 
-6.5311970710754395, 7.46236515045166 
7.788426399230957, -9.143600463867188 
8.224435806274414, -9.615455627441406 
5.31688117980957, -6.244757175445557 
6.5973076820373535, -7.708441734313965 
-3.751105785369873, 4.3119354248046875 
-0.29386594891548157, 0.25840556621551514 
3.5349841117858887, -4.162897109985352 
-3.836672782897949, 4.36033296585083 
-4.566812992095947, 5.258235931396484 
-1.1776039600372314, 1.262431263923645 
-2.2621302604675293, 2.5395169258117676 
3.1356594562530518, -3.775352716445923 
-7.21614408493042, 8.301347732543945 
8.460963249206543, -9.917093276977539 
-0.777301013469696, 0.7703758478164673 
9.156720161437988, -10.694907188415527 
-5.696221828460693, 6.535996913909912 
5.970493793487549, -7.042485237121582 
-6.140322208404541, 7.084367752075195 
-6.5565104484558105, 7.610518932342529 
-6.842505931854248, 7.850182056427002 
6.867175579071045, -8.040510177612305 
5.6877760887146, -6.678454399108887 
3.7541370391845703, -4.434892177581787 
8.561708450317383, -10.029975891113281 
-7.6713547706604, 8.839101791381836 
-2.539703845977783, 2.849264144897461 
6.934267520904541, -8.10910415649414 
-6.054598331451416, 6.982762813568115 
-0.11579936742782593, -0.017752937972545624 
7.355379104614258, -8.596202850341797 
-7.791038990020752, 9.01937484741211 
-0.48244649171829224, 0.4412412941455841 
-7.043023109436035, 8.073413848876953 
9.559664726257324, -11.189369201660156 
5.0057573318481445, -5.906134605407715 
-7.602752208709717, 8.797491073608398 
1.7464945316314697, -2.1328155994415283 
-3.8629369735717773, 4.394863128662109 
-6.221957683563232, 7.226317882537842 
3.2728285789489746, -3.956690549850464 
3.2774624824523926, -3.9117443561553955 
6.9545722007751465, -8.175704956054688 
7.79973840713501, -9.139555931091309 
-1.2200093269348145, 1.3043307065963745 
5.416015148162842, -6.381466865539551 
-6.84824275970459, 7.914472579956055 
-5.412743091583252, 6.162426948547363 
-6.818599224090576, 7.897170066833496 
7.8799943923950195, -9.230963706970215 
7.7910284996032715, -9.136539459228516 
1.2436556816101074, -1.5197782516479492 
-5.431992053985596, 6.172022819519043 
2.4861397743225098, -2.942509651184082 
-6.493839740753174, 7.48380184173584 
8.712909698486328, -10.156454086303711 
-1.5145165920257568, 1.7246394157409668 
7.715236663818359, -9.012645721435547 
8.651152610778809, -10.15698528289795 
-8.073850631713867, 9.358752250671387 
3.288215160369873, -3.8956425189971924 
-2.013046979904175, 2.2256267070770264 
-7.624619483947754, 8.779979705810547 
-7.178346157073975, 8.258957862854004 
-3.4235997200012207, 3.9145090579986572 
8.079477310180664, -9.48171329498291 
-2.7477314472198486, 3.060530424118042 
7.134217739105225, -8.347576141357422 
3.207512378692627, -3.85054612159729 
-7.591287136077881, 8.744434356689453 
-8.36758041381836, 9.641829490661621 
5.360528469085693, -6.367040634155273 
-7.319178104400635, 8.416725158691406 
-3.6951985359191895, 4.246634483337402 
-2.171804189682007, 2.3908801078796387 
5.643502712249756, -6.64788293838501 
-2.5012664794921875, 2.8048431873321533 
7.561046123504639, -8.88595962524414 
2.8329315185546875, -3.3293871879577637 
-8.4612455368042, 9.792421340942383 
-6.3251166343688965, 7.22406005859375 
-7.685587406158447, 8.878589630126953 
8.009204864501953, -9.374637603759766 
-4.691354274749756, 5.347233772277832 
-6.941958904266357, 7.921835422515869 
5.004715442657471, -5.905449390411377 
-1.7695815563201904, 1.9383538961410522 
-6.841410160064697, 7.917583465576172 
3.7442846298217773, -4.454176902770996 
4.145740985870361, -4.929699897766113 
1.1177177429199219, -1.369080901145935 
6.410364151000977, -7.521512031555176 
4.930476665496826, -5.83048152923584 
-8.157548904418945, 9.390417098999023 
7.817333698272705, -9.186502456665039 
8.151620864868164, -9.550108909606934 
-0.4576590061187744, 0.4143550395965576 
9.111886978149414, -10.666280746459961 
6.193404197692871, -7.2678704261779785 
6.884255409240723, -8.080137252807617 
7.419532299041748, -8.732773780822754 
-3.859497547149658, 4.318340301513672 
-5.15731954574585, 5.955963134765625 
7.251002788543701, -8.509101867675781 
-5.840141773223877, 6.733261585235596 
2.1153433322906494, -2.5716919898986816 
-7.6307148933410645, 8.790987968444824 
-7.426113605499268, 8.608617782592773 
-4.285798072814941, 4.914276123046875 
8.004688262939453, -9.377649307250977 
-5.753982067108154, 6.571931838989258 
-0.9204001426696777, 0.9662348031997681 
7.233595848083496, -8.466878890991211 
-7.563679218292236, 8.726398468017578 
-7.367807865142822, 8.451969146728516 
5.339698791503906, -6.281008720397949 
-7.97040319442749, 9.196803092956543 
6.7565226554870605, -7.95338249206543 
7.437346935272217, -8.744462966918945 
7.473470687866211, -8.76066780090332 
-7.60072660446167, 8.739429473876953 
-8.010910987854004, 9.268523216247559 
7.410706996917725, -8.653740882873535 
3.084150791168213, -3.6655051708221436 
-8.177532196044922, 9.468317031860352 
-6.340211868286133, 7.245156288146973 
-1.4970717430114746, 1.6682734489440918 
-7.076129913330078, 8.092582702636719 
6.037765979766846, -7.110928058624268 
6.722146987915039, -7.873499393463135 
-0.25462180376052856, 0.23130474984645844 
4.395869255065918, -5.218872547149658 
5.2968974113464355, -6.278317928314209 
-5.814330577850342, 6.646675109863281 
7.103329181671143, -8.339123725891113 
-8.32879638671875, 9.636730194091797 
7.319849491119385, -8.5521240234375 
-3.678415060043335, 4.269591331481934 
-7.413757801055908, 8.548013687133789 
3.6444687843322754, -4.325559616088867 
8.642030715942383, -10.115094184875488 
7.61014461517334, -8.917662620544434 
7.642940044403076, -8.998405456542969 
-2.0891079902648926, 2.3161227703094482 
2.487239122390747, -3.0068249702453613 
-8.511829376220703, 9.827980995178223 
7.5104827880859375, -8.83366584777832 
5.110480308532715, -5.990123748779297 
2.2155537605285645, -2.678725481033325 
-7.497008800506592, 8.598028182983398 
6.6215996742248535, -7.758635997772217 
5.2255072593688965, -6.207221508026123 
-6.493823528289795, 7.504668235778809 
-6.12766695022583, 7.078328609466553 
4.150833606719971, -4.897803783416748 
2.623506546020508, -3.1067798137664795 
4.93247652053833, -5.82771635055542 
-6.788377285003662, 7.853530406951904 
-0.8353362679481506, 0.9194609522819519 
-5.828959941864014, 6.673964977264404 
8.298690795898438, -9.752039909362793 
7.108193397521973, -8.348138809204102 
5.501283168792725, -6.50839900970459 
-6.672031879425049, 7.7184529304504395 
7.136175632476807, -8.366302490234375 
8.10306453704834, -9.477920532226562 
-8.26060962677002, 9.529487609863281 
6.354043006896973, -7.484889030456543 
6.325253963470459, -7.455410480499268 
-5.9510016441345215, 6.829504013061523 
5.96867561340332, -7.0173797607421875 
7.240652561187744, -8.509780883789062 
8.865463256835938, -10.367111206054688 
-4.108418941497803, 4.643527984619141 
-4.321550369262695, 4.949718475341797 
8.032575607299805, -9.429841041564941 
8.404888153076172, -9.848967552185059 
-5.2588067054748535, 6.024136066436768 
-7.619881629943848, 8.788159370422363 
-8.637216567993164, 9.982492446899414 
-4.86004114151001, 5.568963050842285 
7.064209461212158, -8.273158073425293 
-5.9329142570495605, 6.783896446228027 
-2.3820905685424805, 2.6940762996673584 
-1.9902132749557495, 2.1615309715270996 
8.366551399230957, -9.814258575439453 
5.543201923370361, -6.540651798248291 
7.3755927085876465, -8.650938034057617 
6.767701148986816, -7.931210517883301 
-7.393255710601807, 8.52120304107666 
-3.394150733947754, 3.807971239089966 
7.147410869598389, -8.36992073059082 
-8.15690803527832, 9.409407615661621 
-8.30313491821289, 9.61275577545166 
7.6184916496276855, -8.94011402130127 
-8.004555702209473, 9.218338012695312 
-7.792451858520508, 9.051830291748047 
7.24119234085083, -8.513313293457031 
6.170103549957275, -7.242466926574707 
6.823007106781006, -7.970242500305176 
7.744811534881592, -9.067089080810547 
7.14060640335083, -8.396112442016602 
7.997965335845947, -9.33625602722168 
-8.448820114135742, 9.722200393676758 
-8.426549911499023, 9.721402168273926 
3.070995807647705, -3.614699363708496 
8.090161323547363, -9.460712432861328 
8.156634330749512, -9.531136512756348 
6.599813461303711, -7.787232398986816 
7.403824806213379, -8.703231811523438 
-4.799773693084717, 5.538843631744385 
-5.625600337982178, 6.448424339294434 
0.045217595994472504, -0.1452450305223465 
-3.8986735343933105, 4.519225120544434 
-8.086053848266602, 9.331387519836426 
-7.255537033081055, 8.340063095092773 
4.0438361167907715, -4.802947521209717 
4.666238307952881, -5.5858845710754395 
-1.0664523839950562, 1.112827181816101 
-7.062592506408691, 8.169894218444824 
7.859566688537598, -9.234253883361816 
8.138650894165039, -9.529918670654297 
-0.9603150486946106, 1.0731524229049683 
8.214876174926758, -9.674317359924316 
6.5242695808410645, -7.619412422180176 
-3.5934360027313232, 4.08583927154541 
-7.381311416625977, 8.502985000610352 
0.054227933287620544, -0.22660695016384125 
-6.490033149719238, 7.4520158767700195 
-3.451599597930908, 3.963355541229248 
6.2639031410217285, -7.382660388946533 
-7.328999042510986, 8.510543823242188 
6.703789234161377, -7.86168098449707 
3.831165313720703, -4.574403762817383 
7.472096920013428, -8.784950256347656 
6.384484767913818, -7.511527061462402 
7.428516864776611, -8.707279205322266 
-6.2498626708984375, 7.159738540649414 
-5.494409084320068, 6.3451666831970215 
2.3366994857788086, -2.8216536045074463 
7.9449005126953125, -9.324089050292969 
-6.551961421966553, 7.526744842529297 
7.062402248382568, -8.303001403808594 
-8.288996696472168, 9.5653076171875 
-7.728311061859131, 8.93606185913086 
6.271460056304932, -7.386509895324707 
7.291868686676025, -8.53152084350586 
6.9205756187438965, -8.13825798034668 
3.555314064025879, -4.1685099601745605 
4.516997814178467, -5.291909694671631 
-6.289269924163818, 7.156020164489746 
-8.66558837890625, 10.00477123260498 
-7.458987236022949, 8.596992492675781 
8.092364311218262, -9.4688081741333 
-3.9969656467437744, 4.499577522277832 
6.838494777679443, -8.075372695922852 
7.305295467376709, -8.586878776550293 
-4.107673168182373, 4.6270270347595215 
4.276347637176514, -5.080291748046875 
-3.487062454223633, 3.9190421104431152 
7.44933557510376, -8.759262084960938 
6.293317794799805, -7.400240898132324 
-7.078269004821777, 8.124287605285645 
3.9486098289489746, -4.681829452514648 
-7.2088942527771, 8.301109313964844 
-7.509546756744385, 8.656326293945312 
-7.170666217803955, 8.2764310836792 
-7.767975807189941, 8.952733039855957 
-7.691786766052246, 8.86816692352295 
-7.697144031524658, 8.875825881958008 
-4.076127529144287, 4.663095951080322 
-5.916287422180176, 6.845107078552246 
6.8545684814453125, -8.074795722961426 
-7.829983234405518, 9.084067344665527 
-2.127178430557251, 2.419370412826538 
-7.845280647277832, 9.093685150146484 
-5.285437107086182, 6.047303676605225 
6.817012786865234, -7.973315238952637 
-7.25457763671875, 8.335060119628906 
-1.8585350513458252, 2.101820230484009 
-0.8486073017120361, 0.8957116603851318 
8.645633697509766, -10.106350898742676 
-1.5077481269836426, 1.6809495687484741 
-7.341186046600342, 8.527152061462402 
7.03377103805542, -8.280645370483398 
6.948737621307373, -8.165632247924805 
-5.634580612182617, 6.427300453186035 
6.941296577453613, -8.16153621673584 
-7.026930809020996, 8.14870834350586 
6.429968357086182, -7.5413408279418945 
-6.517823696136475, 7.515449523925781 
7.730567455291748, -9.023783683776855 
-6.5480146408081055, 7.51473331451416 
7.012206554412842, -8.21514892578125 
5.378551006317139, -6.355018615722656 
3.1835479736328125, -3.8187925815582275 
-6.220596790313721, 7.145158767700195 
6.4296088218688965, -7.567348480224609 
-8.483928680419922, 9.783976554870605 
-6.507679462432861, 7.538399696350098 
7.969019889831543, -9.337034225463867 
-4.200308799743652, 4.765748977661133 
-5.27964448928833, 6.064409255981445 
5.393309116363525, -6.341547966003418 
-0.6130474209785461, 0.6352964639663696 
-8.213834762573242, 9.503727912902832 
-7.214414119720459, 8.382143020629883 
7.180077075958252, -8.450580596923828 
6.91325044631958, -8.089436531066895 
6.83590841293335, -8.064745903015137 
4.376163959503174, -5.229734420776367 
6.6758599281311035, -7.842403411865234 
-1.6170594692230225, 1.801329255104065 
-3.247084379196167, 3.702075719833374 
-3.3656773567199707, 3.8462107181549072 
-6.859263896942139, 7.838048934936523 
7.700860500335693, -9.047182083129883 
5.486704349517822, -6.480094909667969 
-7.6687703132629395, 8.884252548217773 
-7.320581912994385, 8.397896766662598 
-4.5208740234375, 5.243446350097656 
1.4467804431915283, -1.731392502784729 
-7.697351932525635, 8.914580345153809 
-7.384975433349609, 8.485774993896484 
8.234017372131348, -9.585016250610352 
6.223611354827881, -7.2876386642456055 
7.996541500091553, -9.358390808105469 
6.943924427032471, -8.117830276489258 
-6.041750431060791, 6.984923839569092 
4.04066801071167, -4.771887302398682 
6.769454479217529, -7.9496541023254395 
3.4814600944519043, -4.070199489593506 
7.809469699859619, -9.166352272033691 
-6.862733364105225, 7.938371181488037 
3.335043430328369, -3.9896559715270996 
6.663679599761963, -7.801219463348389 
7.413450717926025, -8.691194534301758 
-4.5045270919799805, 5.148340702056885 
-5.08889627456665, 5.904862880706787 
3.4220404624938965, -4.0843505859375 
4.7202467918396, -5.594781875610352 
7.530222415924072, -8.849176406860352 
-3.3478236198425293, 3.8586368560791016 
-7.217353343963623, 8.341911315917969 
6.524723052978516, -7.61786413192749 
-5.566020488739014, 6.383207321166992 
8.694637298583984, -10.141921997070312 
7.0623297691345215, -8.264451026916504 
7.761894702911377, -9.109859466552734 
5.535041809082031, -6.47651481628418 
-7.702760696411133, 8.893509864807129 
-8.28317642211914, 9.548934936523438 
3.7963216304779053, -4.504528999328613 
7.354637622833252, -8.643043518066406 
8.432580947875977, -9.907169342041016 
0.8249288201332092, -1.007620930671692 
-7.073482990264893, 8.163142204284668 
-5.758291721343994, 6.652494430541992 
7.8869476318359375, -9.247001647949219 
4.601037979125977, -5.389734745025635 
7.448795795440674, -8.69561767578125 
6.117690563201904, -7.173246383666992 
5.338084697723389, -6.291964530944824 
-1.4577171802520752, 1.673029899597168 
-5.52304220199585, 6.395177364349365 
-6.199384689331055, 7.111614227294922 
8.611282348632812, -10.091848373413086 
7.018969535827637, -8.254045486450195 
7.123909950256348, -8.364034652709961 
8.751355171203613, -10.280513763427734 
9.341304779052734, -10.914791107177734 
-8.522127151489258, 9.833841323852539 
-8.28813648223877, 9.552227020263672 
2.914443016052246, -3.4563052654266357 
8.213769912719727, -9.629013061523438 
-7.365594387054443, 8.53009033203125 
-5.9771294593811035, 6.841355800628662 
0.5055646300315857, -0.6791369915008545 
7.888068199157715, -9.27788257598877 
-8.681304931640625, 10.037287712097168 
-7.013481616973877, 8.114431381225586 
6.329963684082031, -7.4486589431762695 
7.469252109527588, -8.78548812866211 
-2.3752388954162598, 2.6659419536590576 
5.104605197906494, -6.023514747619629 
6.183030605316162, -7.256453990936279 
4.194518566131592, -4.999093532562256 
-1.5804626941680908, 1.6846412420272827 
-7.122829914093018, 8.158970832824707 
8.240726470947266, -9.615413665771484 
-2.478996753692627, 2.864933967590332 
-7.0348219871521, 8.053594589233398 
7.7430596351623535, -9.081543922424316 
6.357743740081787, -7.463132858276367 
-6.207270622253418, 7.212367534637451 
7.811272144317627, -9.141680717468262 
-7.408061504364014, 8.535456657409668 
1.9901142120361328, -2.3923375606536865 
-0.05743815749883652, 0.021199408918619156 
-8.611645698547363, 9.929460525512695 
7.8190388679504395, -9.161436080932617 
8.754721641540527, -10.244878768920898 
-6.137308597564697, 6.981878280639648 
5.916286468505859, -7.001029014587402 
7.7842488288879395, -9.127455711364746 
-6.601943016052246, 7.614105224609375 
-8.082682609558105, 9.311518669128418 
7.714857578277588, -9.032308578491211 
6.498884677886963, -7.657314777374268 
5.841613292694092, -6.878451347351074 
7.99739408493042, -9.379877090454102 
6.281622886657715, -7.366970062255859 
-6.633484840393066, 7.590001106262207 
8.815231323242188, -10.308335304260254 
7.347505569458008, -8.640731811523438 
4.955413341522217, -5.869599342346191 
2.725806713104248, -3.2699387073516846 
7.921515464782715, -9.292264938354492 
-7.347167015075684, 8.467544555664062 
-7.512307643890381, 8.722225189208984 
-6.815643310546875, 7.827019691467285 
5.814841270446777, -6.824729919433594 
-5.780076503753662, 6.684953689575195 
-6.843382358551025, 7.8631978034973145 
-8.033270835876465, 9.253376007080078 
-8.428238868713379, 9.772862434387207 
7.179036617279053, -8.477838516235352 
-8.237613677978516, 9.526082992553711 
5.388694763183594, -6.333580017089844 
-8.170453071594238, 9.453238487243652 
6.776991367340088, -7.944758415222168 
6.883124351501465, -8.03948974609375 
8.719669342041016, -10.218814849853516 
-4.051882266998291, 4.612445831298828 
7.745126247406006, -9.07606315612793 
6.59581995010376, -7.771903991699219 
8.252023696899414, -9.688924789428711 
-4.905425548553467, 5.656487464904785 
8.296634674072266, -9.659889221191406 
7.054137706756592, -8.287314414978027 
-7.879146099090576, 9.080334663391113 
7.276496410369873, -8.511762619018555 
-5.1331467628479, 5.85206413269043 
-6.8633832931518555, 7.8739237785339355 
-8.0304594039917, 9.284921646118164 
7.452894687652588, -8.760652542114258 
7.520911693572998, -8.771203994750977 
7.140995502471924, -8.362520217895508 
7.739377975463867, -9.046218872070312 
-3.7737302780151367, 4.297783851623535 
-7.5388007164001465, 8.694622039794922 
7.759381294250488, -9.12905216217041 
-6.804388523101807, 7.903147220611572 
8.36878776550293, -9.775575637817383 
-1.1714633703231812, 1.2247045040130615 
7.110694408416748, -8.35849380493164 
-8.2228422164917, 9.547606468200684 
7.246706485748291, -8.529427528381348 
7.173173904418945, -8.370388984680176 
7.554349422454834, -8.866683959960938 
-7.356311321258545, 8.457175254821777 
6.252586364746094, -7.347614288330078 
6.8145527839660645, -8.008941650390625 
-0.9733368158340454, 1.0460830926895142 
6.1890459060668945, -7.238036155700684 
-6.976748943328857, 8.010082244873047 
4.8321685791015625, -5.7103400230407715 
7.434060096740723, -8.733328819274902 
-5.59446382522583, 6.377452373504639 
-0.646916389465332, 0.710173487663269 
-3.5329113006591797, 4.072175979614258 
-8.421552658081055, 9.772613525390625 
8.355437278747559, -9.773056030273438 
-6.615495204925537, 7.580770969390869 
-6.097300052642822, 7.066007137298584 
-6.802357196807861, 7.8857927322387695 
5.430603504180908, -6.393426418304443 
0.029813969507813454, -0.04728778451681137 
1.4659950733184814, -1.8485912084579468 
8.011213302612305, -9.36416244506836 
-7.62195348739624, 8.764541625976562 
7.488916873931885, -8.772319793701172 
-3.4715335369110107, 3.983591318130493 
8.856429100036621, -10.370638847351074 
-5.796736717224121, 6.601659774780273 
-5.624456882476807, 6.413305759429932 
-6.576706409454346, 7.5457682609558105 
7.292402744293213, -8.515993118286133 
-3.099128007888794, 3.5486557483673096 
-5.351017475128174, 6.1737518310546875 
-6.675609111785889, 7.700457572937012 
7.4308977127075195, -8.75251579284668 
4.927229404449463, -5.85700798034668 
-8.779051780700684, 10.125177383422852 
5.650782108306885, -6.654029846191406 
-7.698207378387451, 8.84793472290039 
-5.033714771270752, 5.773792743682861 
-7.066054821014404, 8.12350845336914 
-6.206891059875488, 7.119974613189697 
6.866126537322998, -8.052172660827637 
5.581419467926025, -6.589887619018555 
6.135482311248779, -7.203191757202148 
-7.958368301391602, 9.152338027954102 
8.119118690490723, -9.496491432189941 
-4.031235218048096, 4.553757667541504 
5.891764163970947, -6.929182529449463 
-7.873586177825928, 9.085123062133789 
-8.288042068481445, 9.534167289733887 
-2.9440698623657227, 3.259686231613159 
8.836164474487305, -10.327544212341309 
7.7838263511657715, -9.069332122802734 
8.616710662841797, -10.094732284545898 
8.59049129486084, -10.032721519470215 
5.3510637283325195, -6.302183628082275 
1.340764045715332, -1.6599184274673462 
6.489599704742432, -7.6145429611206055 
-6.9260993003845215, 7.95602560043335 
-8.629414558410645, 9.945900917053223 
6.358625411987305, -7.487307548522949 
0.06598252058029175, -0.14978817105293274 
-7.216622829437256, 8.25661563873291 
-4.664019584655762, 5.298537254333496 
7.413456439971924, -8.68670654296875 
-7.037143230438232, 8.186158180236816 
8.103841781616211, -9.509429931640625 
-6.214161396026611, 7.208435535430908 
6.82613468170166, -8.008153915405273 
-7.145012855529785, 8.264464378356934 
7.241847038269043, -8.487165451049805 
7.048811912536621, -8.261520385742188 
-5.978738307952881, 6.919320106506348 
4.393494129180908, -5.2469706535339355 
8.23550033569336, -9.637248992919922 
7.629138946533203, -8.917099952697754 
4.797325611114502, -5.655664920806885 
2.8561949729919434, -3.354640245437622 
6.864971160888672, -8.02275276184082 
7.1776628494262695, -8.425567626953125 
2.0577926635742188, -2.50777268409729 
-6.933482646942139, 7.978344917297363 
8.225409507751465, -9.627959251403809 
-3.7423322200775146, 4.317699432373047 
-6.4186015129089355, 7.357206344604492 
-8.013060569763184, 9.280485153198242 
-5.752653121948242, 6.611307621002197 
7.292797088623047, -8.585498809814453 
8.073312759399414, -9.423359870910645 
3.4070606231689453, -4.083733081817627 
7.465520858764648, -8.788671493530273 
7.188870906829834, -8.410425186157227 
-5.232181072235107, 5.968175411224365 
4.806209087371826, -5.707718849182129 
-3.620697498321533, 4.073398590087891 
-7.874332427978516, 9.108312606811523 
-7.877279758453369, 9.138010025024414 
6.825202941894531, -8.025989532470703 
-7.267275333404541, 8.336217880249023 
-5.833883762359619, 6.718646049499512 
-7.736750602722168, 8.909854888916016 
-1.3291826248168945, 1.4673693180084229 
-4.820260047912598, 5.579258918762207 
-4.937445163726807, 5.726796627044678 
2.7587156295776367, -3.2858521938323975 
8.922389030456543, -10.505248069763184 
-8.480583190917969, 9.830183029174805 
5.644862174987793, -6.658414840698242 
-0.2634444832801819, 0.22486139833927155 
-4.748001575469971, 5.432350158691406 
-1.0303934812545776, 1.1130592823028564 
6.8244404792785645, -8.033609390258789 
3.750782012939453, -4.462898254394531 
-7.2352495193481445, 8.34648323059082 
8.16523265838623, -9.562546730041504 
-7.33259916305542, 8.411792755126953 
-4.524999618530273, 5.168978691101074 
-7.609489917755127, 8.766663551330566 
4.555079936981201, -5.384170055389404 
-7.129424571990967, 8.214292526245117 
4.7433180809021, -5.543938636779785 
9.792521476745605, -11.457904815673828 
5.774509906768799, -6.817903518676758 
-8.276140213012695, 9.55318546295166 
7.895874500274658, -9.233930587768555 
-7.090919017791748, 8.180685043334961 
-6.985072612762451, 8.039327621459961 
6.017829418182373, -7.045431613922119 
4.5591206550598145, -5.328178882598877 
7.839181423187256, -9.157831192016602 
8.010135650634766, -9.376138687133789 
7.454737663269043, -8.72747802734375 
5.82399320602417, -6.826923847198486 
2.138291358947754, -2.5812559127807617 
-6.681898593902588, 7.676693439483643 
-5.800055027008057, 6.6930108070373535 
7.2936482429504395, -8.565688133239746 
-7.052738666534424, 8.16312026977539 
5.634546279907227, -6.663772106170654 
7.625117778778076, -8.950777053833008 
6.225898265838623, -7.299892425537109 
6.53572416305542, -7.702547073364258 
6.748897075653076, -7.906342029571533 
-0.13793428242206573, 0.02788117341697216 
-7.554415225982666, 8.772550582885742 
7.324986934661865, -8.598432540893555 
-3.7918429374694824, 4.3384599685668945 
-5.128223896026611, 5.847620964050293 
-7.385252952575684, 8.479537010192871 
5.630218982696533, -6.640405654907227 
-1.194023609161377, 1.3494011163711548 
2.6675686836242676, -3.156968832015991 
0.7392453551292419, -0.9292617440223694 
-7.758785247802734, 8.947676658630371 
-7.792080402374268, 9.008527755737305 
-7.677443981170654, 8.844141006469727 
3.9060099124908447, -4.655283451080322 
5.045283317565918, -5.909069538116455 
6.611618518829346, -7.771446228027344 
7.278759002685547, -8.556438446044922 
2.5101380348205566, -2.978752374649048 
6.653348922729492, -7.790334701538086 
7.366781711578369, -8.62005615234375 
5.645966529846191, -6.665411949157715 
-8.035382270812988, 9.266143798828125 
3.8413619995117188, -4.556864261627197 
-3.3912296295166016, 3.9053850173950195 
-4.48453950881958, 5.1907548904418945 
6.3709397315979, -7.499353408813477 
-1.9803359508514404, 2.2324111461639404 
1.6991815567016602, -2.0409085750579834 
5.4166951179504395, -6.41636323928833 
7.385834693908691, -8.680362701416016 
7.207522869110107, -8.457672119140625 
7.276408672332764, -8.529296875 
0.20014789700508118, -0.3272803723812103 
-6.672882080078125, 7.705914497375488 
-6.644782543182373, 7.603757858276367 
6.2987961769104, -7.40349006652832 
-2.498351573944092, 2.8151724338531494 
4.92689847946167, -5.8615641593933105 
-5.990458965301514, 6.913125038146973 
7.501334190368652, -8.787616729736328 
-7.34893274307251, 8.458883285522461 
6.568213939666748, -7.681862831115723 
-4.817812919616699, 5.495009422302246 
5.178778171539307, -6.101670742034912 
-8.676107406616211, 10.010659217834473 
7.80883264541626, -9.156060218811035 
-6.393754005432129, 7.3897504806518555 
-6.832528591156006, 7.828784942626953 
-7.302521705627441, 8.419265747070312 
7.720970153808594, -9.052835464477539 
5.941451549530029, -6.994923114776611 
-7.588057994842529, 8.803604125976562 
6.769716739654541, -7.988156795501709 
7.669740676879883, -8.983449935913086 
7.126608848571777, -8.345783233642578 
7.605508804321289, -8.942084312438965 
-7.590750694274902, 8.799676895141602 
-3.4555270671844482, 3.9248416423797607 
-7.788136959075928, 8.979511260986328 
2.850619316101074, -3.3532936573028564 
1.619767427444458, -1.9660515785217285 
-4.157155513763428, 4.775820732116699 
-8.20401382446289, 9.465805053710938 
-7.721721172332764, 8.874614715576172 
-2.119124412536621, 2.461724042892456 
8.10466480255127, -9.47469711303711 
5.111965656280518, -6.033141136169434 
-8.435970306396484, 9.721667289733887 
-8.405179023742676, 9.684796333312988 
6.825167655944824, -8.016708374023438 
6.878169536590576, -8.103982925415039 
7.502125263214111, -8.787802696228027 
-6.147781848907471, 7.045866012573242 
8.120370864868164, -9.50686264038086 
3.9907703399658203, -4.848444938659668 
1.4683189392089844, -1.8504668474197388 
8.228282928466797, -9.62696647644043 
-8.285346031188965, 9.56132698059082 
8.552221298217773, -9.995658874511719 
4.126760959625244, -4.839880466461182 
-6.497501373291016, 7.526956558227539 
6.5423665046691895, -7.677822589874268 
-5.291924953460693, 6.0522637367248535 
8.056635856628418, -9.461834907531738 
6.9313130378723145, -8.124913215637207 
3.395650625228882, -4.019691467285156 
-2.7579240798950195, 3.1101760864257812 
-8.115994453430176, 9.33223819732666 
7.229686260223389, -8.497982025146484 
7.491611003875732, -8.807994842529297 
5.994812488555908, -7.030603408813477 
5.815638065338135, -6.838683605194092 
8.284928321838379, -9.735543251037598 
-4.881252765655518, 5.638396263122559 
-7.1252899169921875, 8.287396430969238 
-8.214181900024414, 9.490482330322266 
4.160600662231445, -4.978316307067871 
7.014895439147949, -8.268709182739258 
-6.743988990783691, 7.778589725494385 
-3.493870735168457, 3.970627546310425 
7.6136555671691895, -8.927331924438477 
-8.00969409942627, 9.272257804870605 
-7.006687641143799, 8.118904113769531 
4.184185028076172, -5.008347511291504 
-6.222567081451416, 7.189064025878906 
-6.760748386383057, 7.80632209777832 
-5.70607852935791, 6.518902778625488 
7.721648216247559, -9.051342010498047 
0.6360042691230774, -0.8569080233573914 
8.995809555053711, -10.505631446838379 
8.472005844116211, -9.932303428649902 
-6.45354700088501, 7.496294975280762 
-5.2718682289123535, 6.087738990783691 
-5.247030735015869, 6.056641101837158 
-5.768123149871826, 6.545542240142822 
-8.046418190002441, 9.286697387695312 
-7.446021556854248, 8.605012893676758 
7.810312747955322, -9.164652824401855 
2.775521993637085, -3.331166982650757 
6.5708441734313965, -7.701196670532227 
7.777282238006592, -9.11758041381836 
4.188412666320801, -5.016712665557861 
-7.442076206207275, 8.544548034667969 
7.625979423522949, -8.936236381530762 
8.505302429199219, -9.97155475616455 
8.70089054107666, -10.202324867248535 
-3.212900400161743, 3.626258373260498 
-6.810764789581299, 7.841110706329346 
2.324138641357422, -2.840775728225708 
6.536696910858154, -7.696455955505371 
-7.480717182159424, 8.65122127532959 
-6.309808254241943, 7.240694046020508 
6.655975818634033, -7.860219955444336 
9.16800308227539, -10.738439559936523 
7.170553207397461, -8.411184310913086 
1.7920112609863281, -2.194554090499878 
-7.368035316467285, 8.476024627685547 
5.547237873077393, -6.53727912902832 
-7.302113056182861, 8.450630187988281 
-7.170901298522949, 8.299656867980957 
-5.603299617767334, 6.453691482543945 
6.907959461212158, -8.127408981323242 
5.757969856262207, -6.784534931182861 
4.097285747528076, -4.8665947914123535 
-8.906515121459961, 10.292695999145508 
-6.6090593338012695, 7.634279727935791 
6.266419887542725, -7.370784759521484 
5.03911828994751, -5.983682632446289 
-4.77538537979126, 5.512726783752441 
-6.4309306144714355, 7.3913116455078125 
-3.4899730682373047, 4.043010711669922 
-6.29890775680542, 7.251781940460205 
-6.7086029052734375, 7.7916789054870605 
7.881883144378662, -9.219746589660645 
6.824388027191162, -7.98743200302124 
5.529572486877441, -6.492040157318115 
3.860541343688965, -4.568914890289307 
6.708354949951172, -7.9424638748168945 
-2.6256678104400635, 2.968843460083008 
-5.579711437225342, 6.331823825836182 
6.573301315307617, -7.7214860916137695 
0.41595885157585144, -0.5941664576530457 
8.372481346130371, -9.770950317382812 
7.950235843658447, -9.379213333129883 
-6.31658411026001, 7.242429256439209 
-5.39529275894165, 6.223874092102051 
8.65253734588623, -10.11369800567627 
-8.42239761352539, 9.718891143798828 
-5.221351146697998, 6.016599655151367 
7.889984607696533, -9.259468078613281 
-1.3635591268539429, 1.5082828998565674 
0.8186253905296326, -1.0880013704299927 
5.915429592132568, -6.955605506896973 
7.885365962982178, -9.243544578552246 
6.710966110229492, -7.886879920959473 
-6.742684841156006, 7.7288126945495605 
-8.688239097595215, 10.01445198059082 
-3.3002095222473145, 3.7550666332244873 
6.863148212432861, -8.0945463180542 
-3.088563919067383, 3.5528221130371094 
9.058210372924805, -10.578179359436035 
-6.889186859130859, 7.892002582550049 
3.7072529792785645, -4.365872383117676 
-7.0015177726745605, 8.09762191772461 
6.971925735473633, -8.149815559387207 
7.962889671325684, -9.373929977416992 
-7.378393650054932, 8.553793907165527 
5.66117525100708, -6.626635551452637 
8.710195541381836, -10.178083419799805 
-5.266397953033447, 5.95695686340332 
7.410464763641357, -8.71475601196289 
7.626814365386963, -8.929691314697266 
7.873459815979004, -9.272960662841797 
2.868122100830078, -3.404284715652466 
-8.267080307006836, 9.579256057739258 
-7.344943523406982, 8.490692138671875 
-1.2097381353378296, 1.3541587591171265 
8.434884071350098, -9.8518648147583 
-4.726480960845947, 5.451663017272949 
-7.918177127838135, 9.143729209899902 
-5.634891986846924, 6.480018138885498 
-4.395840167999268, 5.112656593322754 
7.231834888458252, -8.516175270080566 
7.152982234954834, -8.414178848266602 
8.460418701171875, -9.908111572265625 
8.072057723999023, -9.450801849365234 
7.65522575378418, -8.969014167785645 
-7.550425052642822, 8.701986312866211 
8.823348999023438, -10.350214004516602 
-8.198711395263672, 9.4613676071167 
1.1563923358917236, -1.4833039045333862 
7.094907283782959, -8.333917617797852 
-2.603766441345215, 2.8768839836120605 
-7.207418918609619, 8.323919296264648 
-7.1106743812561035, 8.151633262634277 
-2.41105318069458, 2.6898882389068604 
-6.874696254730225, 7.875589847564697 
-8.359908103942871, 9.63892936706543 
5.9571685791015625, -7.023194313049316 
-7.621509075164795, 8.839324951171875 
0.5874580144882202, -0.8455100059509277 
-7.553280353546143, 8.731562614440918 
-7.440540313720703, 8.609071731567383 
8.648781776428223, -10.140050888061523 
-3.6823625564575195, 4.133167743682861 
-5.855987071990967, 6.762618064880371 
-8.312124252319336, 9.586324691772461 
3.1009068489074707, -3.7231605052948 
-6.891462802886963, 7.891339302062988 
-4.379642486572266, 4.985749244689941 
2.3017048835754395, -2.8100626468658447 
-6.722238063812256, 7.745272159576416 
7.716385364532471, -9.02647876739502 
1.9716150760650635, -2.375920534133911 
-8.246515274047852, 9.518511772155762 
-0.8338233828544617, 0.8047575950622559 
-7.303734302520752, 8.374049186706543 
8.179277420043945, -9.59051513671875 
-2.9452157020568848, 3.3152029514312744 
-6.656013488769531, 7.7007317543029785 
-3.091050863265991, 3.5518100261688232 
-3.739170551300049, 4.238739967346191 
8.429848670959473, -9.831186294555664 
-0.6873096823692322, 0.7060872912406921 
-5.490640640258789, 6.359116554260254 
-5.909592628479004, 6.725444793701172 
-2.3972463607788086, 2.7165396213531494 
8.050047874450684, -9.436468124389648 
-8.745044708251953, 10.11178970336914 
-7.598422050476074, 8.809370040893555 
2.7808635234832764, -3.3067734241485596 
-5.80691385269165, 6.753025054931641 
-7.083062171936035, 8.217567443847656 
8.197376251220703, -9.605314254760742 
-5.15711784362793, 5.848094463348389 
7.4701972007751465, -8.770111083984375 
-8.469441413879395, 9.769071578979492 
-3.204896926879883, 3.638158082962036 
9.04397201538086, -10.60428524017334 
-3.203786611557007, 3.6332883834838867 
2.650705575942993, -3.126262664794922 
4.108674049377441, -4.892287254333496 
-6.6361165046691895, 7.675755023956299 
-4.5970964431762695, 5.240551471710205 
4.869396686553955, -5.733311176300049 
7.7592339515686035, -9.089315414428711 
6.494588375091553, -7.607601642608643 
-8.194649696350098, 9.477399826049805 
8.9464111328125, -10.497611045837402 
-2.547905445098877, 2.865577459335327 
4.937781810760498, -5.841243743896484 
4.305574893951416, -5.060674667358398 
2.4630115032196045, -2.966536283493042 
6.832428932189941, -7.973870277404785 
-1.170870304107666, 1.313414454460144 
7.394876003265381, -8.659488677978516 
-4.763484954833984, 5.510197162628174 
-6.402329921722412, 7.377680778503418 
-7.274310111999512, 8.418069839477539 
6.072710037231445, -7.1325860023498535 
7.271395206451416, -8.499513626098633 
-7.788589954376221, 8.964472770690918 
7.416681289672852, -8.656837463378906 
8.118481636047363, -9.518543243408203 
7.979588985443115, -9.31596565246582 
-5.336338996887207, 6.157253742218018 
7.375617027282715, -8.606765747070312 
7.968943119049072, -9.308645248413086 
-4.1774821281433105, 4.779120445251465 
0.40520018339157104, -0.5311702489852905 
7.645580768585205, -8.941104888916016 
7.627229690551758, -8.916993141174316 
7.495147228240967, -8.807334899902344 
-6.290785312652588, 7.279425621032715 
-3.4594221115112305, 3.931591749191284 
6.871445178985596, -8.036343574523926 
7.999735355377197, -9.396896362304688 
2.089743137359619, -2.5159173011779785 
-1.6644278764724731, 1.8726617097854614 
-7.943439960479736, 9.135371208190918 
-4.802567958831787, 5.462184906005859 
-4.960246562957764, 5.71026611328125 
5.430530548095703, -6.430715560913086 
4.447560787200928, -5.271727561950684 
-2.0450806617736816, 2.2704193592071533 
-6.867260456085205, 7.936176776885986 
-4.713572978973389, 5.40854549407959 
6.67937707901001, -7.868410110473633 
-3.7866053581237793, 4.34612512588501 
8.441024780273438, -9.894973754882812 
6.914064407348633, -8.130165100097656 
7.690647602081299, -9.020292282104492 
-7.83915376663208, 9.047285079956055 
-7.518502712249756, 8.665064811706543 
-7.401423931121826, 8.520331382751465 
-7.907242774963379, 9.11114501953125 
-4.752103328704834, 5.39061975479126 
-6.726495265960693, 7.7017059326171875 
-5.762945652008057, 6.585576057434082 
-6.45046854019165, 7.467285633087158 
-7.632542133331299, 8.834531784057617 
8.640523910522461, -10.116220474243164 
6.931362628936768, -8.146841049194336 
-8.414384841918945, 9.711743354797363 
-2.727686882019043, 3.0806782245635986 
-8.055397033691406, 9.288748741149902 
