5.5946197509765625, -6.590811729431152 
-0.09705787152051926, 0.08661749213933945 
6.855839729309082, -8.030143737792969 
6.99675178527832, -8.200750350952148 
5.926525592803955, -6.9340715408325195 
-6.548191547393799, 7.538091659545898 
-3.8767998218536377, 4.383337020874023 
6.072939872741699, -7.127086639404297 
5.583334445953369, -6.56962251663208 
0.21764564514160156, -0.3636973202228546 
6.0057549476623535, -7.043442249298096 
5.038637161254883, -5.905299663543701 
6.3248291015625, -7.425050258636475 
6.085363864898682, -7.12885856628418 
-6.078493595123291, 6.990959167480469 
-0.45297181606292725, 0.4568413496017456 
5.656585216522217, -6.668450832366943 
5.96946382522583, -6.991410255432129 
5.451711177825928, -6.436653137207031 
1.4246846437454224, -1.7609264850616455 
3.66218900680542, -4.349637985229492 
6.369671821594238, -7.476683616638184 
3.1846463680267334, -3.7693045139312744 
-6.6549296379089355, 7.667118072509766 
-7.946237087249756, 9.172026634216309 
-2.5379533767700195, 2.8586585521698 
5.647005081176758, -6.655393123626709 
5.131283283233643, -6.1008806228637695 
4.941073894500732, -5.849225044250488 
-2.9408137798309326, 3.3655669689178467 
-5.634383678436279, 6.498529434204102 
5.881356239318848, -6.910801887512207 
5.005715847015381, -5.894966125488281 
-1.9247301816940308, 2.1189181804656982 
4.421586036682129, -5.222339630126953 
-2.959757089614868, 3.413787603378296 
6.256817817687988, -7.278504371643066 
-1.3416155576705933, 1.5411895513534546 
6.664944171905518, -7.817927837371826 
2.121375560760498, -2.579111337661743 
7.025153636932373, -8.189072608947754 
5.586203098297119, -6.574156761169434 
4.024362087249756, -4.7148590087890625 
5.8038506507873535, -6.842214584350586 
-4.076215744018555, 4.629388332366943 
-6.3612236976623535, 7.307144641876221 
0.4206954538822174, -0.6075170636177063 
-5.597560405731201, 6.414157867431641 
-1.9568287134170532, 2.2490055561065674 
-6.100965976715088, 7.008940696716309 
5.854089260101318, -6.900937080383301 
5.70165491104126, -6.713294506072998 
-1.7446194887161255, 1.9951066970825195 
4.181746006011963, -4.9084062576293945 
-2.568347930908203, 2.9609010219573975 
5.790684223175049, -6.81430721282959 
-3.4829342365264893, 3.963712215423584 
-6.508704662322998, 7.55328369140625 
0.17069470882415771, -0.300371378660202 
-3.7938613891601562, 4.413150310516357 
-5.2288923263549805, 6.061903476715088 
5.986545085906982, -7.047068119049072 
4.8763298988342285, -5.752537727355957 
-0.2650276720523834, 0.2984066903591156 
5.140658855438232, -6.0380706787109375 
-0.9431988000869751, 0.989096999168396 
5.131340980529785, -6.050451278686523 
-5.567121982574463, 6.400908946990967 
-5.862466335296631, 6.7508697509765625 
4.241291522979736, -4.998691082000732 
6.116825580596924, -7.165785789489746 
-0.7397794723510742, 0.7972301244735718 
-5.22292947769165, 5.964567184448242 
3.4454097747802734, -4.063758850097656 
5.935632228851318, -6.940982818603516 
-0.6950276494026184, 0.7466878294944763 
6.392323970794678, -7.49330472946167 
2.567394256591797, -3.0710017681121826 
-6.971729755401611, 8.028294563293457 
6.560404300689697, -7.6467790603637695 
6.252737998962402, -7.325166702270508 
-7.207613468170166, 8.316914558410645 
0.7072991728782654, -0.9378541707992554 
-2.828073740005493, 3.2378780841827393 
-6.262458324432373, 7.246277332305908 
4.493706703186035, -5.296202659606934 
5.69753885269165, -6.6439666748046875 
-5.442812442779541, 6.331048011779785 
-7.436704158782959, 8.57204818725586 
3.4214630126953125, -4.048018455505371 
7.104132652282715, -8.305459022521973 
-0.9265060424804688, 1.0660561323165894 
0.9980388283729553, -1.2351924180984497 
-6.2475199699401855, 7.248749732971191 
-3.922621965408325, 4.550908088684082 
7.033956050872803, -8.227198600769043 
6.136523723602295, -7.167940139770508 
6.16376256942749, -7.225291728973389 
-2.2684497833251953, 2.5698916912078857 
6.504974842071533, -7.620412826538086 
4.679322242736816, -5.505299091339111 
7.189878940582275, -8.443224906921387 
2.225684404373169, -2.625943899154663 
0.8306089043617249, -1.056490421295166 
5.561463356018066, -6.529309272766113 
4.301316261291504, -5.043184757232666 
-7.464534282684326, 8.63455867767334 
8.485878944396973, -9.911861419677734 
2.3800911903381348, -2.822904109954834 
-2.61826229095459, 3.010784387588501 
-6.015852451324463, 6.895119667053223 
5.236705780029297, -6.159426689147949 
-6.390521049499512, 7.32855224609375 
4.891305923461914, -5.780294418334961 
5.359821796417236, -6.294315814971924 
-2.3670716285705566, 2.6729073524475098 
0.40071335434913635, -0.5308942198753357 
-4.3172807693481445, 4.9222869873046875 
-5.049619197845459, 5.772163391113281 
-4.896866798400879, 5.594232559204102 
-6.309671878814697, 7.309886455535889 
-6.300954341888428, 7.264244556427002 
5.946404933929443, -6.994601249694824 
6.0838398933410645, -7.124783515930176 
5.505555629730225, -6.469970703125 
-6.705642223358154, 7.742705345153809 
6.593445301055908, -7.762412071228027 
-2.5434536933898926, 2.8842387199401855 
3.965709686279297, -4.678544044494629 
5.035650253295898, -5.938502311706543 
1.3102461099624634, -1.5961439609527588 
6.222129821777344, -7.341652870178223 
-3.2506766319274902, 3.6604740619659424 
-3.162320137023926, 3.581139087677002 
5.978541851043701, -7.024567604064941 
-2.536851167678833, 2.9168524742126465 
6.266271114349365, -7.324023246765137 
-5.600393772125244, 6.499847412109375 
-5.828093528747559, 6.6912617683410645 
-5.816658020019531, 6.760239124298096 
5.6325201988220215, -6.61927604675293 
6.130094051361084, -7.212932109832764 
7.304333686828613, -8.559995651245117 
7.378897190093994, -8.639451026916504 
-6.360626697540283, 7.338692665100098 
-3.1756229400634766, 3.610989809036255 
-7.133102893829346, 8.205606460571289 
6.21362829208374, -7.309164047241211 
-3.8134100437164307, 4.401162147521973 
5.940886497497559, -6.993441581726074 
-7.383842945098877, 8.523898124694824 
-5.032695293426514, 5.844625473022461 
-3.557774543762207, 4.00721549987793 
5.970783710479736, -6.9774675369262695 
-3.821009397506714, 4.378513336181641 
-4.918097972869873, 5.6153883934021 
3.1722469329833984, -3.749666452407837 
5.340007305145264, -6.276346206665039 
-6.466649532318115, 7.488381385803223 
-7.813907146453857, 9.017620086669922 
-1.5990875959396362, 1.852295160293579 
-7.120080947875977, 8.19907283782959 
-5.1992716789245605, 6.007623672485352 
-3.7493844032287598, 4.31927490234375 
-7.350851535797119, 8.4880952835083 
-1.3479963541030884, 1.5555384159088135 
-5.905273914337158, 6.777892112731934 
5.422801494598389, -6.380561828613281 
5.033336162567139, -5.927831172943115 
6.561532020568848, -7.6793012619018555 
5.97298002243042, -7.00055456161499 
0.941072404384613, -1.1428877115249634 
5.284829139709473, -6.218733310699463 
4.681694984436035, -5.5288004875183105 
2.923166275024414, -3.431865930557251 
-5.026343822479248, 5.813953399658203 
-2.466913938522339, 2.8281264305114746 
-5.320281982421875, 6.174990177154541 
7.232903957366943, -8.494475364685059 
-2.07688570022583, 2.32381534576416 
5.806723117828369, -6.817339897155762 
-0.10741153359413147, 0.08591103553771973 
-1.4103559255599976, 1.532654881477356 
-6.11424446105957, 6.996301651000977 
4.971638202667236, -5.855849266052246 
6.792145729064941, -7.961103439331055 
5.145761013031006, -6.037430763244629 
7.618404865264893, -8.93799114227295 
-5.187197685241699, 5.995249271392822 
-6.7366485595703125, 7.76557731628418 
4.975306034088135, -5.849382400512695 
5.220550060272217, -6.170721530914307 
4.991195201873779, -5.856135845184326 
5.470954418182373, -6.401848793029785 
4.546722888946533, -5.378973960876465 
1.4019898176193237, -1.7294273376464844 
2.9427270889282227, -3.479907274246216 
-3.6994245052337646, 4.293233394622803 
-1.5481079816818237, 1.7403504848480225 
5.942445278167725, -6.948679447174072 
0.711550772190094, -0.8920525908470154 
-4.803800106048584, 5.480609893798828 
-1.5859473943710327, 1.78521728515625 
4.1598381996154785, -4.913471698760986 
7.044636249542236, -8.291584968566895 
6.846501350402832, -8.023179054260254 
-0.9664576053619385, 1.0215768814086914 
6.820095539093018, -7.981019020080566 
6.625328540802002, -7.747936248779297 
0.007936321198940277, -0.12229769676923752 
4.725034236907959, -5.573480606079102 
3.865734338760376, -4.614763259887695 
6.790940284729004, -7.917448997497559 
6.345142841339111, -7.475764274597168 
2.951082229614258, -3.5503957271575928 
6.546511650085449, -7.673840522766113 
5.474402904510498, -6.398781776428223 
-1.5784157514572144, 1.7825275659561157 
5.17371129989624, -6.068458557128906 
-4.100695610046387, 4.659980773925781 
-4.7991743087768555, 5.505690097808838 
-3.2171826362609863, 3.6208255290985107 
-3.4153590202331543, 3.948580503463745 
-6.906068801879883, 7.918429851531982 
-3.3065414428710938, 3.7689054012298584 
-1.630592703819275, 1.865573763847351 
0.788625180721283, -0.9979918599128723 
7.1466240882873535, -8.387130737304688 
-2.4803617000579834, 2.848125696182251 
4.738637447357178, -5.560650825500488 
5.920695781707764, -6.969104766845703 
5.799449443817139, -6.769777774810791 
4.938892364501953, -5.832728385925293 
-0.12118726223707199, 0.028563331812620163 
-6.8864946365356445, 7.930551052093506 
5.940364837646484, -6.973233699798584 
6.509915828704834, -7.600750923156738 
-7.274158954620361, 8.388662338256836 
-2.3284974098205566, 2.6706817150115967 
-3.5625686645507812, 4.036523818969727 
-4.347227096557617, 4.968551158905029 
-2.0606420040130615, 2.3672051429748535 
0.3693212866783142, -0.5131961703300476 
6.80877161026001, -7.994692802429199 
-4.207520484924316, 4.793734550476074 
6.9661946296691895, -8.17213249206543 
-6.41328239440918, 7.415844917297363 
5.8158111572265625, -6.855569839477539 
-7.236857891082764, 8.340001106262207 
6.538939476013184, -7.669411659240723 
5.539963245391846, -6.521848201751709 
-3.8117690086364746, 4.315464019775391 
-5.160129070281982, 5.883928298950195 
6.458011627197266, -7.6153035163879395 
-6.204558849334717, 7.181803226470947 
-5.829570293426514, 6.7646379470825195 
-3.6552388668060303, 4.235231399536133 
6.882286548614502, -8.063672065734863 
7.416421413421631, -8.67924976348877 
6.0049052238464355, -7.039471626281738 
-5.54052209854126, 6.377513408660889 
2.156550407409668, -2.578221082687378 
-5.9765095710754395, 6.879449367523193 
5.375669002532959, -6.3500657081604 
7.150436878204346, -8.375285148620605 
-1.7896326780319214, 2.0582547187805176 
-2.653686046600342, 3.053880453109741 
2.322136402130127, -2.786212682723999 
3.27825927734375, -3.908045530319214 
6.677359104156494, -7.834347724914551 
-2.3823695182800293, 2.760383367538452 
5.840630054473877, -6.872553825378418 
-4.001430034637451, 4.589143753051758 
-6.706640243530273, 7.705301284790039 
-6.8084917068481445, 7.811913013458252 
5.9836955070495605, -7.003477096557617 
-2.214543342590332, 2.523794174194336 
-6.969074249267578, 8.042805671691895 
0.5504323244094849, -0.7420743703842163 
-0.88413006067276, 1.036294937133789 
-4.394425392150879, 5.030970573425293 
5.792381286621094, -6.790459156036377 
4.548559665679932, -5.363329887390137 
6.142019748687744, -7.190037727355957 
-3.36622953414917, 3.9129526615142822 
3.985419750213623, -4.7207818031311035 
0.48535865545272827, -0.7036668062210083 
7.336838245391846, -8.599892616271973 
-7.1478705406188965, 8.238038063049316 
4.011273384094238, -4.779717445373535 
4.887888431549072, -5.755152702331543 
1.005621314048767, -1.230180263519287 
7.144939422607422, -8.390973091125488 
5.42680549621582, -6.392632961273193 
-2.013176679611206, 2.240379571914673 
5.135922908782959, -6.039298057556152 
-2.8108601570129395, 3.202793836593628 
6.666931629180908, -7.819597244262695 
-4.5550336837768555, 5.2805328369140625 
-3.4057836532592773, 3.8316452503204346 
7.062699794769287, -8.259352684020996 
0.7777135968208313, -0.9589744806289673 
-1.1050611734390259, 1.2462756633758545 
-6.044199466705322, 7.0064005851745605 
6.949281215667725, -8.141034126281738 
4.429013729095459, -5.214420318603516 
-3.1035304069519043, 3.5886549949645996 
6.3809590339660645, -7.494410514831543 
6.157774448394775, -7.221810817718506 
7.538623332977295, -8.805848121643066 
6.530400276184082, -7.634429454803467 
3.3632826805114746, -3.9918324947357178 
4.336334228515625, -5.056034088134766 
-2.6271331310272217, 2.989990711212158 
5.926940441131592, -6.94373083114624 
6.371384143829346, -7.492385387420654 
-4.616943836212158, 5.287532806396484 
6.0718207359313965, -7.102286338806152 
5.992529392242432, -6.964914798736572 
-4.51462984085083, 5.236062049865723 
-6.7518439292907715, 7.795297622680664 
5.217840671539307, -6.155915260314941 
7.221847057342529, -8.50820255279541 
5.990401744842529, -7.045269966125488 
6.552487850189209, -7.728724479675293 
-4.275801658630371, 4.944185733795166 
5.753594398498535, -6.751226425170898 
-5.230615139007568, 5.980798721313477 
0.3392743468284607, -0.44490838050842285 
-2.6332552433013916, 3.000962257385254 
5.152937412261963, -6.05507755279541 
-2.0602657794952393, 2.368515729904175 
-3.300753593444824, 3.7675774097442627 
-6.454926013946533, 7.505755424499512 
-5.142003059387207, 5.94875431060791 
3.172365188598633, -3.7530457973480225 
2.1969363689422607, -2.6266205310821533 
-6.408755779266357, 7.341692924499512 
4.399704933166504, -5.184133529663086 
-4.727591037750244, 5.402214527130127 
5.076179027557373, -5.96207332611084 
6.557438850402832, -7.666540145874023 
5.9155192375183105, -6.934892654418945 
-3.2219691276550293, 3.713439702987671 
5.472320556640625, -6.443360805511475 
3.6396021842956543, -4.2857255935668945 
5.714780807495117, -6.7190141677856445 
5.880183696746826, -6.917817115783691 
6.3726325035095215, -7.4759392738342285 
6.074987888336182, -7.114675045013428 
5.7194132804870605, -6.680540561676025 
6.533022880554199, -7.664809226989746 
3.0902857780456543, -3.7021114826202393 
-4.990453243255615, 5.681855201721191 
6.2211594581604, -7.336118698120117 
4.509588718414307, -5.338841438293457 
-5.091087818145752, 5.844690799713135 
-7.023039817810059, 8.12633228302002 
-2.373924493789673, 2.719759225845337 
-7.6215949058532715, 8.775120735168457 
5.283177852630615, -6.171019077301025 
5.034669399261475, -5.8926544189453125 
4.583604335784912, -5.434828758239746 
-5.418295383453369, 6.245408535003662 
4.176352024078369, -4.904008388519287 
1.404152274131775, -1.7147245407104492 
5.5489630699157715, -6.529728412628174 
-5.945436477661133, 6.896433353424072 
-6.448564052581787, 7.4438300132751465 
-2.1535964012145996, 2.4752252101898193 
6.450951099395752, -7.566187858581543 
-4.932753562927246, 5.70342493057251 
3.3317737579345703, -3.952697992324829 
7.099064350128174, -8.308830261230469 
4.175034046173096, -4.953283309936523 
-0.4123286008834839, 0.4381951689720154 
-0.9224699139595032, 1.0347304344177246 
0.2870121896266937, -0.3811027705669403 
6.1981635093688965, -7.276801109313965 
6.052548885345459, -7.118413925170898 
6.125354290008545, -7.186493873596191 
6.033216953277588, -7.076045036315918 
5.382625579833984, -6.303378105163574 
-0.6015048623085022, 0.6116957664489746 
-5.74651575088501, 6.64119815826416 
5.237390041351318, -6.1820783615112305 
-2.5933358669281006, 3.015803337097168 
3.8177433013916016, -4.510587215423584 
-0.22038602828979492, 0.24597515165805817 
6.027174472808838, -7.072157859802246 
6.308047294616699, -7.3951945304870605 
4.446385860443115, -5.187962532043457 
0.11390889436006546, -0.17717288434505463 
-5.660176753997803, 6.480318546295166 
5.3406147956848145, -6.261663436889648 
5.209270000457764, -6.138838291168213 
-6.479892253875732, 7.489614009857178 
-0.8539167046546936, 0.866279125213623 
2.021589756011963, -2.426907777786255 
5.67208194732666, -6.683435440063477 
-3.8057219982147217, 4.352115631103516 
7.003304481506348, -8.201493263244629 
-4.686611652374268, 5.399684429168701 
6.237587928771973, -7.322446823120117 
-7.7592291831970215, 8.938986778259277 
-5.809903621673584, 6.702803611755371 
-3.129084348678589, 3.5324742794036865 
4.63759708404541, -5.470175743103027 
5.826178073883057, -6.843194484710693 
-3.606976270675659, 4.187002182006836 
-1.206127405166626, 1.336167812347412 
6.915117263793945, -8.10831356048584 
-6.028761386871338, 6.946516990661621 
0.2547357678413391, -0.4462246298789978 
5.81470251083374, -6.804806709289551 
6.829975128173828, -8.085687637329102 
-6.765182018280029, 7.789200782775879 
-2.229745864868164, 2.5614378452301025 
3.770188331604004, -4.459686756134033 
-7.240070819854736, 8.372091293334961 
6.0853271484375, -7.133609771728516 
-2.3519415855407715, 2.7391746044158936 
-7.395516872406006, 8.505735397338867 
1.0404000282287598, -1.2788301706314087 
5.487600803375244, -6.426148891448975 
-0.7419565320014954, 0.8071086406707764 
4.152599334716797, -4.874599456787109 
-5.974008083343506, 6.889237880706787 
3.709449052810669, -4.360877990722656 
7.452269077301025, -8.722186088562012 
-4.311774730682373, 4.973000526428223 
5.5459208488464355, -6.51372766494751 
5.961495399475098, -7.009549617767334 
6.850374698638916, -8.058241844177246 
5.168181419372559, -6.114816665649414 
-4.793885231018066, 5.4562907218933105 
-0.6519195437431335, 0.6569353342056274 
-5.330630779266357, 6.070653915405273 
-3.5840485095977783, 4.070258140563965 
5.357883930206299, -6.282156944274902 
4.601349353790283, -5.420351982116699 
-5.458202838897705, 6.340738773345947 
-0.5925156474113464, 0.6157314777374268 
5.849587440490723, -6.882591247558594 
6.698472499847412, -7.862807750701904 
7.605901718139648, -8.915709495544434 
4.771386623382568, -5.597173690795898 
-7.29443883895874, 8.426592826843262 
4.8730854988098145, -5.764828681945801 
6.141726970672607, -7.216626167297363 
-5.146350860595703, 5.973080635070801 
-5.240000247955322, 6.080735206604004 
5.591041088104248, -6.512786865234375 
4.3143229484558105, -5.1088151931762695 
-6.430993556976318, 7.419179916381836 
4.665042400360107, -5.547935485839844 
-6.609281063079834, 7.66905403137207 
7.046260356903076, -8.278365135192871 
5.413393020629883, -6.3879804611206055 
7.3155198097229, -8.582892417907715 
6.54304838180542, -7.688302040100098 
5.581817626953125, -6.54729700088501 
1.0952399969100952, -1.3692309856414795 
-6.9191060066223145, 8.029908180236816 
0.8966817855834961, -1.1153090000152588 
-5.755914688110352, 6.612864017486572 
-3.876152992248535, 4.460216999053955 
6.6617865562438965, -7.795708179473877 
7.594297409057617, -8.917962074279785 
4.519146919250488, -5.315125465393066 
4.584629535675049, -5.43113899230957 
-7.009459972381592, 8.06421184539795 
3.1459641456604004, -3.707688331604004 
6.2153215408325195, -7.2396650314331055 
5.936251640319824, -6.967325210571289 
6.6354079246521, -7.752477645874023 
-7.509730815887451, 8.64803409576416 
7.815593242645264, -9.161667823791504 
-3.370063543319702, 3.8196370601654053 
6.405110836029053, -7.495917320251465 
0.6593301892280579, -0.8284403681755066 
5.555330753326416, -6.516634941101074 
4.764977931976318, -5.638449192047119 
6.9413018226623535, -8.119620323181152 
3.793196678161621, -4.462716102600098 
1.4968732595443726, -1.8359675407409668 
-2.8563051223754883, 3.294153928756714 
6.833370208740234, -7.989248275756836 
-7.171917915344238, 8.26565170288086 
-5.063948154449463, 5.807506561279297 
-2.9425406455993652, 3.3714096546173096 
-3.482236385345459, 4.041627883911133 
5.679450035095215, -6.652549743652344 
-0.8720408082008362, 0.9970654845237732 
-7.03308629989624, 8.07963752746582 
0.2659844756126404, -0.34286728501319885 
4.457272052764893, -5.260420322418213 
-3.387118339538574, 3.8978538513183594 
2.960197687149048, -3.4899368286132812 
-4.8934550285339355, 5.589282989501953 
5.894507884979248, -6.973352432250977 
-5.906031131744385, 6.817132472991943 
-2.405057907104492, 2.7268683910369873 
-2.2016937732696533, 2.5435266494750977 
6.3078131675720215, -7.412572860717773 
6.4144606590271, -7.517125129699707 
-6.965092658996582, 8.048537254333496 
2.7635834217071533, -3.2600433826446533 
-0.33077526092529297, 0.258695513010025 
1.3712291717529297, -1.6262562274932861 
7.252845287322998, -8.459488868713379 
5.297344207763672, -6.228838920593262 
1.6742078065872192, -2.0096380710601807 
-5.967564105987549, 6.9232401847839355 
-3.2337756156921387, 3.6805121898651123 
5.1901044845581055, -6.11298942565918 
6.985813140869141, -8.193530082702637 
4.9318013191223145, -5.824102878570557 
-0.7084373831748962, 0.7960417866706848 
6.785546779632568, -7.963551998138428 
1.900227665901184, -2.2504725456237793 
5.8615498542785645, -6.901786804199219 
-1.3747771978378296, 1.5664938688278198 
-5.188918113708496, 5.94753360748291 
0.9753516316413879, -1.2543253898620605 
4.8470964431762695, -5.742476463317871 
2.850857973098755, -3.4113495349884033 
4.56050443649292, -5.3483452796936035 
-0.9212717413902283, 1.0055615901947021 
3.478902816772461, -4.1064229011535645 
6.38993501663208, -7.524271488189697 
-0.9070806503295898, 1.0317583084106445 
-5.6659064292907715, 6.501530647277832 
3.0697689056396484, -3.6859352588653564 
6.823238372802734, -8.0043306350708 
6.235132694244385, -7.3188886642456055 
3.966686248779297, -4.666613578796387 
7.375152111053467, -8.628408432006836 
6.564717769622803, -7.705131530761719 
-5.979702472686768, 6.929394721984863 
-5.20443868637085, 6.002584457397461 
6.347377300262451, -7.457623481750488 
1.2682267427444458, -1.543094277381897 
4.506340980529785, -5.276167869567871 
5.505113124847412, -6.435020446777344 
-2.2600960731506348, 2.5909368991851807 
6.5995988845825195, -7.727208614349365 
-7.535325527191162, 8.66867733001709 
6.04293966293335, -7.0529327392578125 
0.6786568760871887, -0.8878573775291443 
1.7121145725250244, -2.0421297550201416 
6.187449932098389, -7.273614883422852 
5.104165077209473, -5.976112365722656 
-4.9034504890441895, 5.678165435791016 
5.730799198150635, -6.766746997833252 
-5.673425197601318, 6.502494812011719 
-3.2814698219299316, 3.8123888969421387 
5.547782897949219, -6.540619850158691 
4.7683892250061035, -5.5988969802856445 
-2.662644147872925, 3.0660269260406494 
-6.894379138946533, 7.983336925506592 
1.0033161640167236, -1.1983942985534668 
6.12372350692749, -7.1381516456604 
7.230915546417236, -8.447935104370117 
-1.2187494039535522, 1.3459495306015015 
0.24163371324539185, -0.32556501030921936 
5.430515766143799, -6.394306659698486 
1.1555863618850708, -1.3823907375335693 
-3.4905526638031006, 3.9882307052612305 
4.938082218170166, -5.812465667724609 
6.8000807762146, -7.9907145500183105 
6.4428253173828125, -7.585207939147949 
-6.176218509674072, 7.077640533447266 
6.195446968078613, -7.2698655128479 
-0.14275053143501282, 0.11354392021894455 
-5.987698554992676, 6.946750640869141 
3.747225761413574, -4.418088912963867 
-2.2233335971832275, 2.5505874156951904 
-0.7356905341148376, 0.741637647151947 
2.3914501667022705, -2.852926015853882 
6.0015740394592285, -7.006888389587402 
5.331935405731201, -6.247640609741211 
-6.2055745124816895, 7.178166389465332 
-4.815992832183838, 5.520205497741699 
-6.159830570220947, 7.127902030944824 
6.7628889083862305, -7.930520057678223 
1.0536465644836426, -1.2801337242126465 
-5.790501117706299, 6.6974897384643555 
6.0392231941223145, -7.074612617492676 
-3.6635169982910156, 4.211905479431152 
5.5049729347229, -6.4850664138793945 
6.397705078125, -7.4836225509643555 
3.8795647621154785, -4.604517936706543 
-5.0333170890808105, 5.768344402313232 
5.984742641448975, -7.028977394104004 
-3.173766613006592, 3.6318628787994385 
1.1301904916763306, -1.4206370115280151 
3.5007524490356445, -4.127476692199707 
-7.54152250289917, 8.719564437866211 
5.94528341293335, -6.9868927001953125 
-1.4891823530197144, 1.6042954921722412 
-7.479367733001709, 8.622565269470215 
-7.571768283843994, 8.726113319396973 
-1.1042197942733765, 1.2349193096160889 
5.892622470855713, -6.920124053955078 
6.313248634338379, -7.4320783615112305 
5.884975433349609, -6.926075458526611 
3.3747642040252686, -3.9749767780303955 
1.8765660524368286, -2.206740140914917 
-7.092029571533203, 8.178107261657715 
-3.2541072368621826, 3.744365930557251 
5.224153995513916, -6.135781288146973 
-4.885720252990723, 5.571698188781738 
-5.36303186416626, 6.176287651062012 
4.617271423339844, -5.455857276916504 
5.9626383781433105, -6.989807605743408 
5.480588436126709, -6.44460916519165 
-1.9498156309127808, 2.2016384601593018 
3.026472568511963, -3.614489793777466 
5.9810309410095215, -7.059915065765381 
5.704595565795898, -6.674566268920898 
5.627856254577637, -6.628408908843994 
-4.825707912445068, 5.547629356384277 
-7.396729946136475, 8.554858207702637 
-6.6008477210998535, 7.573877334594727 
-6.824652194976807, 7.866472244262695 
2.261416435241699, -2.7482550144195557 
-3.742140531539917, 4.230966567993164 
-5.912045001983643, 6.797574996948242 
-5.48122501373291, 6.331648826599121 
0.7585188746452332, -0.9138157963752747 
5.3078694343566895, -6.210155487060547 
-6.894660472869873, 7.935914039611816 
5.627054691314697, -6.570874214172363 
6.996353626251221, -8.24191951751709 
4.3726420402526855, -5.138784408569336 
-4.429163932800293, 5.061513900756836 
-3.7592530250549316, 4.328024864196777 
6.031924724578857, -7.056509971618652 
4.1916937828063965, -4.950746536254883 
-3.342696189880371, 3.8755786418914795 
2.7169618606567383, -3.2566139698028564 
6.831254005432129, -8.0308256149292 
5.214156150817871, -6.130655765533447 
4.172567844390869, -4.91351318359375 
7.248069763183594, -8.504862785339355 
1.0782132148742676, -1.3305896520614624 
6.645677089691162, -7.799246788024902 
6.960279941558838, -8.164091110229492 
7.275549411773682, -8.573925971984863 
-5.065848350524902, 5.845951557159424 
5.843892574310303, -6.871621131896973 
-0.14562657475471497, 0.1227772980928421 
5.646933555603027, -6.651917457580566 
-5.412439823150635, 6.302117824554443 
-4.237568378448486, 4.8783860206604 
-4.8135600090026855, 5.537874698638916 
-5.38152551651001, 6.152248859405518 
5.555473804473877, -6.522209644317627 
-4.600779056549072, 5.30812931060791 
5.314075946807861, -6.248498439788818 
-3.2409372329711914, 3.7037553787231445 
5.993114948272705, -7.0016770362854 
-1.2186492681503296, 1.4224865436553955 
-6.616693019866943, 7.575674057006836 
5.974738597869873, -7.005836009979248 
5.496627330780029, -6.459384918212891 
3.411241054534912, -4.058237552642822 
4.546870708465576, -5.362142562866211 
6.341182231903076, -7.410948753356934 
5.167542457580566, -6.078178405761719 
5.624539375305176, -6.620842933654785 
-5.799546718597412, 6.703290939331055 
2.248666286468506, -2.6620352268218994 
6.693563938140869, -7.860810279846191 
-5.146724224090576, 5.870676040649414 
7.176347255706787, -8.406556129455566 
-1.434080958366394, 1.611274242401123 
-7.562251567840576, 8.728684425354004 
-3.4145402908325195, 3.8591980934143066 
0.4592793583869934, -0.622862696647644 
5.842891216278076, -6.8575029373168945 
7.099694728851318, -8.372401237487793 
-5.785738468170166, 6.668603897094727 
-6.288058280944824, 7.304841995239258 
4.204432964324951, -5.008780479431152 
6.518484592437744, -7.606879234313965 
6.3651533126831055, -7.489252090454102 
6.043853282928467, -7.072139739990234 
2.3478212356567383, -2.8437907695770264 
4.718486785888672, -5.502390384674072 
5.7538604736328125, -6.691156387329102 
5.83394193649292, -6.841161727905273 
-7.012927532196045, 8.08167552947998 
-4.430308818817139, 5.051209926605225 
7.556845188140869, -8.839058876037598 
7.544960975646973, -8.800935745239258 
-4.6487717628479, 5.422223091125488 
4.91546630859375, -5.749953269958496 
3.4219422340393066, -4.042355537414551 
8.215240478515625, -9.64317798614502 
-1.3234601020812988, 1.4833900928497314 
5.920863628387451, -6.963410377502441 
6.643899440765381, -7.764132499694824 
-4.28043794631958, 4.945188522338867 
-4.402711391448975, 5.13284969329834 
3.042973041534424, -3.587700605392456 
5.232690334320068, -6.192980766296387 
6.512728691101074, -7.628467559814453 
-0.3301544487476349, 0.38359737396240234 
6.530545711517334, -7.672266006469727 
-5.067045211791992, 5.906820297241211 
5.088106155395508, -5.988865852355957 
-5.441089153289795, 6.284196853637695 
-0.765733540058136, 0.8157668709754944 
-5.257833957672119, 6.011711120605469 
4.865078449249268, -5.710836410522461 
0.050931550562381744, -0.1408936083316803 
6.197232246398926, -7.273543357849121 
5.352114200592041, -6.293673992156982 
-0.8283841013908386, 0.8491453528404236 
5.979777812957764, -6.966920852661133 
6.5581955909729, -7.684225082397461 
4.398761749267578, -5.127819061279297 
6.650540828704834, -7.780136585235596 
-4.732334613800049, 5.498567581176758 
-6.395172595977783, 7.414209365844727 
0.7731730937957764, -0.9075565338134766 
-3.961869716644287, 4.606597900390625 
-2.2975094318389893, 2.663343906402588 
-6.668981552124023, 7.69276762008667 
5.474325656890869, -6.443483829498291 
3.1001064777374268, -3.7072460651397705 
-4.888735294342041, 5.589016914367676 
6.721843242645264, -7.901663780212402 
-6.842016220092773, 7.95033597946167 
-7.42857027053833, 8.579585075378418 
-5.564406871795654, 6.38188362121582 
-0.7799546718597412, 0.8612174987792969 
6.1212687492370605, -7.18617057800293 
5.5364861488342285, -6.494105815887451 
6.272186279296875, -7.358612537384033 
8.012953758239746, -9.417952537536621 
6.388027667999268, -7.489152908325195 
-7.246347904205322, 8.350897789001465 
3.3350720405578613, -3.938948392868042 
1.6659492254257202, -1.9744263887405396 
6.111917018890381, -7.114470958709717 
5.330984115600586, -6.270228862762451 
0.290663480758667, -0.408598929643631 
0.10226132720708847, -0.15423932671546936 
6.107104778289795, -7.177068710327148 
6.325958728790283, -7.424090385437012 
5.335010528564453, -6.290286540985107 
-5.769212245941162, 6.6767449378967285 
-2.1709165573120117, 2.4432475566864014 
4.653822422027588, -5.455170154571533 
-2.8158223628997803, 3.251788854598999 
3.4369616508483887, -4.060885429382324 
4.551525592803955, -5.392699241638184 
-6.3348517417907715, 7.3123250007629395 
5.256726264953613, -6.213391304016113 
-3.215092182159424, 3.701368570327759 
5.945107936859131, -6.980118751525879 
5.401608943939209, -6.335823059082031 
-5.051584720611572, 5.83831787109375 
6.619155406951904, -7.809096336364746 
6.765122890472412, -7.911220073699951 
3.318178415298462, -3.95601224899292 
-1.8664995431900024, 2.1061713695526123 
-6.6967339515686035, 7.711119174957275 
6.516885757446289, -7.66724967956543 
-4.831209659576416, 5.519672393798828 
4.530600547790527, -5.330080032348633 
5.747281074523926, -6.76900053024292 
-4.427621364593506, 5.084392547607422 
6.519721031188965, -7.622798919677734 
6.805515766143799, -8.015963554382324 
7.002715110778809, -8.240094184875488 
-2.6236095428466797, 3.0406570434570312 
-4.984101295471191, 5.774951457977295 
7.4592156410217285, -8.711793899536133 
-5.0869364738464355, 5.891133785247803 
6.330313682556152, -7.447887420654297 
7.420097827911377, -8.68814754486084 
5.634925365447998, -6.632431983947754 
4.86268949508667, -5.708011627197266 
6.402735710144043, -7.50830078125 
-3.248077869415283, 3.690929651260376 
7.080069541931152, -8.283038139343262 
-7.246659278869629, 8.35036849975586 
5.722485065460205, -6.7426347732543945 
-1.6492458581924438, 1.81167733669281 
-4.16084623336792, 4.820550918579102 
-3.753490924835205, 4.342398643493652 
6.629629135131836, -7.786496639251709 
-4.404128551483154, 5.140556335449219 
5.646504878997803, -6.646088600158691 
2.232933282852173, -2.5957345962524414 
5.8253493309021, -6.797245979309082 
-2.1698477268218994, 2.4974424839019775 
7.7833428382873535, -9.097289085388184 
5.256247043609619, -6.150622844696045 
-6.172901630401611, 7.092486381530762 
-6.394874095916748, 7.357521057128906 
-4.9287238121032715, 5.663264274597168 
3.572723865509033, -4.180555820465088 
1.0676466226577759, -1.3085522651672363 
-0.6479722857475281, 0.714120090007782 
-6.556232929229736, 7.567470073699951 
1.413557529449463, -1.711003303527832 
0.1590108573436737, -0.25952816009521484 
4.872216701507568, -5.723706245422363 
6.490152835845947, -7.602840900421143 
5.446422100067139, -6.405167102813721 
-4.631196975708008, 5.318675518035889 
6.476747035980225, -7.631431579589844 
-6.7210516929626465, 7.788324356079102 
-7.2540812492370605, 8.3351469039917 
1.0199040174484253, -1.2934136390686035 
6.068797588348389, -7.13080358505249 
-0.891651451587677, 1.0085463523864746 
-3.586986541748047, 4.134777069091797 
3.4637928009033203, -4.071375370025635 
7.711803913116455, -9.032754898071289 
5.982100963592529, -7.026516914367676 
5.653115272521973, -6.63654088973999 
2.303239583969116, -2.7411420345306396 
6.34421968460083, -7.4579644203186035 
-7.843564987182617, 9.061532020568848 
6.720492839813232, -7.917707920074463 
-4.417360782623291, 5.0890398025512695 
5.574962615966797, -6.563617706298828 
5.138408184051514, -6.009788513183594 
4.124670028686523, -4.86167049407959 
-3.72871470451355, 4.228084087371826 
8.115086555480957, -9.480683326721191 
-2.8037211894989014, 3.2424004077911377 
6.497550964355469, -7.583611965179443 
6.136958599090576, -7.240548133850098 
7.144504547119141, -8.390926361083984 
-1.3127647638320923, 1.5166034698486328 
-3.2510743141174316, 3.7703616619110107 
-2.9725778102874756, 3.425550699234009 
-5.659606456756592, 6.484728813171387 
5.655996799468994, -6.681680679321289 
5.011319637298584, -5.887233257293701 
-4.988670349121094, 5.734277725219727 
-3.202129364013672, 3.7274181842803955 
5.35092306137085, -6.271941184997559 
-7.564620018005371, 8.73227310180664 
-3.2055158615112305, 3.7019577026367188 
4.664790630340576, -5.464696884155273 
-6.022404670715332, 6.961689472198486 
-0.7979415059089661, 0.8628626465797424 
-3.8691763877868652, 4.42342472076416 
5.323533058166504, -6.257144927978516 
-7.37624979019165, 8.514013290405273 
0.9398548007011414, -1.1819988489151 
5.100770950317383, -6.011205196380615 
-3.31290602684021, 3.841620683670044 
3.016582489013672, -3.5550715923309326 
4.372130393981934, -5.133581638336182 
6.559169769287109, -7.689793586730957 
-7.7367682456970215, 8.901918411254883 
6.404541015625, -7.464483737945557 
4.790207862854004, -5.664133071899414 
-4.831052303314209, 5.610692024230957 
-4.53476095199585, 5.192364692687988 
2.1301350593566895, -2.5824012756347656 
-2.9421377182006836, 3.344252586364746 
7.5250468254089355, -8.810791015625 
2.490163803100586, -2.9246416091918945 
-1.2889970541000366, 1.494854211807251 
7.326103687286377, -8.593482971191406 
-6.301279544830322, 7.266560077667236 
-2.043928384780884, 2.3476247787475586 
-0.6084886193275452, 0.6295046210289001 
0.04713679105043411, -0.1063145101070404 
6.063154697418213, -7.110300064086914 
5.331235408782959, -6.315842151641846 
7.210254669189453, -8.448269844055176 
-6.120578289031982, 7.0965399742126465 
5.556673049926758, -6.538674354553223 
3.589939594268799, -4.270420551300049 
0.6872836947441101, -0.896684467792511 
4.7886223793029785, -5.594388961791992 
-5.634331226348877, 6.486252784729004 
-3.6682794094085693, 4.247489929199219 
-2.3352041244506836, 2.5886690616607666 
-5.120231628417969, 5.901691436767578 
6.415390968322754, -7.51493501663208 
-7.332070827484131, 8.474100112915039 
6.366068363189697, -7.461571216583252 
5.006211757659912, -5.878628730773926 
-3.683474063873291, 4.216000080108643 
5.6216301918029785, -6.583440780639648 
-5.878098011016846, 6.807007312774658 
-3.825331211090088, 4.491184711456299 
6.196251392364502, -7.27280330657959 
-0.555214524269104, 0.6100180745124817 
5.636642932891846, -6.6719512939453125 
0.342426598072052, -0.41481271386146545 
-4.171690940856934, 4.830437183380127 
-2.747798442840576, 3.0839574337005615 
-6.106210708618164, 6.999087333679199 
-2.1838431358337402, 2.456206798553467 
7.432101726531982, -8.742514610290527 
2.0696051120758057, -2.481220245361328 
-1.8730429410934448, 2.1688787937164307 
-6.286241054534912, 7.239026069641113 
-6.168556213378906, 7.097312927246094 
-6.809903621673584, 7.814540863037109 
-4.179321765899658, 4.896475791931152 
-7.807867050170898, 9.028695106506348 
-4.940526485443115, 5.648968696594238 
6.0648980140686035, -7.1412811279296875 
-5.326606273651123, 6.155807971954346 
6.323151111602783, -7.424415588378906 
5.542135715484619, -6.527286529541016 
1.6464974880218506, -1.9664610624313354 
-2.3448805809020996, 2.7106473445892334 
-4.8896002769470215, 5.630897045135498 
1.5972795486450195, -1.9324300289154053 
5.920978546142578, -6.949526786804199 
-1.3121925592422485, 1.4831371307373047 
-7.227132320404053, 8.336079597473145 
8.460220336914062, -9.888017654418945 
-0.9959626793861389, 1.0889815092086792 
-5.490896701812744, 6.30368709564209 
-2.1925535202026367, 2.5041329860687256 
4.774743556976318, -5.625604152679443 
-0.9088863730430603, 1.0599747896194458 
5.436691761016846, -6.408975124359131 
-7.040241241455078, 8.139341354370117 
-4.118673324584961, 4.676721572875977 
7.591594219207764, -8.917880058288574 
7.807508945465088, -9.169966697692871 
3.9460861682891846, -4.670088291168213 
4.994757175445557, -5.878334045410156 
5.889865875244141, -6.944180011749268 
-5.329216480255127, 6.122637748718262 
6.9353742599487305, -8.120675086975098 
6.275504112243652, -7.386172294616699 
-7.648998737335205, 8.828529357910156 
-6.286553859710693, 7.221905708312988 
-5.679963111877441, 6.50849723815918 
0.9995492100715637, -1.251171588897705 
5.214084148406982, -6.153260707855225 
-4.2973103523254395, 4.970776081085205 
5.942942142486572, -6.981956481933594 
-1.5595086812973022, 1.735886573791504 
5.505972385406494, -6.492891788482666 
1.9180127382278442, -2.3325159549713135 
-6.30418586730957, 7.253467559814453 
-0.9724534749984741, 1.0439698696136475 
2.083052635192871, -2.5370278358459473 
6.369802951812744, -7.490317344665527 
6.448144912719727, -7.546306133270264 
5.505666732788086, -6.514082908630371 
6.308207988739014, -7.409555912017822 
-5.4530816078186035, 6.315494537353516 
-0.9442521929740906, 1.0938389301300049 
-6.10801362991333, 7.079713344573975 
-5.738234996795654, 6.628105163574219 
5.149506568908691, -6.090147018432617 
6.918031692504883, -8.123466491699219 
6.654993057250977, -7.807559013366699 
5.750002384185791, -6.779225826263428 
-5.774660110473633, 6.722818851470947 
5.578263759613037, -6.542820453643799 
6.5455708503723145, -7.675931930541992 
-5.668274402618408, 6.528040885925293 
7.029323577880859, -8.208680152893066 
-2.461353302001953, 2.822225332260132 
-0.5082812309265137, 0.5201124548912048 
5.331756114959717, -6.249536514282227 
5.1261725425720215, -6.073330879211426 
6.340473651885986, -7.42659854888916 
6.290314197540283, -7.373201370239258 
-4.084634304046631, 4.7544097900390625 
-6.665189743041992, 7.698616027832031 
5.217310905456543, -6.10745906829834 
-3.621753692626953, 4.123261451721191 
6.121006488800049, -7.165271282196045 
-5.834324359893799, 6.7400007247924805 
7.413177967071533, -8.696900367736816 
-1.207900881767273, 1.337186574935913 
5.530823707580566, -6.512484550476074 
-3.542234420776367, 4.096634864807129 
5.606822490692139, -6.577821731567383 
3.2177116870880127, -3.8516504764556885 
2.2064664363861084, -2.6422457695007324 
-4.390993595123291, 5.033987998962402 
-5.500158786773682, 6.363076210021973 
7.042490482330322, -8.296478271484375 
-2.2523856163024902, 2.568880796432495 
2.2524476051330566, -2.6996676921844482 
7.355010509490967, -8.609574317932129 
1.3206645250320435, -1.6376488208770752 
-5.526017665863037, 6.341762542724609 
-1.8779256343841553, 2.1560871601104736 
-6.431491374969482, 7.416193962097168 
-3.920473575592041, 4.489147663116455 
-5.968653202056885, 6.896648406982422 
6.10001277923584, -7.154340744018555 
6.735402584075928, -7.865551471710205 
4.779768466949463, -5.6412763595581055 
3.3490347862243652, -3.9285976886749268 
5.9847588539123535, -7.023407936096191 
-3.4947142601013184, 4.086146831512451 
-5.319931507110596, 6.17317008972168 
-1.1547456979751587, 1.2684836387634277 
-6.1232590675354, 7.092196464538574 
3.1530065536499023, -3.7586052417755127 
7.557997226715088, -8.87863826751709 
3.3096795082092285, -3.916452646255493 
6.130611896514893, -7.187183380126953 
6.666886806488037, -7.792322635650635 
-5.7665696144104, 6.66236686706543 
5.870560169219971, -6.889108657836914 
2.7602343559265137, -3.260094165802002 
5.433810710906982, -6.369235515594482 
-5.93135929107666, 6.818909645080566 
-5.324177265167236, 6.187105655670166 
-6.435220241546631, 7.3675537109375 
-3.286013126373291, 3.7400457859039307 
6.611382007598877, -7.743330478668213 
4.1911702156066895, -4.93833589553833 
-4.836645126342773, 5.609052658081055 
5.099242687225342, -5.977736473083496 
-7.955607891082764, 9.173247337341309 
5.767298221588135, -6.775986671447754 
-6.515896320343018, 7.506960391998291 
5.6494011878967285, -6.709724426269531 
1.870622992515564, -2.2359163761138916 
-5.986651420593262, 6.86431360244751 
5.551513195037842, -6.5412187576293945 
4.854584217071533, -5.70546817779541 
-5.719112396240234, 6.610925674438477 
4.843080997467041, -5.7271881103515625 
6.040696620941162, -7.11013126373291 
2.7100024223327637, -3.190213441848755 
-5.382047653198242, 6.209362506866455 
5.749382495880127, -6.7149977684021 
-0.24953827261924744, 0.2265656590461731 
6.79442834854126, -7.973581314086914 
5.320481777191162, -6.263904571533203 
5.337268352508545, -6.265573978424072 
5.681603908538818, -6.643326759338379 
6.79604959487915, -7.955647945404053 
5.765310764312744, -6.7474870681762695 
6.5330328941345215, -7.6927876472473145 
1.4323393106460571, -1.7246968746185303 
-5.985601902008057, 6.9112138748168945 
6.144852161407471, -7.1868391036987305 
-1.9440518617630005, 2.1391212940216064 
-1.9069114923477173, 2.100576162338257 
5.414504528045654, -6.380536079406738 
5.514509677886963, -6.443723678588867 
-2.2141919136047363, 2.5411553382873535 
2.8702869415283203, -3.4096479415893555 
-1.0144295692443848, 1.1246814727783203 
0.1387801170349121, -0.26587793231010437 
-2.651897668838501, 3.04638409614563 
-0.3719860911369324, 0.3985041081905365 
5.8864970207214355, -6.856287002563477 
-1.1495872735977173, 1.2588834762573242 
-2.4844348430633545, 2.763089656829834 
-5.772390842437744, 6.607000827789307 
-2.888007879257202, 3.2334277629852295 
4.3907790184021, -5.2155866622924805 
-5.719271183013916, 6.548460006713867 
6.9471588134765625, -8.15084457397461 
6.709206581115723, -7.858340263366699 
4.428332328796387, -5.2059478759765625 
5.7514872550964355, -6.729022026062012 
1.0673820972442627, -1.2887675762176514 
-1.4613884687423706, 1.6316238641738892 
3.88272762298584, -4.548488616943359 
0.8475025296211243, -1.0730961561203003 
-1.5578917264938354, 1.7792439460754395 
-0.5334187746047974, 0.51385098695755 
2.1895229816436768, -2.646601915359497 
4.013522624969482, -4.771516799926758 
-6.07351016998291, 6.991531848907471 
7.008828639984131, -8.229669570922852 
3.1006789207458496, -3.7070958614349365 
7.788634777069092, -9.099430084228516 
-4.003223896026611, 4.578586578369141 
5.247681140899658, -6.184684753417969 
-3.771012783050537, 4.348852157592773 
-2.6920418739318848, 3.128324270248413 
-5.912121295928955, 6.773406982421875 
5.518021106719971, -6.470909118652344 
5.139797687530518, -6.03416109085083 
3.0033059120178223, -3.5599567890167236 
7.087587833404541, -8.309404373168945 
-5.780181407928467, 6.657702445983887 
-2.6208293437957764, 2.9699671268463135 
5.602499485015869, -6.560907363891602 
-4.11260461807251, 4.747990608215332 
2.920389175415039, -3.528668165206909 
5.998666286468506, -7.011573314666748 
-5.47943639755249, 6.3561177253723145 
-1.6297227144241333, 1.8122594356536865 
-3.4378416538238525, 3.87917160987854 
7.848568439483643, -9.195591926574707 
4.5796685218811035, -5.394982814788818 
-4.995875358581543, 5.780831336975098 
2.319164991378784, -2.7931969165802 
-2.1608147621154785, 2.4462153911590576 
-3.2090115547180176, 3.7207958698272705 
4.661818027496338, -5.53702449798584 
2.3147106170654297, -2.776548385620117 
5.8311004638671875, -6.862846851348877 
6.448459625244141, -7.560913562774658 
1.3168984651565552, -1.6210302114486694 
4.31421422958374, -5.090119361877441 
-5.055692672729492, 5.854814529418945 
-1.4656600952148438, 1.5820496082305908 
-4.077676773071289, 4.729840278625488 
6.6067094802856445, -7.730924606323242 
6.690598011016846, -7.854986190795898 
0.8242111802101135, -1.0189359188079834 
0.25271984934806824, -0.4218672215938568 
2.7721526622772217, -3.2721197605133057 
-2.444777011871338, 2.7893941402435303 
6.9474778175354, -8.098097801208496 
2.8672561645507812, -3.3734896183013916 
5.737956523895264, -6.703823089599609 
7.610978603363037, -8.925211906433105 
-6.126199245452881, 7.119232654571533 
3.4968953132629395, -4.123571872711182 
3.816934108734131, -4.5339579582214355 
-5.857461452484131, 6.72590446472168 
-5.5944504737854, 6.441481590270996 
-2.2837131023406982, 2.5970160961151123 
6.946605682373047, -8.15590763092041 
1.0461291074752808, -1.343322515487671 
5.1862664222717285, -6.07252311706543 
5.047762393951416, -5.97238826751709 
-6.319655895233154, 7.286232948303223 
-7.014942169189453, 8.077323913574219 
3.5452919006347656, -4.214001655578613 
-6.737102508544922, 7.768526077270508 
-0.33277666568756104, 0.3640161156654358 
-0.7261653542518616, 0.7412467002868652 
3.789803981781006, -4.478580474853516 
-3.6822962760925293, 4.218168258666992 
6.7506279945373535, -7.943422317504883 
3.244952440261841, -3.806509494781494 
-6.375040531158447, 7.382624626159668 
-0.7579497694969177, 0.7560652494430542 
-5.730810642242432, 6.63670539855957 
6.638890743255615, -7.784225940704346 
-1.7575591802597046, 1.9620845317840576 
-5.127960681915283, 5.833963394165039 
4.931337833404541, -5.805613994598389 
0.5485149025917053, -0.7284451127052307 
-3.461667537689209, 4.003085136413574 
2.865631103515625, -3.4133174419403076 
4.322651386260986, -5.123652458190918 
1.8804644346237183, -2.2341315746307373 
5.837840557098389, -6.850239276885986 
5.418598651885986, -6.382840633392334 
-7.591794490814209, 8.753275871276855 
6.076281547546387, -7.154509544372559 
6.642972946166992, -7.793988227844238 
5.095524311065674, -6.016772270202637 
7.623378276824951, -8.936319351196289 
5.535265922546387, -6.50334358215332 
5.607983589172363, -6.586801052093506 
6.279706954956055, -7.3954877853393555 
3.1686527729034424, -3.8224918842315674 
-0.43876123428344727, 0.4783106744289398 
5.8612799644470215, -6.8865251541137695 
0.2821892499923706, -0.3840251863002777 
0.6764866709709167, -0.8579956293106079 
-6.274649620056152, 7.218388557434082 
-4.585818290710449, 5.329115867614746 
0.17012488842010498, -0.2551907002925873 
6.337980270385742, -7.438935279846191 
-4.197339057922363, 4.765685081481934 
-0.12686771154403687, 0.07876409590244293 
5.660131454467773, -6.624728202819824 
-5.466999530792236, 6.309852123260498 
-6.408186435699463, 7.368452072143555 
5.04021692276001, -5.931243896484375 
-5.245169639587402, 6.055558204650879 
5.511315822601318, -6.50328254699707 
5.924555778503418, -6.967159748077393 
6.051353931427002, -7.0976362228393555 
-5.616187572479248, 6.438777923583984 
-6.503854274749756, 7.534075736999512 
5.951964855194092, -6.942008018493652 
0.2118600308895111, -0.32707276940345764 
-5.854726314544678, 6.790041446685791 
-3.5167317390441895, 3.9709198474884033 
2.275186061859131, -2.6902740001678467 
-4.5033063888549805, 5.1152024269104 
3.2817230224609375, -3.9116246700286865 
5.076321601867676, -5.945530891418457 
2.265505313873291, -2.6890358924865723 
4.076256275177002, -4.826199531555176 
1.852835774421692, -2.2406504154205322 
-5.707118988037109, 6.536520004272461 
6.059130668640137, -7.11988639831543 
-6.028196334838867, 6.973625183105469 
5.777873516082764, -6.762069225311279 
-1.5114635229110718, 1.7541345357894897 
-5.8154802322387695, 6.71872615814209 
1.4292008876800537, -1.7230288982391357 
6.841179847717285, -8.017176628112793 
6.0268073081970215, -7.0694804191589355 
6.646949291229248, -7.82641077041626 
3.272813320159912, -3.8994393348693848 
3.1876420974731445, -3.8123629093170166 
-7.5925469398498535, 8.770092964172363 
5.871568202972412, -6.9216389656066895 
3.7337212562561035, -4.388718128204346 
1.6312965154647827, -1.9729762077331543 
-6.595135688781738, 7.566628456115723 
5.242769241333008, -6.146966934204102 
4.9153666496276855, -5.8271403312683105 
-4.363882064819336, 5.037243843078613 
-3.791165351867676, 4.382789611816406 
3.628835678100586, -4.284899711608887 
2.226557731628418, -2.6424667835235596 
4.153008937835693, -4.913290977478027 
-3.3023366928100586, 3.8146414756774902 
1.9952551126480103, -2.3538601398468018 
-2.58615779876709, 2.9283502101898193 
6.709831714630127, -7.906561374664307 
6.082683086395264, -7.152336120605469 
5.5998148918151855, -6.602861404418945 
-3.084859848022461, 3.566511392593384 
4.087844371795654, -4.822912216186523 
7.162384510040283, -8.380056381225586 
-6.290180683135986, 7.244210720062256 
5.348637104034424, -6.312324523925781 
5.997101306915283, -7.05781888961792 
-3.589769124984741, 4.087247848510742 
4.032757759094238, -4.755588531494141 
6.644038677215576, -7.806331634521484 
7.136886119842529, -8.353903770446777 
0.7607819437980652, -0.9990261197090149 
-3.1279077529907227, 3.597895860671997 
5.814054489135742, -6.854245662689209 
6.2676100730896, -7.350985050201416 
-3.6412787437438965, 4.17350959777832 
-5.995503902435303, 6.9073967933654785 
-7.423555374145508, 8.588231086730957 
-2.670804977416992, 3.061985731124878 
5.705308437347412, -6.685683727264404 
-2.0211782455444336, 2.2563512325286865 
4.048928260803223, -4.754853248596191 
2.3734254837036133, -2.8760769367218018 
6.932724952697754, -8.13303279876709 
4.673408508300781, -5.533019065856934 
6.320542812347412, -7.436229705810547 
5.2016215324401855, -6.114259243011475 
-5.914645671844482, 6.8205060958862305 
-0.7504637241363525, 0.7535207271575928 
6.176541805267334, -7.223963737487793 
-7.240824222564697, 8.360613822937012 
-6.596469879150391, 7.64462423324585 
6.240234851837158, -7.340056419372559 
-7.203911304473877, 8.302550315856934 
-5.338355541229248, 6.225419044494629 
6.030843734741211, -7.106136322021484 
5.265138149261475, -6.186583518981934 
5.904911994934082, -6.890513896942139 
6.460235118865967, -7.576235771179199 
6.241591930389404, -7.3460588455200195 
6.792760372161865, -7.936030864715576 
-7.75387716293335, 8.936253547668457 
-7.51917028427124, 8.68315315246582 
1.8077048063278198, -2.1391403675079346 
6.18163537979126, -7.230182647705078 
6.847765922546387, -8.005365371704102 
6.042945384979248, -7.116840362548828 
6.177006244659424, -7.27048397064209 
3.522773027420044, -4.154687881469727 
1.1626042127609253, -1.4464889764785767 
3.3797593116760254, -4.008876800537109 
-0.2559205889701843, 0.27836281061172485 
-7.075418949127197, 8.169280052185059 
-6.584417819976807, 7.570035934448242 
3.494256019592285, -4.148502349853516 
5.18246603012085, -6.14192533493042 
1.0075527429580688, -1.2742962837219238 
-4.533219814300537, 5.255890846252441 
6.6878533363342285, -7.866847991943359 
5.991416931152344, -7.025433540344238 
0.511269211769104, -0.6264321208000183 
6.832595348358154, -8.051002502441406 
4.873215198516846, -5.698160648345947 
-0.7350396513938904, 0.7801992297172546 
-5.779059886932373, 6.6642231941223145 
3.7168166637420654, -4.4377946853637695 
-5.1172404289245605, 5.872236251831055 
-1.7881468534469604, 2.0478198528289795 
5.819054126739502, -6.849785327911377 
-3.7075552940368652, 4.321158409118652 
5.505041599273682, -6.462846755981445 
1.7730525732040405, -2.150070905685425 
6.0935187339782715, -7.166904449462891 
5.154377460479736, -6.070723533630371 
6.230324745178223, -7.308115005493164 
-4.530219554901123, 5.185626029968262 
-1.3961563110351562, 1.5912578105926514 
-0.40995463728904724, 0.40076515078544617 
6.53087854385376, -7.670570373535156 
-1.626099944114685, 1.8052195310592651 
5.865042209625244, -6.898090362548828 
-7.472086429595947, 8.622262001037598 
-5.139491081237793, 5.948009490966797 
5.316100597381592, -6.265763759613037 
5.854447841644287, -6.861841678619385 
6.36867094039917, -7.484685897827148 
3.006894588470459, -3.51157808303833 
5.209860324859619, -6.089382171630859 
-2.214446544647217, 2.425786018371582 
-7.796292781829834, 9.012174606323242 
-6.284498691558838, 7.246547222137451 
7.022257328033447, -8.22174072265625 
-3.4137744903564453, 3.8670575618743896 
6.441418170928955, -7.615466594696045 
6.081662654876709, -7.146650314331055 
-3.695434808731079, 4.172698974609375 
5.0290608406066895, -5.940740585327148 
-1.709875226020813, 1.8690218925476074 
6.522324085235596, -7.667483329772949 
4.933706760406494, -5.817014694213867 
-5.468464374542236, 6.273509979248047 
2.277116298675537, -2.7304580211639404 
-5.001052379608154, 5.76041316986084 
-6.399599075317383, 7.390235900878906 
-5.7258782386779785, 6.600956916809082 
-6.697183132171631, 7.725634574890137 
-6.687419414520264, 7.710000991821289 
-5.469106674194336, 6.305416107177734 
-1.2817676067352295, 1.4269649982452393 
-2.503335475921631, 2.8918778896331787 
5.514500141143799, -6.510164260864258 
-5.761014938354492, 6.700969696044922 
0.3915027976036072, -0.48429593443870544 
-5.329614162445068, 6.192016124725342 
-3.7482481002807617, 4.2768144607543945 
5.529873371124268, -6.4693403244018555 
-5.788322448730469, 6.653557300567627 
2.807827949523926, -3.327970027923584 
2.9511895179748535, -3.5041167736053467 
6.859337329864502, -8.019649505615234 
-0.6629051566123962, 0.7338711023330688 
-4.448869228363037, 5.201895236968994 
6.206887245178223, -7.313979625701904 
5.420358180999756, -6.376797676086426 
-5.580295562744141, 6.389708042144775 
5.858120918273926, -6.884774208068848 
-3.4207844734191895, 3.9762160778045654 
5.2098774909973145, -6.112741470336914 
-2.4756879806518555, 2.8403804302215576 
6.039886951446533, -7.07375431060791 
-4.632198333740234, 5.309003829956055 
5.467581272125244, -6.4169464111328125 
4.222282886505127, -4.995056629180908 
1.0172761678695679, -1.2966396808624268 
-2.487783432006836, 2.8199820518493652 
5.9782891273498535, -7.034183025360107 
-7.738072872161865, 8.924910545349121 
-3.5642499923706055, 4.131361484527588 
6.2147297859191895, -7.2917022705078125 
-2.5795392990112305, 2.9003193378448486 
-3.5807747840881348, 4.108986854553223 
4.286661148071289, -5.048052787780762 
2.3314974308013916, -2.7688629627227783 
-6.239312648773193, 7.21770715713501 
-3.6569814682006836, 4.270251274108887 
5.531228542327881, -6.531202793121338 
5.809554576873779, -6.805314064025879 
5.595775127410889, -6.604966163635254 
3.505087375640869, -4.201108932495117 
5.740281581878662, -6.738801956176758 
-0.010332619771361351, -0.047814931720495224 
0.8591470122337341, -1.0668233633041382 
-2.4800772666931152, 2.8382582664489746 
-4.791950225830078, 5.431703567504883 
6.1407999992370605, -7.235065460205078 
5.13839864730835, -6.0539469718933105 
-5.206343173980713, 6.044307231903076 
-6.356433868408203, 7.289080619812012 
1.1775152683258057, -1.3823156356811523 
3.1548876762390137, -3.709979772567749 
-5.116988182067871, 5.934588432312012 
-5.961782932281494, 6.857578754425049 
6.403828144073486, -7.454056739807129 
5.292870044708252, -6.194911956787109 
6.226285457611084, -7.292134761810303 
5.91245174407959, -6.910136699676514 
0.00992663949728012, -0.032336391508579254 
4.013028621673584, -4.728498458862305 
5.546533107757568, -6.533046245574951 
2.6474480628967285, -3.0847363471984863 
6.518523216247559, -7.654274940490723 
-4.14730978012085, 4.795284271240234 
4.620745658874512, -5.448101043701172 
5.659366607666016, -6.637753486633301 
6.391201496124268, -7.497096061706543 
-2.650506019592285, 3.0045504570007324 
-2.3528008460998535, 2.7263729572296143 
5.0269293785095215, -5.931822776794434 
4.0945940017700195, -4.864098072052002 
5.92116117477417, -6.975985527038574 
5.365322589874268, -6.288244247436523 
-5.368529319763184, 6.216213226318359 
5.043076515197754, -5.889106750488281 
-3.957906484603882, 4.540276050567627 
7.24115514755249, -8.451142311096191 
5.960535526275635, -6.962127685546875 
5.997217655181885, -7.0494065284729 
4.798288822174072, -5.613169193267822 
-6.482331275939941, 7.490281581878662 
-7.491627216339111, 8.63207721710205 
1.160180687904358, -1.429753065109253 
6.863358974456787, -8.058414459228516 
7.3380608558654785, -8.627120971679688 
0.25063568353652954, -0.32786229252815247 
-2.3540022373199463, 2.702733278274536 
1.1738587617874146, -1.4008004665374756 
6.3149027824401855, -7.413098335266113 
4.385712146759033, -5.146521091461182 
6.102035999298096, -7.12771463394165 
4.314626216888428, -5.068255424499512 
5.080381870269775, -5.972089767456055 
2.4505679607391357, -2.8880531787872314 
-2.6036720275878906, 3.016803026199341 
-3.3933181762695312, 3.8673901557922363 
7.569928169250488, -8.878218650817871 
5.5941362380981445, -6.581721782684326 
5.723320007324219, -6.734116554260254 
7.441736698150635, -8.756768226623535 
7.919815540313721, -9.267252922058105 
-7.8289947509765625, 9.039976119995117 
-7.475863456726074, 8.625328063964844 
5.183700084686279, -6.0978498458862305 
6.904292583465576, -8.104995727539062 
-4.5016770362854, 5.230057716369629 
-1.8297122716903687, 2.0310065746307373 
0.631259560585022, -0.8140444159507751 
5.117187976837158, -6.068803787231445 
-7.022232532501221, 8.124625205993652 
-4.633469104766846, 5.362435340881348 
5.626033306121826, -6.617832183837891 
6.489536762237549, -7.6356964111328125 
1.6803141832351685, -2.033066987991333 
5.506605625152588, -6.488524913787842 
5.264438152313232, -6.18229341506958 
2.415811061859131, -2.9010398387908936 
-2.662655830383301, 2.9533963203430176 
-4.466223239898682, 5.075716972351074 
6.360607624053955, -7.422410011291504 
1.5814076662063599, -1.8710930347442627 
-6.383879661560059, 7.324847221374512 
6.085165977478027, -7.137815475463867 
5.358281135559082, -6.290169715881348 
-4.085929870605469, 4.759842395782471 
6.292701244354248, -7.375733375549316 
-6.506157398223877, 7.498111724853516 
3.982844829559326, -4.698017120361328 
4.53812313079834, -5.341394424438477 
-7.693606376647949, 8.8829345703125 
6.578644752502441, -7.71346378326416 
7.310319423675537, -8.564385414123535 
-2.4814229011535645, 2.735499858856201 
4.8102898597717285, -5.689510822296143 
6.0973076820373535, -7.166590690612793 
-3.5358471870422363, 4.062094688415527 
-7.423381328582764, 8.55833625793457 
6.683013439178467, -7.824763298034668 
5.699711322784424, -6.724247455596924 
4.958888530731201, -5.846975803375244 
6.229724407196045, -7.308785438537598 
5.786776542663574, -6.782021522521973 
1.3118696212768555, -1.6279525756835938 
6.951805591583252, -8.139021873474121 
6.47772741317749, -7.615041732788086 
4.394660472869873, -5.203273773193359 
2.274327516555786, -2.7323410511016846 
6.2985358238220215, -7.393316268920898 
-5.189866542816162, 5.987833499908447 
-5.48017692565918, 6.376913070678711 
-4.0635271072387695, 4.651965141296387 
4.019973278045654, -4.725402355194092 
-3.4242711067199707, 3.9569342136383057 
-4.484724521636963, 5.1263747215271 
-6.6730637550354, 7.682460308074951 
-6.404136657714844, 7.441924571990967 
5.263960361480713, -6.22993803024292 
-6.0854716300964355, 7.03996467590332 
5.127216339111328, -6.028738975524902 
-5.2674174308776855, 6.093836784362793 
4.603457927703857, -5.431253910064697 
5.320567607879639, -6.223117351531982 
7.2212233543396, -8.47122573852539 
0.7881746292114258, -1.0041559934616089 
6.418705940246582, -7.525413990020752 
5.397017478942871, -6.369470119476318 
6.9583420753479, -8.182677268981934 
-2.8213438987731934, 3.2547237873077393 
6.813937664031982, -7.940258979797363 
4.7954840660095215, -5.643962383270264 
-6.480250835418701, 7.467181205749512 
5.812264919281006, -6.811652660369873 
-1.548812747001648, 1.706611156463623 
-3.5993847846984863, 4.078625202178955 
-6.568122386932373, 7.606005668640137 
7.015755653381348, -8.255651473999023 
6.432115077972412, -7.499017238616943 
5.719295501708984, -6.70255184173584 
6.3752031326293945, -7.463404178619385 
-4.49494743347168, 5.168375015258789 
-5.958741664886475, 6.87150764465332 
6.0631585121154785, -7.152374267578125 
-2.6037302017211914, 3.0415055751800537 
6.786200046539307, -7.939299583435059 
-1.6791768074035645, 1.8611781597137451 
5.924636363983154, -6.967362403869629 
-6.235255718231201, 7.255039215087891 
6.375459671020508, -7.51186466217041 
5.17163610458374, -6.031805515289307 
6.869813442230225, -8.060681343078613 
-5.56269645690918, 6.393828392028809 
5.138250827789307, -6.04952335357666 
5.943509101867676, -6.97746467590332 
-0.7923385500907898, 0.8479741215705872 
5.081902027130127, -5.944169998168945 
-5.943129062652588, 6.8146467208862305 
4.586381912231445, -5.40222692489624 
5.770627021789551, -6.791660308837891 
-4.096359729766846, 4.657133102416992 
2.116380214691162, -2.497861623764038 
-1.1789640188217163, 1.3530380725860596 
-6.526353359222412, 7.593191146850586 
6.828871250152588, -7.9946088790893555 
-5.091113567352295, 5.816486358642578 
-3.49176025390625, 4.056807041168213 
-3.723114013671875, 4.327693939208984 
4.0660552978515625, -4.791341304779053 
0.757627546787262, -0.8834075331687927 
1.3503673076629639, -1.6919530630111694 
6.404909133911133, -7.4905877113342285 
-6.970211505889893, 8.026046752929688 
6.60103178024292, -7.74190616607666 
0.110320083796978, -0.17880965769290924 
7.415195465087891, -8.695849418640137 
-2.0724709033966064, 2.2889339923858643 
-2.4330310821533203, 2.7388687133789062 
-4.2584710121154785, 4.869736671447754 
6.2920451164245605, -7.357173919677734 
-1.0267949104309082, 1.1640045642852783 
1.5108681917190552, -1.7972114086151123 
-1.8183091878890991, 2.0865914821624756 
6.333953380584717, -7.463667392730713 
3.3534321784973145, -4.019969463348389 
-7.7151336669921875, 8.897393226623535 
5.122791290283203, -6.03466796875 
-6.59805154800415, 7.588766574859619 
-2.7279932498931885, 3.1304008960723877 
-4.942725658416748, 5.669991493225098 
-3.1555514335632324, 3.585266351699829 
5.768681049346924, -6.774866580963135 
5.8442864418029785, -6.868773460388184 
5.151652812957764, -6.055335521697998 
-7.262481212615967, 8.360684394836426 
6.025950908660889, -7.055473327636719 
-2.3590564727783203, 2.6437344551086426 
5.290665149688721, -6.222190856933594 
-6.521249294281006, 7.525032043457031 
-8.010116577148438, 9.239593505859375 
-4.639139175415039, 5.248237133026123 
7.562946319580078, -8.843168258666992 
6.457040309906006, -7.513157367706299 
6.759037971496582, -7.930834770202637 
6.170981407165527, -7.220682144165039 
3.9710559844970703, -4.68459415435791 
1.531575322151184, -1.8612380027770996 
5.974106788635254, -7.011899948120117 
-5.343264102935791, 6.1320695877075195 
-7.499263763427734, 8.633373260498047 
5.2484822273254395, -6.174556732177734 
-1.9541693925857544, 2.220245122909546 
-5.171623706817627, 5.892995357513428 
-2.7162022590637207, 3.0519893169403076 
5.9521403312683105, -6.987038612365723 
-3.084667682647705, 3.5746700763702393 
7.299174785614014, -8.571552276611328 
-2.869450569152832, 3.3432834148406982 
5.4742889404296875, -6.441530227661133 
-3.6631414890289307, 4.238452911376953 
6.515801429748535, -7.636678695678711 
5.037333011627197, -5.915525436401367 
-3.386190891265869, 3.9158236980438232 
3.8365888595581055, -4.586184978485107 
6.928660869598389, -8.118431091308594 
5.0723676681518555, -5.947919845581055 
3.9085302352905273, -4.619787216186523 
4.890744209289551, -5.724058151245117 
5.654069900512695, -6.6122941970825195 
6.421065807342529, -7.535722255706787 
2.964303970336914, -3.5210697650909424 
-5.059292316436768, 5.810710906982422 
7.20076322555542, -8.431735038757324 
-1.0566538572311401, 1.2098884582519531 
-5.044736862182617, 5.786352157592773 
-6.380295753479004, 7.399580955505371 
-0.05184674635529518, 0.011722979135811329 
5.937731742858887, -6.993932723999023 
6.183591365814209, -7.226474761962891 
2.883620262145996, -3.455299139022827 
5.983846664428711, -7.064861297607422 
5.7270894050598145, -6.703969478607178 
-3.011406660079956, 3.4083974361419678 
-0.05700630322098732, -0.024193789809942245 
-1.5111969709396362, 1.6668113470077515 
-6.362923622131348, 7.385566711425781 
-5.4209208488464355, 6.321425914764404 
6.313354015350342, -7.4158477783203125 
-5.776814937591553, 6.6137375831604 
-2.753885269165039, 3.1678905487060547 
-6.796955585479736, 7.819419860839844 
0.21206465363502502, -0.31344521045684814 
-0.7698836922645569, 0.8844946026802063 
0.8789477944374084, -1.0338339805603027 
3.2044453620910645, -3.7960894107818604 
7.34900426864624, -8.666382789611816 
-6.63550329208374, 7.70881986618042 
4.218482494354248, -4.986093044281006 
0.6878874897956848, -0.8675063252449036 
-3.1141483783721924, 3.5451910495758057 
1.2366379499435425, -1.5027878284454346 
4.942418098449707, -5.825796604156494 
4.332098484039307, -5.122490882873535 
-5.081024646759033, 5.854141712188721 
6.836917400360107, -8.00811767578125 
-5.347466945648193, 6.129972457885742 
-2.733936071395874, 3.1238973140716553 
-5.91911506652832, 6.814455032348633 
4.776192665100098, -5.629264831542969 
-6.372966766357422, 7.3499555587768555 
4.316243648529053, -5.04300594329834 
7.987539768218994, -9.35361385345459 
5.893576145172119, -6.9324631690979 
-6.673760890960693, 7.718753337860107 
6.492072582244873, -7.597033977508545 
-4.858545780181885, 5.608277320861816 
-4.7068891525268555, 5.3957719802856445 
4.606971263885498, -5.387933254241943 
4.2011637687683105, -4.917673587799072 
6.343138217926025, -7.416254997253418 
6.995486259460449, -8.192856788635254 
5.862056732177734, -6.871598720550537 
4.666921138763428, -5.468361854553223 
2.6542301177978516, -3.169306993484497 
-4.675137042999268, 5.346560478210449 
-1.5701565742492676, 1.7930419445037842 
6.757065296173096, -7.918313980102539 
-5.080606937408447, 5.897093772888184 
4.429416179656982, -5.261153221130371 
6.674476623535156, -7.846395015716553 
4.682821750640869, -5.495919704437256 
6.0826544761657715, -7.177394866943359 
5.540322780609131, -6.498126029968262 
3.233332872390747, -3.8528759479522705 
-5.583970546722412, 6.492773532867432 
5.524869441986084, -6.4989118576049805 
-0.8566666841506958, 0.9479483962059021 
1.5888632535934448, -1.9175701141357422 
-5.921006202697754, 6.795062065124512 
4.748496055603027, -5.5967583656311035 
3.030198335647583, -3.577200174331665 
2.389683961868286, -2.814892053604126 
2.569648265838623, -3.052710771560669 
-5.555434703826904, 6.401566505432129 
-6.168822288513184, 7.1364850997924805 
-5.74544095993042, 6.615601539611816 
4.335262298583984, -5.140115737915039 
4.468904972076416, -5.232449531555176 
6.00564432144165, -7.045928955078125 
6.367872714996338, -7.486087799072266 
4.3279266357421875, -5.086881637573242 
5.422092437744141, -6.3524861335754395 
6.304105281829834, -7.377232551574707 
5.024139881134033, -5.923301696777344 
-6.485561847686768, 7.473772048950195 
5.054295063018799, -5.967413425445557 
0.6229724884033203, -0.7577749490737915 
-1.474432349205017, 1.70457923412323 
6.303045749664307, -7.403472900390625 
3.4922688007354736, -4.110442161560059 
0.1734476089477539, -0.23337239027023315 
3.209005117416382, -3.84260630607605 
6.031239032745361, -7.102761745452881 
4.842152118682861, -5.716976165771484 
6.039880275726318, -7.08637809753418 
2.150906801223755, -2.575871229171753 
0.06649204343557358, -0.12299317121505737 
-5.62620735168457, 6.438752174377441 
5.375039577484131, -6.312400817871094 
-1.4745434522628784, 1.6687958240509033 
4.098500728607178, -4.884834289550781 
-2.148026466369629, 2.462831735610962 
5.819705009460449, -6.834061622619629 
-5.110743045806885, 5.863077163696289 
5.484507083892822, -6.422177791595459 
-1.3197485208511353, 1.443174123764038 
4.402984142303467, -5.184416770935059 
-7.885339736938477, 9.106892585754395 
6.887217998504639, -8.078269004821777 
-4.219162464141846, 4.88346004486084 
-4.5552754402160645, 5.196422576904297 
-5.848294734954834, 6.7481794357299805 
6.972443103790283, -8.181170463562012 
4.824472904205322, -5.681257724761963 
-4.669052600860596, 5.435749053955078 
5.8605523109436035, -6.92936372756958 
6.434093952178955, -7.551797866821289 
5.875397205352783, -6.888707637786865 
6.610249042510986, -7.775030136108398 
-4.941415786743164, 5.746006011962891 
-1.8518553972244263, 2.081806182861328 
-5.546350479125977, 6.397522449493408 
2.798462390899658, -3.2883360385894775 
4.4445905685424805, -5.232704162597656 
-3.9343984127044678, 4.53665828704834 
-6.976322650909424, 8.051843643188477 
-6.919737339019775, 7.959986686706543 
-0.44142794609069824, 0.5039299130439758 
6.358679294586182, -7.435466766357422 
4.944122791290283, -5.838830947875977 
-7.405033588409424, 8.543387413024902 
-7.3656182289123535, 8.487605094909668 
5.351009368896484, -6.298179626464844 
5.001245021820068, -5.89810848236084 
6.194203853607178, -7.266545295715332 
-4.250249862670898, 4.867154598236084 
6.530975818634033, -7.650136947631836 
1.8730264902114868, -2.3603453636169434 
1.0059207677841187, -1.246201992034912 
6.941417217254639, -8.12657356262207 
-7.391928195953369, 8.539349555969238 
7.428330421447754, -8.690924644470215 
3.176987409591675, -3.7385568618774414 
-3.507559061050415, 4.054161548614502 
5.57620096206665, -6.552637577056885 
-3.7913365364074707, 4.310262680053711 
6.349457740783691, -7.469729423522949 
5.696843147277832, -6.6857523918151855 
2.9941277503967285, -3.541391134262085 
-1.2242234945297241, 1.3484821319580078 
-6.978723049163818, 8.027290344238281 
5.499742031097412, -6.472013473510742 
5.895939826965332, -6.941676139831543 
5.175975799560547, -6.068459987640381 
5.222597599029541, -6.13277006149292 
6.58994197845459, -7.75197696685791 
-3.1651105880737305, 3.650906801223755 
-3.6493582725524902, 4.240383625030518 
-5.903059482574463, 6.8079833984375 
4.54416036605835, -5.392123699188232 
5.673467636108398, -6.692530632019043 
-4.825334548950195, 5.575364589691162 
-0.5271196961402893, 0.5356418490409851 
6.349412441253662, -7.447663307189941 
-6.031722545623779, 6.996103286743164 
-3.494168758392334, 4.055734157562256 
2.4414496421813965, -2.960798501968384 
-3.6364853382110596, 4.211477279663086 
-4.019700527191162, 4.6313605308532715 
-2.7198410034179688, 3.0772275924682617 
6.138539791107178, -7.202813148498535 
0.608433187007904, -0.7881733179092407 
7.705707550048828, -9.014639854431152 
7.237659454345703, -8.494078636169434 
-4.323140621185303, 5.037188529968262 
-2.3726868629455566, 2.7391955852508545 
-2.453230857849121, 2.8043975830078125 
-4.057017803192139, 4.567453861236572 
-6.6534857749938965, 7.672563076019287 
-5.7322773933410645, 6.639086723327637 
7.074178695678711, -8.295424461364746 
3.3968329429626465, -4.037866592407227 
5.552514553070068, -6.511420249938965 
6.123153209686279, -7.183454990386963 
2.6477210521698, -3.1973793506622314 
-6.124617099761963, 7.032487869262695 
5.951827526092529, -6.987610816955566 
7.411710262298584, -8.69762134552002 
7.362441539764404, -8.631661415100098 
-0.04640738293528557, -0.05646899342536926 
-4.571709156036377, 5.266472339630127 
3.137299060821533, -3.7653138637542725 
5.277254581451416, -6.2175822257995605 
-3.509605884552002, 4.036442756652832 
-6.17335844039917, 7.090429306030273 
5.419448375701904, -6.411778450012207 
7.390343189239502, -8.665247917175293 
5.952878475189209, -6.980858325958252 
3.1041665077209473, -3.70451021194458 
-5.358180522918701, 6.157037734985352 
6.363988399505615, -7.470669746398926 
-4.723634243011475, 5.473414421081543 
-5.129541397094727, 5.953711986541748 
-0.07457635551691055, 0.02785497158765793 
5.743924617767334, -6.772566795349121 
4.892500400543213, -5.783753395080566 
3.2680091857910156, -3.8923139572143555 
-7.858299732208252, 9.094832420349121 
-3.889545440673828, 4.493954658508301 
5.382972717285156, -6.329197406768799 
3.489469528198242, -4.1722025871276855 
-1.4042422771453857, 1.6121330261230469 
-4.700588226318359, 5.391528129577637 
-0.8474467396736145, 0.9632850289344788 
-3.1764743328094482, 3.618858575820923 
-2.533801317214966, 2.9587903022766113 
6.509742259979248, -7.61928653717041 
5.495982646942139, -6.438957214355469 
4.165712356567383, -4.897819519042969 
2.1019201278686523, -2.518059253692627 
6.736449718475342, -7.966452598571777 
1.9493629932403564, -2.320484161376953 
-4.421725273132324, 5.001801490783691 
5.300644874572754, -6.223573684692383 
1.2479363679885864, -1.532504677772522 
7.002416610717773, -8.177958488464355 
6.482387065887451, -7.657609939575195 
-5.843568325042725, 6.72795295715332 
-1.744146466255188, 1.9820218086242676 
7.1527509689331055, -8.361603736877441 
-7.498905658721924, 8.657779693603516 
-3.3230724334716797, 3.816753625869751 
6.419442653656006, -7.545001983642578 
2.11859130859375, -2.532654047012329 
6.118455410003662, -7.210309028625488 
6.0360107421875, -7.0778279304504395 
5.52712869644165, -6.500872611999512 
5.7236738204956055, -6.729126930236816 
-4.472585201263428, 5.096502780914307 
-7.972430229187012, 9.195097923278809 
1.5358582735061646, -1.862828254699707 
5.190593242645264, -6.144344329833984 
2.510549545288086, -2.956406354904175 
7.7416276931762695, -9.049546241760254 
-5.825843811035156, 6.672893524169922 
3.010319232940674, -3.549471616744995 
-4.528778553009033, 5.248581886291504 
5.326700687408447, -6.2337188720703125 
6.599266529083252, -7.768427848815918 
-4.327987194061279, 5.030804634094238 
4.946482181549072, -5.7847580909729 
6.983485221862793, -8.16507625579834 
-5.748812675476074, 6.550189971923828 
5.684475421905518, -6.698360919952393 
5.939688682556152, -6.957549095153809 
7.427735805511475, -8.740509986877441 
3.9746668338775635, -4.680500030517578 
-6.378509521484375, 7.388680458068848 
-3.9603488445281982, 4.574785232543945 
1.276677131652832, -1.523512840270996 
6.632467746734619, -7.748427391052246 
-1.5618278980255127, 1.782087802886963 
-6.2817158699035645, 7.258611679077148 
-0.8785480260848999, 0.9584677815437317 
-0.986527681350708, 1.1470460891723633 
6.162579536437988, -7.2607316970825195 
5.930675029754639, -6.981564044952393 
6.920980930328369, -8.112542152404785 
6.811213970184326, -7.9795026779174805 
6.16005277633667, -7.245636463165283 
-6.614339351654053, 7.635128021240234 
6.7703680992126465, -7.945023536682129 
-6.723410129547119, 7.753552436828613 
0.6945734620094299, -0.929010808467865 
6.0160064697265625, -7.077754497528076 
-2.768460750579834, 3.1118762493133545 
-5.108494281768799, 5.9101433753967285 
-5.344168186187744, 6.115833282470703 
-1.629940390586853, 1.8323183059692383 
-5.563243389129639, 6.342361927032471 
-7.235198497772217, 8.341404914855957 
5.850964069366455, -6.887384414672852 
-5.383382320404053, 6.255967140197754 
-1.9945870637893677, 2.184589147567749 
-6.110104084014893, 7.078258037567139 
-5.353435039520264, 6.198221206665039 
7.339639663696289, -8.615212440490723 
-3.5777668952941895, 4.042674541473389 
-3.8707680702209473, 4.464573383331299 
-7.080699443817139, 8.166645050048828 
4.4548773765563965, -5.280179977416992 
-5.77523946762085, 6.605672836303711 
-0.3225279450416565, 0.2787907123565674 
1.1822887659072876, -1.4798715114593506 
-3.067992925643921, 3.5028388500213623 
6.399197578430176, -7.486780166625977 
5.540338039398193, -6.508697986602783 
-5.202679634094238, 5.995990753173828 
-0.24280881881713867, 0.14855651557445526 
-5.844514846801758, 6.680644989013672 
6.60402250289917, -7.748909950256348 
0.7041360139846802, -0.8937550783157349 
-3.9172873497009277, 4.541674613952637 
2.672642230987549, -3.147015333175659 
-2.3055989742279053, 2.595062494277954 
7.029099464416504, -8.204934120178223 
1.1714019775390625, -1.436760663986206 
-2.9459428787231445, 3.418614149093628 
-2.6319501399993896, 2.909489870071411 
-0.23714417219161987, 0.22452491521835327 
7.074242115020752, -8.305230140686035 
-7.448127746582031, 8.625938415527344 
-2.7115869522094727, 3.1372313499450684 
3.8135275840759277, -4.493967533111572 
-2.002134323120117, 2.3514487743377686 
-4.3529372215271, 5.069467544555664 
6.89495325088501, -8.096369743347168 
-4.62057638168335, 5.252864837646484 
6.389352321624756, -7.501699924468994 
-7.55292272567749, 8.711901664733887 
-1.2301727533340454, 1.3657877445220947 
6.701502323150635, -7.866079330444336 
1.38813316822052, -1.690976858139038 
2.7393417358398438, -3.2111263275146484 
1.2519296407699585, -1.5714633464813232 
-0.6212338805198669, 0.6782193779945374 
-2.593233585357666, 2.9336960315704346 
3.659555196762085, -4.32155704498291 
6.507615566253662, -7.632870197296143 
5.420925617218018, -6.3491010665893555 
-6.325867176055908, 7.313131809234619 
7.671942710876465, -9.011336326599121 
3.636563777923584, -4.308477401733398 
5.396020412445068, -6.356100559234619 
3.8058791160583496, -4.470125198364258 
4.7472028732299805, -5.595978736877441 
5.494986057281494, -6.409404754638672 
-0.6270247101783752, 0.6900467872619629 
5.972087383270264, -6.993208408355713 
1.0907584428787231, -1.3054968118667603 
-1.4340810775756836, 1.603576898574829 
-4.093379497528076, 4.738670349121094 
5.546075344085693, -6.509674549102783 
5.752775192260742, -6.7276506423950195 
-6.290089130401611, 7.244190216064453 
5.152395725250244, -6.0255632400512695 
6.408040523529053, -7.526315689086914 
6.286086559295654, -7.339529037475586 
-1.457926630973816, 1.6706880331039429 
6.201653003692627, -7.2356719970703125 
6.6390533447265625, -7.764634609222412 
-0.7445001006126404, 0.7918161749839783 
1.4081530570983887, -1.6876248121261597 
6.286674499511719, -7.360359191894531 
6.4353790283203125, -7.519772529602051 
6.399092197418213, -7.52831506729126 
-3.9051904678344727, 4.525411128997803 
1.5450454950332642, -1.8772168159484863 
5.800097942352295, -6.7974019050598145 
5.768105983734131, -6.793639183044434 
4.422303676605225, -5.224606990814209 
-0.26259931921958923, 0.2555805742740631 
-6.383891582489014, 7.316216468811035 
1.4586890935897827, -1.7732487916946411 
-1.4434324502944946, 1.6385993957519531 
6.040151596069336, -7.124558448791504 
3.05029296875, -3.6328675746917725 
0.10708629339933395, -0.1911420077085495 
-2.670971632003784, 3.075441837310791 
-2.1219520568847656, 2.4202113151550293 
5.398979187011719, -6.37143611907959 
-1.6008999347686768, 1.8226423263549805 
6.775973796844482, -7.959053039550781 
5.109645366668701, -6.022782325744629 
6.522037506103516, -7.654032230377197 
-4.743654251098633, 5.479642391204834 
-4.901829242706299, 5.646136283874512 
-5.6966233253479, 6.548248291015625 
-6.13928747177124, 7.057174205780029 
-5.245243072509766, 5.98970890045166 
-5.414575576782227, 6.190573692321777 
-4.274928569793701, 4.88704776763916 
-3.543087959289551, 4.1113128662109375 
-6.113611698150635, 7.083963394165039 
7.529937267303467, -8.820267677307129 
5.61671781539917, -6.619487762451172 
-7.309824466705322, 8.439545631408691 
0.1279824674129486, -0.22178249061107635 
-6.678554058074951, 7.703695297241211 
