7.860777854919434, -7.357283115386963 
-4.992006778717041, 4.413228511810303 
11.280838966369629, -10.487911224365234 
10.558915138244629, -9.835936546325684 
10.355412483215332, -9.656693458557129 
-9.990623474121094, 8.980563163757324 
-6.868544578552246, 6.171591281890869 
7.251248836517334, -6.766903400421143 
9.937979698181152, -9.255268096923828 
-6.208638668060303, 5.513785362243652 
10.144072532653809, -9.506607055664062 
5.771530628204346, -5.436110019683838 
10.641478538513184, -9.916023254394531 
9.983414649963379, -9.333802223205566 
-10.557473182678223, 9.485017776489258 
-2.563159227371216, 2.205916404724121 
10.55213737487793, -9.781923294067383 
9.317350387573242, -8.709885597229004 
10.516066551208496, -9.794706344604492 
-0.13385790586471558, -0.005646169185638428 
1.3253223896026611, -1.3398802280426025 
11.308857917785645, -10.543750762939453 
-0.21553994715213776, 0.14295637607574463 
-10.965555191040039, 9.848981857299805 
-11.284293174743652, 10.129080772399902 
-7.49368143081665, 6.699929714202881 
10.0580472946167, -9.427051544189453 
1.2225617170333862, -1.2733221054077148 
6.991929531097412, -6.5414910316467285 
-7.432178974151611, 6.645247459411621 
-10.81325912475586, 9.717977523803711 
10.047761917114258, -9.354717254638672 
8.15550422668457, -7.624087333679199 
-6.462732315063477, 5.7964887619018555 
8.842138290405273, -8.283527374267578 
-8.098498344421387, 7.2824387550354 
9.951170921325684, -9.28589153289795 
-8.050665855407715, 7.156335353851318 
10.722677230834961, -9.976527214050293 
-1.0695080757141113, 0.8897129893302917 
10.952798843383789, -10.212096214294434 
9.730494499206543, -9.093246459960938 
6.218069553375244, -5.849381446838379 
6.472379207611084, -6.066571235656738 
-8.445330619812012, 7.596005439758301 
-9.833868980407715, 8.849417686462402 
-3.550788402557373, 3.153679609298706 
-8.845879554748535, 7.935574531555176 
-7.634099960327148, 6.855196952819824 
-9.521626472473145, 8.561676025390625 
10.230205535888672, -9.551960945129395 
8.96158504486084, -8.351816177368164 
-8.293869972229004, 7.478305816650391 
4.946595668792725, -4.660999298095703 
-8.935276985168457, 8.044572830200195 
9.499241828918457, -8.873088836669922 
-7.2773661613464355, 6.5300469398498535 
-11.256386756896973, 10.121221542358398 
-1.2921218872070312, 1.092299461364746 
-9.39505672454834, 8.421602249145508 
-10.142891883850098, 9.11638069152832 
10.330857276916504, -9.67054271697998 
5.61929988861084, -5.284320831298828 
-7.779503345489502, 7.030528545379639 
9.018446922302246, -8.429369926452637 
-0.44043686985969543, 0.25121060013771057 
9.277158737182617, -8.651525497436523 
-9.071293830871582, 8.135176658630371 
-9.979589462280273, 8.987317085266113 
-0.9111425280570984, 0.676176130771637 
9.300247192382812, -8.659156799316406 
-7.7409539222717285, 6.9580559730529785 
-9.350799560546875, 8.433923721313477 
5.209407806396484, -4.875734329223633 
9.449742317199707, -8.815082550048828 
-5.994850158691406, 5.362664699554443 
10.34704303741455, -9.665775299072266 
-1.1758272647857666, 0.921896755695343 
-10.832110404968262, 9.74155330657959 
10.771005630493164, -10.060009002685547 
10.343544006347656, -9.662355422973633 
-11.651870727539062, 10.481588363647461 
-2.9795544147491455, 2.6060636043548584 
-9.02675724029541, 8.133369445800781 
-10.531026840209961, 9.4844970703125 
7.573348522186279, -7.115030288696289 
10.523255348205566, -9.846475601196289 
-10.747895240783691, 9.69227409362793 
-10.668461799621582, 9.605727195739746 
4.665637493133545, -4.35014533996582 
11.810736656188965, -11.005184173583984 
-5.6076788902282715, 5.068798542022705 
-5.691592216491699, 5.096433639526367 
-11.15485954284668, 10.042302131652832 
-9.4347505569458, 8.445703506469727 
11.5972900390625, -10.79971694946289 
10.053857803344727, -9.379988670349121 
10.567845344543457, -9.884458541870117 
-4.2596330642700195, 3.7357356548309326 
10.638522148132324, -9.909334182739258 
4.442518711090088, -4.221046447753906 
10.686117172241211, -9.92159652709961 
-0.7564395070075989, 0.5715230107307434 
-6.5222344398498535, 5.875911235809326 
10.046298027038574, -9.3700590133667 
6.1305131912231445, -5.760410308837891 
-11.411249160766602, 10.261602401733398 
12.624829292297363, -11.751253128051758 
0.4880243241786957, -0.5832120180130005 
-8.628647804260254, 7.77806282043457 
-9.555453300476074, 8.584230422973633 
8.205836296081543, -7.6650004386901855 
-9.134135246276855, 8.21833610534668 
9.380142211914062, -8.7554931640625 
9.670500755310059, -9.03155517578125 
-3.3946120738983154, 2.925529718399048 
-4.553918361663818, 4.0391693115234375 
-7.8508806228637695, 7.039484024047852 
-9.50829792022705, 8.556541442871094 
-7.388132095336914, 6.621633529663086 
-10.029923439025879, 9.030990600585938 
-9.494580268859863, 8.559684753417969 
9.120217323303223, -8.485034942626953 
9.872515678405762, -9.234021186828613 
10.042609214782715, -9.341263771057129 
-10.892852783203125, 9.781835556030273 
9.88962459564209, -9.192584037780762 
-8.38809871673584, 7.545951843261719 
-6.429421901702881, 5.728206157684326 
8.84863567352295, -8.278085708618164 
-4.778493404388428, 4.235816478729248 
10.364635467529297, -9.641497611999512 
-3.786369562149048, 3.3328359127044678 
-6.6577606201171875, 5.974204063415527 
9.49533748626709, -8.83337116241455 
-10.248976707458496, 9.234381675720215 
10.47867488861084, -9.753778457641602 
-10.369641304016113, 9.336935997009277 
-10.289655685424805, 9.276775360107422 
-10.19545841217041, 9.154047012329102 
9.501919746398926, -8.849649429321289 
10.14302921295166, -9.446959495544434 
11.514354705810547, -10.74056625366211 
11.989272117614746, -11.157150268554688 
-9.687556266784668, 8.693805694580078 
-5.973008155822754, 5.354207992553711 
-10.573004722595215, 9.491291999816895 
11.580470085144043, -10.83201789855957 
-8.380446434020996, 7.524501800537109 
9.22182559967041, -8.587442398071289 
-10.993515968322754, 9.887842178344727 
-10.035307884216309, 8.987794876098633 
-7.68329381942749, 6.89592170715332 
10.181334495544434, -9.497335433959961 
-8.519186973571777, 7.655966281890869 
-8.085909843444824, 7.273939609527588 
3.8234803676605225, -3.6654443740844727 
9.162005424499512, -8.559606552124023 
-10.402613639831543, 9.351131439208984 
-11.454628944396973, 10.30778694152832 
-7.841838359832764, 7.021546363830566 
-9.855944633483887, 8.86412239074707 
-9.638534545898438, 8.648199081420898 
-10.068659782409668, 9.116474151611328 
-10.878172874450684, 9.790810585021973 
-5.2031331062316895, 4.605376720428467 
-8.357977867126465, 7.521364212036133 
9.263476371765137, -8.698003768920898 
6.355299472808838, -5.958211421966553 
10.44287395477295, -9.749587059020996 
10.762059211730957, -10.08322811126709 
-0.3872600495815277, 0.2896782159805298 
10.267084121704102, -9.544673919677734 
7.570406436920166, -7.0922369956970215 
-5.0042853355407715, 4.425756454467773 
-8.760773658752441, 7.920476913452148 
-7.40885591506958, 6.636183738708496 
-10.590099334716797, 9.480780601501465 
12.056309700012207, -11.208037376403809 
-5.359076023101807, 4.802694320678711 
10.649011611938477, -9.918577194213867 
-5.087540149688721, 4.509535789489746 
-6.811108112335205, 6.096658706665039 
-8.498022079467773, 7.600809097290039 
7.536268711090088, -7.0670928955078125 
11.719886779785156, -10.905900001525879 
5.650461673736572, -5.353301525115967 
10.261652946472168, -9.53045654296875 
-9.510132789611816, 8.556862831115723 
-10.432129859924316, 9.398329734802246 
8.584450721740723, -8.038493156433105 
10.281431198120117, -9.630038261413574 
9.668736457824707, -9.014375686645508 
8.396723747253418, -7.845458984375 
6.468569278717041, -6.047383785247803 
-5.888256072998047, 5.240853309631348 
-1.773453950881958, 1.4814598560333252 
-9.961868286132812, 8.974732398986816 
-9.2743558883667, 8.360566139221191 
9.934698104858398, -9.281556129455566 
-9.04423999786377, 8.124393463134766 
-7.8318986892700195, 7.036228179931641 
-6.619414329528809, 5.910431861877441 
8.179271697998047, -7.671716690063477 
8.539012908935547, -7.9379987716674805 
11.633574485778809, -10.863628387451172 
-4.16990327835083, 3.6461260318756104 
10.845393180847168, -10.117347717285156 
9.630471229553223, -8.957376480102539 
1.4446790218353271, -1.38289475440979 
5.091554164886475, -4.744847297668457 
3.5842480659484863, -3.386029005050659 
10.482817649841309, -9.774723052978516 
10.224148750305176, -9.516992568969727 
-2.284555196762085, 1.9328758716583252 
10.916122436523438, -10.159290313720703 
10.028609275817871, -9.38206672668457 
-6.368404865264893, 5.694547653198242 
7.754481792449951, -7.279270172119141 
-7.032768726348877, 6.312405586242676 
-8.636578559875488, 7.74831485748291 
-3.6087162494659424, 3.1860511302948 
-9.157234191894531, 8.227560043334961 
-8.603974342346191, 7.696676254272461 
-6.553491115570068, 5.826960563659668 
-6.798035144805908, 6.085353374481201 
-4.4890456199646, 4.025026798248291 
11.210837364196777, -10.430273056030273 
-8.797181129455566, 7.8846516609191895 
5.768651962280273, -5.413819789886475 
9.131632804870605, -8.494213104248047 
10.094295501708984, -9.396551132202148 
7.947998046875, -7.4380879402160645 
-6.242809772491455, 5.562385559082031 
-10.05132007598877, 9.027280807495117 
9.71976375579834, -9.055861473083496 
11.8129301071167, -11.023433685302734 
-11.144295692443848, 10.035146713256836 
-7.185651779174805, 6.405884742736816 
-4.73695182800293, 4.2197771072387695 
-7.897249698638916, 7.078303813934326 
-6.579076290130615, 5.886757850646973 
-0.5857626795768738, 0.4319499135017395 
10.628684043884277, -9.944881439208984 
-8.477145195007324, 7.605433464050293 
11.076245307922363, -10.300703048706055 
-10.6625394821167, 9.589412689208984 
8.774994850158691, -8.173654556274414 
-10.621076583862305, 9.54098892211914 
10.63449764251709, -9.903286933898926 
9.4733304977417, -8.851020812988281 
-5.676842212677002, 5.044829368591309 
-9.078055381774902, 8.123376846313477 
10.838839530944824, -10.084125518798828 
-10.985791206359863, 9.89864444732666 
-10.940954208374023, 9.823434829711914 
-10.122410774230957, 9.084421157836914 
10.634821891784668, -9.919015884399414 
11.539812088012695, -10.760517120361328 
10.212611198425293, -9.533578872680664 
-9.406744956970215, 8.454586029052734 
1.8905107975006104, -1.9154958724975586 
-10.551111221313477, 9.475142478942871 
6.090371131896973, -5.687469482421875 
11.843902587890625, -11.055009841918945 
-6.464025974273682, 5.741145133972168 
-6.880350112915039, 6.149814605712891 
-0.29952219128608704, 0.12970273196697235 
-0.856820821762085, 0.6130372881889343 
10.532879829406738, -9.784154891967773 
-8.094151496887207, 7.29787015914917 
9.859602928161621, -9.186079978942871 
-8.93042278289795, 8.051998138427734 
-9.442239761352539, 8.48788833618164 
-10.448721885681152, 9.41769790649414 
10.42163372039795, -9.774419784545898 
-7.681844711303711, 6.912750720977783 
-10.29503345489502, 9.268648147583008 
4.120303630828857, -4.000169277191162 
-6.5430521965026855, 5.847030162811279 
-8.872179985046387, 7.978788375854492 
10.728632926940918, -9.978504180908203 
7.801303386688232, -7.261585712432861 
10.570089340209961, -9.861164093017578 
-8.748652458190918, 7.86043643951416 
-2.185316801071167, 1.902817726135254 
4.236372470855713, -4.0255656242370605 
11.222016334533691, -10.471257209777832 
-10.86584758758545, 9.77291488647461 
-1.2048943042755127, 0.9769617915153503 
9.63509464263916, -9.001802444458008 
5.119256496429443, -4.893104553222656 
10.515352249145508, -9.822978973388672 
9.327533721923828, -8.740108489990234 
-8.50773811340332, 7.633729934692383 
8.593852043151855, -8.039474487304688 
-9.249728202819824, 8.31247615814209 
11.392010688781738, -10.654487609863281 
-8.956542015075684, 8.027262687683105 
-3.997185468673706, 3.539405107498169 
11.97855281829834, -11.139345169067383 
-4.320210933685303, 3.8635199069976807 
-6.58892822265625, 5.921153545379639 
-10.648120880126953, 9.581971168518066 
10.324385643005371, -9.625429153442383 
7.665945529937744, -7.168157577514648 
-7.000765323638916, 6.206727504730225 
10.097740173339844, -9.4513521194458 
9.936842918395996, -9.273503303527832 
11.802451133728027, -10.99862289428711 
10.803545951843262, -10.114578247070312 
4.47683048248291, -4.256781578063965 
8.45914363861084, -7.9004716873168945 
-7.255372524261475, 6.456376552581787 
9.744161605834961, -9.10976505279541 
10.17166805267334, -9.469112396240234 
-6.6395721435546875, 5.94803524017334 
10.45609188079834, -9.752363204956055 
9.57921314239502, -8.976964950561523 
-10.030915260314941, 9.019742965698242 
-10.697799682617188, 9.627181053161621 
9.380969047546387, -8.727940559387207 
11.251192092895508, -10.462750434875488 
8.659491539001465, -8.064213752746582 
9.613932609558105, -8.950570106506348 
-9.195544242858887, 8.234437942504883 
9.857396125793457, -9.217130661010742 
-9.169340133666992, 8.25822925567627 
-4.006423473358154, 3.4854543209075928 
-5.6413984298706055, 5.039759635925293 
7.878823757171631, -7.341311931610107 
-7.916318416595459, 7.105971336364746 
-8.010540008544922, 7.209238529205322 
-11.7842435836792, 10.615415573120117 
-10.14814281463623, 9.102729797363281 
3.607492685317993, -3.453840970993042 
-1.043983817100525, 0.8542323112487793 
-9.578021049499512, 8.617115020751953 
7.5824198722839355, -7.085470199584961 
-8.195917129516602, 7.352879047393799 
7.576961040496826, -7.067203044891357 
11.06723690032959, -10.271255493164062 
9.003388404846191, -8.404995918273926 
-9.415977478027344, 8.445236206054688 
8.670982360839844, -8.065093040466309 
8.0045804977417, -7.510256767272949 
8.39539623260498, -7.847137451171875 
9.339753150939941, -8.710686683654785 
9.675920486450195, -9.006591796875 
10.263007164001465, -9.565789222717285 
7.977871417999268, -7.477571487426758 
9.295483589172363, -8.66645622253418 
4.686864376068115, -4.408616065979004 
-5.639589786529541, 5.015370845794678 
10.04564380645752, -9.3745756149292 
8.933148384094238, -8.293493270874023 
-9.381451606750488, 8.454763412475586 
-11.22919750213623, 10.094748497009277 
-8.256521224975586, 7.43275260925293 
-10.92070198059082, 9.826523780822754 
10.089683532714844, -9.402898788452148 
6.476003170013428, -6.04899787902832 
8.241110801696777, -7.701758861541748 
-9.352371215820312, 8.406561851501465 
3.800854444503784, -3.617131471633911 
-2.3971946239471436, 2.0476436614990234 
7.9474778175354, -7.442695140838623 
-11.184179306030273, 10.062421798706055 
-10.81027889251709, 9.740739822387695 
-7.500976085662842, 6.714936256408691 
11.265010833740234, -10.514429092407227 
-10.40786075592041, 9.349838256835938 
2.030895709991455, -1.9857237339019775 
11.573260307312012, -10.783079147338867 
5.067338466644287, -4.741340160369873 
-5.480820655822754, 4.90561056137085 
-3.9568662643432617, 3.519442081451416 
-4.438662052154541, 3.9213364124298096 
8.822775840759277, -8.260732650756836 
9.087523460388184, -8.49868392944336 
10.018685340881348, -9.326303482055664 
10.635226249694824, -9.904905319213867 
9.414677619934082, -8.793840408325195 
-7.424278259277344, 6.673678398132324 
-10.626343727111816, 9.551366806030273 
8.197922706604004, -7.625238418579102 
-8.25135326385498, 7.365137577056885 
7.568866729736328, -7.112791061401367 
-7.1558356285095215, 6.404696464538574 
10.192316055297852, -9.522668838500977 
10.39611530303955, -9.691202163696289 
7.436411380767822, -6.9985671043396 
-1.9427602291107178, 1.6421482563018799 
-7.614531993865967, 6.842263698577881 
10.074746131896973, -9.420690536499023 
8.464327812194824, -7.889461517333984 
-10.431052207946777, 9.400826454162598 
-3.6283273696899414, 3.196350336074829 
4.14190673828125, -3.9380929470062256 
10.140294075012207, -9.419807434082031 
-7.72370719909668, 6.940455436706543 
10.434133529663086, -9.764930725097656 
-10.136839866638184, 9.113548278808594 
10.871403694152832, -10.087835311889648 
-11.025235176086426, 9.937702178955078 
-10.438761711120605, 9.397939682006836 
-5.643138885498047, 5.045833110809326 
5.035206317901611, -4.779932498931885 
9.43861198425293, -8.832012176513672 
-10.519635200500488, 9.428812026977539 
-9.027810096740723, 8.088220596313477 
10.287788391113281, -9.56557846069336 
-10.409209251403809, 9.3663911819458 
-6.436435699462891, 5.7437896728515625 
9.227523803710938, -8.599596977233887 
9.15595531463623, -8.525524139404297 
-10.80332088470459, 9.697664260864258 
-8.732312202453613, 7.848235607147217 
7.801639556884766, -7.279547214508057 
-11.522900581359863, 10.381951332092285 
9.755705833435059, -9.09687614440918 
-9.387223243713379, 8.424983978271484 
-10.805337905883789, 9.728931427001953 
-2.801957607269287, 2.449554920196533 
9.358664512634277, -8.785920143127441 
-6.081775188446045, 5.4078850746154785 
8.107529640197754, -7.618221282958984 
-10.575945854187012, 9.512723922729492 
5.520341396331787, -5.257185459136963 
11.91707706451416, -11.116779327392578 
-10.475125312805176, 9.415861129760742 
8.686503410339355, -8.127115249633789 
8.957472801208496, -8.353717803955078 
11.243924140930176, -10.465381622314453 
8.730594635009766, -8.169839859008789 
-8.099510192871094, 7.281108856201172 
-0.6165112853050232, 0.4023978114128113 
-8.897751808166504, 7.981705665588379 
-4.901412010192871, 4.338489532470703 
8.982705116271973, -8.355669975280762 
5.340648174285889, -5.0149455070495605 
-10.598299980163574, 9.539772033691406 
-8.198531150817871, 7.362658500671387 
9.067031860351562, -8.448484420776367 
11.434982299804688, -10.644573211669922 
11.910460472106934, -11.108360290527344 
6.531356334686279, -6.110936164855957 
-11.071961402893066, 9.970935821533203 
7.635873794555664, -7.124648094177246 
10.314637184143066, -9.600672721862793 
-10.929668426513672, 9.854818344116211 
-10.42279052734375, 9.353452682495117 
9.687211990356445, -9.056060791015625 
3.740461587905884, -3.573831796646118 
-11.378876686096191, 10.260212898254395 
4.735730171203613, -4.459071159362793 
-11.417765617370605, 10.268171310424805 
11.473533630371094, -10.673291206359863 
8.659316062927246, -8.12161922454834 
11.979068756103516, -11.171066284179688 
11.399750709533691, -10.615363121032715 
8.349923133850098, -7.8206634521484375 
-4.410401344299316, 3.901028871536255 
-11.731156349182129, 10.562555313110352 
-5.964092254638672, 5.309337615966797 
-7.747097492218018, 6.929558277130127 
-7.4862847328186035, 6.702399730682373 
11.363490104675293, -10.563478469848633 
11.760404586791992, -10.930206298828125 
5.724579334259033, -5.38681697845459 
7.9709601402282715, -7.453538417816162 
-10.5743989944458, 9.513294219970703 
3.5764520168304443, -3.408198118209839 
10.288824081420898, -9.639083862304688 
10.976564407348633, -10.244587898254395 
10.40908145904541, -9.702722549438477 
-10.768561363220215, 9.678482055664062 
11.921238899230957, -11.07738971710205 
-6.399150371551514, 5.708273887634277 
10.041767120361328, -9.345170021057129 
-2.6485812664031982, 2.3404452800750732 
10.027226448059082, -9.316407203674316 
6.052712917327881, -5.683379650115967 
10.440707206726074, -9.77733039855957 
6.498515605926514, -6.047385215759277 
-7.086328029632568, 6.289326190948486 
-9.651577949523926, 8.670642852783203 
10.190940856933594, -9.492298126220703 
-10.892138481140137, 9.791093826293945 
-8.442866325378418, 7.609037399291992 
-9.402883529663086, 8.46581745147705 
-9.270546913146973, 8.327485084533691 
9.142146110534668, -8.521088600158691 
-8.453763008117676, 7.5747551918029785 
-9.937952995300293, 8.94325065612793 
-5.691293716430664, 5.052772521972656 
7.322681903839111, -6.8731303215026855 
-8.698249816894531, 7.7970380783081055 
6.794490814208984, -6.3738112449646 
-8.619759559631348, 7.742040634155273 
9.778173446655273, -9.129536628723145 
-10.175274848937988, 9.156707763671875 
-8.719405174255371, 7.804928779602051 
-7.523352146148682, 6.724102973937988 
11.045260429382324, -10.26939582824707 
11.205540657043457, -10.432743072509766 
-11.136552810668945, 10.006502151489258 
1.0076572895050049, -1.0479397773742676 
-0.5137289762496948, 0.33312565088272095 
-6.6743340492248535, 5.956473350524902 
11.108424186706543, -10.363694190979004 
9.714520454406738, -9.0408935546875 
0.06360915303230286, -0.20499879121780396 
-10.979832649230957, 9.854381561279297 
-8.598790168762207, 7.712141036987305 
9.247112274169922, -8.625154495239258 
10.308353424072266, -9.596389770507812 
6.764124393463135, -6.282043933868408 
-6.544992923736572, 5.856716156005859 
10.431273460388184, -9.716785430908203 
-0.795396625995636, 0.6073954701423645 
8.548596382141113, -7.958606243133545 
-3.293053388595581, 2.8485605716705322 
-9.200729370117188, 8.26548957824707 
1.4715622663497925, -1.4815285205841064 
2.3284895420074463, -2.2811005115509033 
3.5702548027038574, -3.451639413833618 
8.18055248260498, -7.697328567504883 
-5.175715923309326, 4.60502815246582 
4.729301929473877, -4.508831977844238 
4.2359490394592285, -4.012779712677002 
-5.105177402496338, 4.481146812438965 
-8.926430702209473, 8.02515983581543 
5.9928412437438965, -5.647519111633301 
10.859017372131348, -10.133162498474121 
10.389494895935059, -9.690476417541504 
5.243251323699951, -4.933783054351807 
11.55810832977295, -10.773563385009766 
10.524043083190918, -9.80352783203125 
-10.6301908493042, 9.55014419555664 
-9.402238845825195, 8.453276634216309 
10.221741676330566, -9.527201652526855 
-4.723907947540283, 4.169012546539307 
7.864370822906494, -7.38179349899292 
7.719114780426025, -7.244781970977783 
-8.599671363830566, 7.743387699127197 
10.08988094329834, -9.37576961517334 
-10.993639945983887, 9.894784927368164 
9.89595890045166, -9.225296020507812 
-2.2999041080474854, 1.964690923690796 
-3.061410665512085, 2.7001700401306152 
10.647697448730469, -9.89404296875 
7.904497146606445, -7.399670600891113 
-10.25778865814209, 9.202375411987305 
9.02991008758545, -8.400815963745117 
-9.94556713104248, 8.970836639404297 
-8.80405044555664, 7.8898186683654785 
9.752177238464355, -9.151924133300781 
3.284515142440796, -3.1921544075012207 
-7.3574538230896, 6.594826698303223 
-10.910112380981445, 9.816995620727539 
-1.8503262996673584, 1.501722812652588 
10.420199394226074, -9.751319885253906 
11.002967834472656, -10.265268325805664 
-6.048103332519531, 5.400003910064697 
-4.76486873626709, 4.209856986999512 
8.597887992858887, -8.02738094329834 
0.22536349296569824, -0.37944501638412476 
-7.986924648284912, 7.140775203704834 
8.997309684753418, -8.399447441101074 
10.883879661560059, -10.132246017456055 
9.562163352966309, -8.91478157043457 
-10.075211524963379, 9.083882331848145 
9.950745582580566, -9.288561820983887 
-2.652899980545044, 2.2856357097625732 
-10.96492862701416, 9.85743522644043 
5.070067405700684, -4.785241603851318 
-7.34093713760376, 6.6137285232543945 
-4.507275581359863, 4.005736827850342 
-2.193392276763916, 1.8652987480163574 
10.441807746887207, -9.755483627319336 
8.809468269348145, -8.250228881835938 
-10.547120094299316, 9.506431579589844 
-8.624229431152344, 7.769872665405273 
-10.96172046661377, 9.866568565368652 
11.04653263092041, -10.296651840209961 
0.9605379700660706, -1.0062553882598877 
-9.899266242980957, 8.905620574951172 
9.421818733215332, -8.781885147094727 
-9.703757286071777, 8.69012451171875 
9.13774585723877, -8.548189163208008 
11.007816314697266, -10.224982261657715 
5.095406532287598, -4.80146598815918 
-8.2852144241333, 7.445529460906982 
9.586076736450195, -8.905044555664062 
-9.564482688903809, 8.610288619995117 
2.5875766277313232, -2.544171094894409 
0.5675939917564392, -0.6431693434715271 
-11.093244552612305, 9.980802536010742 
9.682042121887207, -9.021738052368164 
-5.422578811645508, 4.7942423820495605 
-11.202380180358887, 10.082786560058594 
-10.699216842651367, 9.62368392944336 
-6.227430820465088, 5.587950706481934 
11.18487548828125, -10.4282865524292 
10.62020206451416, -9.885372161865234 
8.321900367736816, -7.7575578689575195 
5.735090732574463, -5.454568386077881 
0.6988977789878845, -0.8027148246765137 
-10.094632148742676, 9.071533203125 
-9.50037670135498, 8.551952362060547 
7.4512038230896, -6.9720139503479 
-9.65251636505127, 8.687088012695312 
-9.066380500793457, 8.149385452270508 
0.11112846434116364, -0.2447078824043274 
10.06281566619873, -9.390758514404297 
9.25589656829834, -8.633731842041016 
-7.328180313110352, 6.545609951019287 
4.939885139465332, -4.670910835266113 
10.769853591918945, -10.020578384399414 
9.420162200927734, -8.780616760253906 
8.460205078125, -7.8770012855529785 
-10.356273651123047, 9.301596641540527 
-11.211844444274902, 10.095732688903809 
-9.981765747070312, 8.98564624786377 
-10.256467819213867, 9.217967987060547 
-1.0817928314208984, 0.8690236806869507 
-8.429848670959473, 7.576971054077148 
-9.114592552185059, 8.203181266784668 
-9.910225868225098, 8.917637825012207 
-3.6315395832061768, 3.161543130874634 
4.764464855194092, -4.505003929138184 
-10.040740013122559, 9.0302734375 
9.55349063873291, -8.946301460266113 
11.427935600280762, -10.621604919433594 
6.546576023101807, -6.157649993896484 
-7.380138397216797, 6.632597923278809 
-8.0298433303833, 7.211592197418213 
9.990100860595703, -9.309730529785156 
7.590524196624756, -7.067166805267334 
-9.13857364654541, 8.19538688659668 
3.381171226501465, -3.2301743030548096 
10.954632759094238, -10.203484535217285 
5.397453784942627, -5.095405578613281 
7.293240070343018, -6.805422782897949 
11.91016674041748, -11.093262672424316 
8.244573593139648, -7.707793235778809 
11.245879173278809, -10.474802017211914 
11.073782920837402, -10.301724433898926 
12.241889953613281, -11.41551399230957 
-10.115230560302734, 9.095800399780273 
9.966782569885254, -9.327035903930664 
-5.864596843719482, 5.19508695602417 
9.109158515930176, -8.53327465057373 
-10.500109672546387, 9.450965881347656 
-9.012044906616211, 8.075523376464844 
-9.170770645141602, 8.259865760803223 
-9.057007789611816, 8.132269859313965 
10.593523025512695, -9.895752906799316 
-10.215023040771484, 9.18065357208252 
8.789382934570312, -8.189159393310547 
-9.262619972229004, 8.30654239654541 
10.477712631225586, -9.784952163696289 
-7.710334777832031, 6.9222564697265625 
-9.756049156188965, 8.766036033630371 
10.825791358947754, -10.084574699401855 
10.391583442687988, -9.71320915222168 
4.5652241706848145, -4.275261878967285 
8.310202598571777, -7.795780181884766 
8.495725631713867, -7.942764759063721 
-1.6920905113220215, 1.394219160079956 
9.06743335723877, -8.453104019165039 
-10.510932922363281, 9.432096481323242 
1.630662202835083, -1.6698038578033447 
11.548684120178223, -10.800180435180664 
-7.807052135467529, 7.007930278778076 
11.963833808898926, -11.139766693115234 
-7.347775936126709, 6.520795822143555 
-11.42771053314209, 10.28722858428955 
-5.498713970184326, 4.91452693939209 
-2.784865140914917, 2.440483331680298 
9.652997970581055, -8.988126754760742 
7.014972686767578, -6.5769853591918945 
-8.931365013122559, 8.013336181640625 
-10.8174467086792, 9.724569320678711 
7.154599666595459, -6.687156677246094 
10.389691352844238, -9.711856842041016 
8.959909439086914, -8.363438606262207 
9.406746864318848, -8.788983345031738 
-3.6476080417633057, 3.185112237930298 
8.073577880859375, -7.572247505187988 
10.188348770141602, -9.547693252563477 
10.74291706085205, -10.027800559997559 
-10.282058715820312, 9.245842933654785 
-9.273222923278809, 8.310555458068848 
11.596360206604004, -10.804380416870117 
12.121450424194336, -11.306413650512695 
-10.04193115234375, 9.025979995727539 
8.218534469604492, -7.700038909912109 
2.2414944171905518, -2.185096502304077 
12.832842826843262, -11.914159774780273 
-10.030632972717285, 9.00784683227539 
10.972033500671387, -10.237735748291016 
10.411108016967773, -9.724458694458008 
-10.488200187683105, 9.428709983825684 
-9.673062324523926, 8.72330093383789 
-5.624567031860352, 4.971163272857666 
6.089782238006592, -5.694520473480225 
10.538243293762207, -9.809232711791992 
-4.682333469390869, 4.155939102172852 
10.08492660522461, -9.397427558898926 
-10.515583992004395, 9.47770881652832 
8.4810152053833, -7.884668350219727 
-10.3473482131958, 9.312972068786621 
-4.7736077308654785, 4.225553512573242 
-10.18178653717041, 9.175211906433105 
6.9392409324646, -6.514637470245361 
-2.0377039909362793, 1.7173683643341064 
11.519491195678711, -10.784371376037598 
10.434172630310059, -9.740968704223633 
-4.094719409942627, 3.631603956222534 
10.386957168579102, -9.694633483886719 
10.362704277038574, -9.708488464355469 
7.1749491691589355, -6.731385231018066 
11.337442398071289, -10.559307098388672 
-10.003508567810059, 9.02015495300293 
-11.09349536895752, 9.958677291870117 
-2.633812665939331, 2.2379305362701416 
-9.742465019226074, 8.745649337768555 
-8.302840232849121, 7.407070636749268 
-10.559609413146973, 9.510930061340332 
7.980581760406494, -7.472195148468018 
4.134178161621094, -3.8966259956359863 
-8.169625282287598, 7.330697059631348 
10.402237892150879, -9.682290077209473 
-11.4350004196167, 10.291242599487305 
-11.237236976623535, 10.103830337524414 
-8.899237632751465, 7.969586372375488 
-3.4894967079162598, 3.097785472869873 
7.630547523498535, -7.093216896057129 
10.162796974182129, -9.524419784545898 
10.444058418273926, -9.756538391113281 
12.287760734558105, -11.389009475708008 
10.393807411193848, -9.72615909576416 
-10.572295188903809, 9.499821662902832 
8.176525115966797, -7.679506301879883 
-6.334805488586426, 5.666521072387695 
9.289557456970215, -8.688894271850586 
9.838610649108887, -9.180795669555664 
-3.839277505874634, 3.419217586517334 
-5.117732524871826, 4.582082748413086 
10.265992164611816, -9.558225631713867 
10.285669326782227, -9.576444625854492 
8.702540397644043, -8.123563766479492 
-10.157736778259277, 9.128296852111816 
-6.892622470855713, 6.175295829772949 
9.067291259765625, -8.528820991516113 
-7.238662242889404, 6.444228649139404 
7.054044723510742, -6.622910022735596 
10.2105712890625, -9.507379531860352 
-10.155167579650879, 9.115699768066406 
8.947153091430664, -8.35729694366455 
-7.056732654571533, 6.294174671173096 
9.577312469482422, -8.937849044799805 
8.699872016906738, -8.158157348632812 
-10.855795860290527, 9.772942543029785 
11.462057113647461, -10.635705947875977 
11.276947975158691, -10.506906509399414 
2.776682138442993, -2.6420485973358154 
-8.932095527648926, 8.037859916687012 
-9.842284202575684, 8.8457612991333 
10.083950996398926, -9.376985549926758 
-9.732789039611816, 8.748250961303711 
3.7580721378326416, -3.5448853969573975 
8.456469535827637, -7.870728969573975 
-8.317374229431152, 7.456801891326904 
10.723640441894531, -9.99981689453125 
10.324663162231445, -9.624945640563965 
11.294028282165527, -10.529369354248047 
-8.792113304138184, 7.881044387817383 
-10.772894859313965, 9.683162689208984 
11.725238800048828, -10.914469718933105 
-10.814345359802246, 9.733765602111816 
10.15220832824707, -9.45168685913086 
11.052388191223145, -10.30264663696289 
10.013763427734375, -9.338228225708008 
9.664263725280762, -9.037555694580078 
9.615579605102539, -8.956779479980469 
-8.365492820739746, 7.526276588439941 
11.160964012145996, -10.37183666229248 
-10.945618629455566, 9.83469295501709 
10.607266426086426, -9.86250114440918 
-4.486979961395264, 3.9408485889434814 
-8.437566757202148, 7.5674285888671875 
-10.332704544067383, 9.310066223144531 
10.294255256652832, -9.615346908569336 
-9.974234580993652, 8.971497535705566 
9.596699714660645, -8.985122680664062 
2.797605514526367, -2.745746612548828 
10.090351104736328, -9.419872283935547 
-9.66582202911377, 8.689739227294922 
12.071343421936035, -11.260247230529785 
8.97432804107666, -8.393275260925293 
-9.939640045166016, 8.964052200317383 
-9.580668449401855, 8.622091293334961 
-8.07698917388916, 7.261322975158691 
-7.894099712371826, 7.107043743133545 
-2.271197557449341, 1.933323621749878 
-5.362808704376221, 4.778301239013672 
-11.419217109680176, 10.25931167602539 
-3.496119260787964, 3.042611598968506 
-2.660341501235962, 2.249096632003784 
10.048905372619629, -9.351421356201172 
10.022424697875977, -9.350645065307617 
8.801043510437012, -8.222415924072266 
-7.742302417755127, 6.934088706970215 
10.7683687210083, -10.079826354980469 
-10.973746299743652, 9.895757675170898 
-9.880303382873535, 8.84860610961914 
4.63914680480957, -4.373719692230225 
10.948365211486816, -10.191466331481934 
-8.956522941589355, 8.049159049987793 
-9.874592781066895, 8.899537086486816 
5.13142728805542, -4.791648864746094 
12.097331047058105, -11.246889114379883 
10.834136009216309, -10.109963417053223 
9.750144004821777, -9.085005760192871 
-7.1637187004089355, 6.397915840148926 
9.777307510375977, -9.071155548095703 
-11.4173002243042, 10.25802230834961 
12.143653869628906, -11.302007675170898 
-10.033447265625, 9.034961700439453 
10.095871925354004, -9.432004928588867 
8.918374061584473, -8.311513900756836 
8.417145729064941, -7.939993381500244 
-6.897950649261475, 6.19095516204834 
12.501249313354492, -11.645453453063965 
-8.023224830627441, 7.155956745147705 
11.127777099609375, -10.388716697692871 
8.51645278930664, -7.954535484313965 
11.49563217163086, -10.699554443359375 
-8.199851036071777, 7.375091075897217 
-8.527774810791016, 7.6440582275390625 
-9.134018898010254, 8.181753158569336 
-10.199073791503906, 9.179952621459961 
10.645487785339355, -9.91909408569336 
9.996922492980957, -9.313457489013672 
-9.577079772949219, 8.65293025970459 
-9.21730899810791, 8.299151420593262 
9.525981903076172, -8.890047073364258 
-11.107218742370605, 9.992602348327637 
-8.835351943969727, 7.894576549530029 
4.6548542976379395, -4.395500183105469 
-10.592497825622559, 9.5205659866333 
-7.1739583015441895, 6.426742076873779 
-7.298162937164307, 6.553662300109863 
7.685119152069092, -7.188331127166748 
-11.155144691467285, 10.049302101135254 
1.1566214561462402, -1.1792140007019043 
7.596343517303467, -7.076434135437012 
-8.213191032409668, 7.358628273010254 
8.05701732635498, -7.539243221282959 
1.9271504878997803, -1.9166629314422607 
10.593005180358887, -9.884475708007812 
-11.102599143981934, 9.991448402404785 
10.795568466186523, -10.045936584472656 
9.647896766662598, -8.98040771484375 
-10.38833236694336, 9.345244407653809 
-9.180068016052246, 8.280622482299805 
-4.836415767669678, 4.290287971496582 
-8.129687309265137, 7.278903961181641 
11.017231941223145, -10.252927780151367 
0.9690684080123901, -1.1019229888916016 
-5.732591152191162, 5.066296577453613 
11.714166641235352, -10.863283157348633 
-10.132779121398926, 9.13878059387207 
-8.89023208618164, 8.000593185424805 
-3.497016191482544, 3.0549252033233643 
-2.607581377029419, 2.2799768447875977 
9.138251304626465, -8.528663635253906 
2.1322710514068604, -2.0967609882354736 
11.57115650177002, -10.79547119140625 
-11.337257385253906, 10.192462921142578 
10.384995460510254, -9.685670852661133 
4.19402551651001, -3.9373598098754883 
-3.236135721206665, 2.840616464614868 
8.861485481262207, -8.240631103515625 
-10.652935981750488, 9.59318733215332 
-9.906692504882812, 8.902752876281738 
-6.888301372528076, 6.15281867980957 
-10.743346214294434, 9.671114921569824 
10.083579063415527, -9.406064987182617 
-11.185074806213379, 10.068950653076172 
11.356013298034668, -10.556289672851562 
8.892823219299316, -8.309093475341797 
-6.33312463760376, 5.639535427093506 
9.378755569458008, -8.809028625488281 
-11.009854316711426, 9.913678169250488 
-9.432278633117676, 8.462493896484375 
10.568303108215332, -9.856451034545898 
-8.694525718688965, 7.789809226989746 
9.521615028381348, -8.911500930786133 
-5.515610218048096, 4.892992973327637 
-9.922396659851074, 8.883392333984375 
-7.851568698883057, 6.992537975311279 
-8.415657997131348, 7.548940181732178 
-7.305675029754639, 6.567307472229004 
10.529829978942871, -9.82065486907959 
4.806735992431641, -4.530054569244385 
-8.97386646270752, 8.071649551391602 
-9.976580619812012, 8.97178840637207 
-9.569539070129395, 8.605496406555176 
-10.026742935180664, 9.01668643951416 
-9.646852493286133, 8.654212951660156 
-11.527538299560547, 10.374322891235352 
-7.412315368652344, 6.638814926147461 
9.845162391662598, -9.182947158813477 
-11.222796440124512, 10.096525192260742 
9.5045804977417, -8.866024017333984 
9.164528846740723, -8.544772148132324 
-2.557861089706421, 2.1474525928497314 
-8.509159088134766, 7.64442777633667 
-9.643310546875, 8.640691757202148 
0.8399108648300171, -0.8565436601638794 
6.817862033843994, -6.355145454406738 
-7.553173542022705, 6.751528263092041 
-11.03836441040039, 9.926704406738281 
12.51850414276123, -11.626994132995605 
-5.999573707580566, 5.345978736877441 
-8.773789405822754, 7.888779163360596 
-5.674180507659912, 5.054046630859375 
9.00364875793457, -8.408875465393066 
-8.718083381652832, 7.864585876464844 
7.785694599151611, -7.273632526397705 
-11.477551460266113, 10.309773445129395 
-7.267091751098633, 6.5202436447143555 
10.66916561126709, -9.899571418762207 
12.392571449279785, -11.528925895690918 
8.628640174865723, -8.063233375549316 
8.196084976196289, -7.653459548950195 
9.033221244812012, -8.426565170288086 
-9.046570777893066, 8.124200820922852 
11.370763778686523, -10.578787803649902 
10.612650871276855, -9.915258407592773 
-11.24615478515625, 10.102031707763672 
-10.261261940002441, 9.21373462677002 
-9.857283592224121, 8.879432678222656 
2.322559356689453, -2.23898983001709 
9.410483360290527, -8.770814895629883 
-10.729022026062012, 9.657362937927246 
10.172893524169922, -9.48625373840332 
-6.901247978210449, 6.176299095153809 
9.124913215637207, -8.518181800842285 
-2.1222593784332275, 1.7972002029418945 
-9.250033378601074, 8.32693862915039 
-6.509782791137695, 5.802302360534668 
0.6174877882003784, -0.6714857220649719 
10.767865180969238, -10.043746948242188 
11.088273048400879, -10.335437774658203 
10.165270805358887, -9.501172065734863 
10.61380386352539, -9.884761810302734 
-10.31502914428711, 9.266210556030273 
-3.7556893825531006, 3.260009765625 
-11.377701759338379, 10.25009822845459 
-11.0153226852417, 9.897529602050781 
10.114337921142578, -9.483196258544922 
11.062291145324707, -10.27503776550293 
10.105178833007812, -9.429194450378418 
10.1207914352417, -9.434410095214844 
-11.230087280273438, 10.115032196044922 
7.479788780212402, -6.993398666381836 
11.542830467224121, -10.753902435302734 
-9.311295509338379, 8.351778030395508 
12.029435157775879, -11.20925521850586 
-8.988024711608887, 8.111503601074219 
-6.208744525909424, 5.5601911544799805 
8.674487113952637, -8.076117515563965 
8.598750114440918, -8.016286849975586 
10.066383361816406, -9.380807876586914 
10.447857856750488, -9.709293365478516 
-10.008122444152832, 9.007916450500488 
-10.927851676940918, 9.838130950927734 
9.037120819091797, -8.462872505187988 
-5.449550151824951, 4.868058204650879 
10.036484718322754, -9.36715030670166 
-9.41024112701416, 8.441141128540039 
11.984539985656738, -11.19367790222168 
-7.600077152252197, 6.804464340209961 
9.019028663635254, -8.3917236328125 
-10.16051959991455, 9.154312133789062 
9.566317558288574, -8.943674087524414 
4.894314289093018, -4.6307783126831055 
3.538280725479126, -3.3465464115142822 
-9.68895149230957, 8.7034912109375 
-10.575312614440918, 9.5308837890625 
10.886055946350098, -10.10955810546875 
-4.985006809234619, 4.417471885681152 
2.921675443649292, -2.843524694442749 
11.94176197052002, -11.123479843139648 
4.495681285858154, -4.225821018218994 
-8.412575721740723, 7.567035675048828 
-7.674219608306885, 6.840468406677246 
-10.482840538024902, 9.395282745361328 
-7.190052032470703, 6.419508457183838 
-11.006356239318848, 9.91539192199707 
9.938580513000488, -9.261198043823242 
10.920310020446777, -10.190254211425781 
8.730794906616211, -8.14628791809082 
-0.5695785880088806, 0.3998543322086334 
9.740212440490723, -9.093610763549805 
-7.698091983795166, 6.858843803405762 
-10.240317344665527, 9.21529483795166 
-6.199099063873291, 5.541986465454102 
-10.972676277160645, 9.868264198303223 
0.92677241563797, -0.957460343837738 
10.15969181060791, -9.442791938781738 
2.7164340019226074, -2.580974817276001 
10.017905235290527, -9.329959869384766 
10.659778594970703, -9.961856842041016 
-10.5698881149292, 9.494815826416016 
10.187006950378418, -9.541830062866211 
4.527195453643799, -4.283361911773682 
8.663714408874512, -8.124727249145508 
-9.092915534973145, 8.1618013381958 
-10.375347137451172, 9.329156875610352 
-10.27327823638916, 9.244810104370117 
-6.351844787597656, 5.691444396972656 
10.256011009216309, -9.532207489013672 
8.412198066711426, -7.904331207275391 
-10.206939697265625, 9.186256408691406 
7.7902069091796875, -7.2794718742370605 
-11.433222770690918, 10.281063079833984 
8.969948768615723, -8.392627716064453 
-10.191178321838379, 9.169322967529297 
6.389848232269287, -6.0177717208862305 
-5.423434734344482, 4.821203708648682 
-9.32767391204834, 8.370707511901855 
10.318358421325684, -9.596649169921875 
7.942708492279053, -7.456467151641846 
-9.008667945861816, 8.090392112731934 
9.722661018371582, -9.136519432067871 
9.306748390197754, -8.68795394897461 
3.095978021621704, -2.9469246864318848 
-10.338719367980957, 9.298981666564941 
9.886444091796875, -9.218019485473633 
-4.846251964569092, 4.271059989929199 
10.0425386428833, -9.351556777954102 
8.412918090820312, -7.8699750900268555 
9.494494438171387, -8.878569602966309 
9.04151725769043, -8.456119537353516 
11.13573169708252, -10.362701416015625 
10.262190818786621, -9.613349914550781 
11.627706527709961, -10.854639053344727 
-2.2034997940063477, 1.7996227741241455 
-10.430867195129395, 9.395883560180664 
9.534075736999512, -8.896917343139648 
-5.301797389984131, 4.727362632751465 
-4.096616744995117, 3.6532199382781982 
7.857159614562988, -7.32374382019043 
8.517306327819824, -7.949783802032471 
-8.390852928161621, 7.573629379272461 
5.6826348304748535, -5.380980968475342 
-9.67309856414795, 8.691611289978027 
-8.530152320861816, 7.6480302810668945 
-7.388615131378174, 6.582348823547363 
-8.866483688354492, 7.962310791015625 
10.168886184692383, -9.493568420410156 
-7.1687140464782715, 6.422096252441406 
-6.524060249328613, 5.863304615020752 
-9.79736614227295, 8.822624206542969 
-5.56636381149292, 4.974231243133545 
3.672900438308716, -3.4817914962768555 
-8.641160011291504, 7.7536444664001465 
11.275811195373535, -10.547172546386719 
10.845948219299316, -10.113851547241211 
7.72614049911499, -7.236632347106934 
7.379312038421631, -6.933511257171631 
-2.084451913833618, 1.7768137454986572 
-6.441997051239014, 5.757597923278809 
2.9227821826934814, -2.836437940597534 
-4.582896709442139, 4.0374860763549805 
-8.861422538757324, 7.945622444152832 
-6.722652912139893, 5.951292037963867 
-3.9665744304656982, 3.497230052947998 
6.568580150604248, -6.178481578826904 
-8.141745567321777, 7.301652908325195 
10.835976600646973, -10.085752487182617 
1.3333725929260254, -1.3298375606536865 
11.977005958557129, -11.13595199584961 
-8.499098777770996, 7.6421051025390625 
8.231714248657227, -7.628986358642578 
-8.968729972839355, 8.059558868408203 
-8.168244361877441, 7.31239128112793 
-8.887919425964355, 7.971329689025879 
9.253382682800293, -8.630874633789062 
8.777810096740723, -8.179931640625 
5.159648895263672, -4.870530128479004 
10.96839427947998, -10.200529098510742 
-10.354771614074707, 9.3253173828125 
-7.7071213722229, 6.956365585327148 
9.302051544189453, -8.683470726013184 
-9.918396949768066, 8.908903121948242 
-0.9235117435455322, 0.6734064817428589 
9.833514213562012, -9.155410766601562 
-10.871493339538574, 9.76201343536377 
-2.1796655654907227, 1.8562557697296143 
-8.1044340133667, 7.285836219787598 
12.49873161315918, -11.596513748168945 
7.543586730957031, -7.043840408325195 
-10.695883750915527, 9.594257354736328 
3.8076579570770264, -3.6868817806243896 
-4.273919582366943, 3.781008243560791 
-9.420165061950684, 8.432703018188477 
7.311063289642334, -6.87978458404541 
4.7201313972473145, -4.492585182189941 
9.191189765930176, -8.583149909973145 
9.952463150024414, -9.284835815429688 
-4.268167972564697, 3.7592906951904297 
6.938613414764404, -6.530099391937256 
-10.040135383605957, 9.002636909484863 
-4.219513416290283, 3.761176586151123 
-9.540789604187012, 8.592153549194336 
10.954379081726074, -10.205190658569336 
10.298445701599121, -9.57577133178711 
-4.5105061531066895, 4.0056867599487305 
-2.610572576522827, 2.2588675022125244 
6.7642903327941895, -6.396236419677734 
-6.7494988441467285, 6.079158782958984 
11.451903343200684, -10.697470664978027 
0.7098262310028076, -0.7998983860015869 
10.601067543029785, -9.882492065429688 
12.458541870117188, -11.593814849853516 
-11.140267372131348, 10.042072296142578 
6.2790913581848145, -5.887824535369873 
-3.2114479541778564, 2.815704107284546 
-9.526055335998535, 8.56782341003418 
-9.71543025970459, 8.744821548461914 
-5.652259349822998, 5.0353617668151855 
11.123966217041016, -10.356731414794922 
-2.7956817150115967, 2.382733106613159 
10.120862007141113, -9.412352561950684 
6.2735700607299805, -5.884812355041504 
-10.293318748474121, 9.25385856628418 
-11.239349365234375, 10.115547180175781 
7.411309719085693, -6.881313323974609 
-10.093499183654785, 9.08340072631836 
-5.0769219398498535, 4.55242919921875 
-1.6906754970550537, 1.4292733669281006 
7.901656627655029, -7.407896995544434 
-8.011258125305176, 7.219165325164795 
10.678739547729492, -9.935230255126953 
4.6037702560424805, -4.333651065826416 
-10.917254447937012, 9.829303741455078 
-6.586256504058838, 5.9015092849731445 
-10.143959999084473, 9.115377426147461 
10.771642684936523, -10.065034866333008 
-5.201071262359619, 4.646674156188965 
-7.902636528015137, 7.090925216674805 
8.055822372436523, -7.567750930786133 
-3.567936658859253, 3.131260633468628 
-9.484557151794434, 8.53796100616455 
2.846550703048706, -2.7371456623077393 
6.186333656311035, -5.850173473358154 
0.8706087470054626, -0.9078137278556824 
9.709268569946289, -9.050403594970703 
6.400095462799072, -6.0199689865112305 
-10.515082359313965, 9.44869327545166 
10.206923484802246, -9.529115676879883 
10.4359130859375, -9.726675033569336 
2.4126780033111572, -2.3229801654815674 
12.488389015197754, -11.607375144958496 
8.360487937927246, -7.819454193115234 
9.311501502990723, -8.712434768676758 
9.540035247802734, -8.918848037719727 
-2.5650525093078613, 2.2235329151153564 
-7.567349433898926, 6.774284362792969 
10.560776710510254, -9.861934661865234 
-9.169024467468262, 8.220048904418945 
-2.6479687690734863, 2.3214478492736816 
-10.597336769104004, 9.542360305786133 
-10.003039360046387, 8.987617492675781 
-7.508187294006348, 6.705718994140625 
10.535515785217285, -9.866180419921875 
-7.062607288360596, 6.299900054931641 
-3.484135389328003, 3.087458848953247 
9.944188117980957, -9.29696273803711 
-10.411538124084473, 9.37194538116455 
-9.93982219696045, 8.9425048828125 
7.648490905761719, -7.138647556304932 
-11.05029010772705, 9.929126739501953 
9.92348861694336, -9.291776657104492 
10.113118171691895, -9.43862533569336 
9.943472862243652, -9.292881965637207 
-10.136781692504883, 9.118667602539062 
-11.103816032409668, 9.987167358398438 
10.10227108001709, -9.409710884094238 
-6.322473049163818, 5.6218366622924805 
-11.071623802185059, 9.95811939239502 
-6.322641849517822, 5.605448246002197 
-6.5914387702941895, 5.912245273590088 
-8.131572723388672, 7.323655128479004 
2.4753646850585938, -2.426910638809204 
9.77254581451416, -9.158271789550781 
3.6108405590057373, -3.533947706222534 
8.37423324584961, -7.794834136962891 
4.940262317657471, -4.669960021972656 
-7.826446056365967, 7.0255866050720215 
9.755654335021973, -9.13621997833252 
-11.377623558044434, 10.240535736083984 
10.13167667388916, -9.459348678588867 
-6.590127468109131, 5.849722862243652 
-9.37570571899414, 8.427227020263672 
-4.883621692657471, 4.378767967224121 
11.461592674255371, -10.667417526245117 
10.60291862487793, -9.901322364807129 
10.30353832244873, -9.638666152954102 
2.616238832473755, -2.5260162353515625 
4.543371677398682, -4.29461669921875 
-11.244221687316895, 10.10673713684082 
10.3132963180542, -9.596424102783203 
7.914339065551758, -7.4231085777282715 
2.6016714572906494, -2.562776565551758 
-9.989911079406738, 8.983448028564453 
9.348095893859863, -8.745920181274414 
0.9874712824821472, -1.014997959136963 
-9.581978797912598, 8.623952865600586 
-9.24885082244873, 8.30345344543457 
-1.2556215524673462, 1.0089917182922363 
2.3596832752227783, -2.2886486053466797 
8.022200584411621, -7.535372734069824 
-9.58189868927002, 8.604684829711914 
0.27673566341400146, -0.3330051004886627 
-8.080926895141602, 7.245866298675537 
11.166816711425781, -10.397573471069336 
11.142512321472168, -10.369268417358398 
8.598496437072754, -8.03347396850586 
-8.38414192199707, 7.520811557769775 
8.471449851989746, -7.948358058929443 
11.346977233886719, -10.598932266235352 
-10.836359977722168, 9.74515151977539 
9.061243057250977, -8.472246170043945 
8.502049446105957, -7.916299343109131 
-8.385140419006348, 7.508231163024902 
8.565247535705566, -8.028216361999512 
10.171021461486816, -9.467533111572266 
11.261590003967285, -10.463346481323242 
-4.674890041351318, 4.165610313415527 
-6.022425174713135, 5.34714412689209 
10.858904838562012, -10.117683410644531 
11.080163955688477, -10.332772254943848 
-9.186783790588379, 8.224044799804688 
-10.237980842590332, 9.200786590576172 
-11.416943550109863, 10.288823127746582 
-5.6089396476745605, 5.015373706817627 
9.99091625213623, -9.368532180786133 
-6.316453456878662, 5.645600318908691 
-6.997873306274414, 6.263491630554199 
-2.2118654251098633, 1.915208339691162 
11.486443519592285, -10.67637825012207 
8.296316146850586, -7.751897811889648 
10.15528392791748, -9.497369766235352 
9.134197235107422, -8.550033569335938 
-10.222373008728027, 9.172813415527344 
-2.6590120792388916, 2.2963674068450928 
9.69230842590332, -9.045452117919922 
-10.579863548278809, 9.532999992370605 
-11.349778175354004, 10.205771446228027 
10.8361177444458, -10.105860710144043 
-10.537577629089355, 9.471210479736328 
-10.862435340881348, 9.772634506225586 
9.360337257385254, -8.716643333435059 
9.096528053283691, -8.490230560302734 
9.453483581542969, -8.818656921386719 
10.274559020996094, -9.554607391357422 
9.673359870910645, -9.047680854797363 
10.765462875366211, -10.008070945739746 
-10.893177032470703, 9.800840377807617 
-11.238080024719238, 10.088798522949219 
1.0424176454544067, -1.0483529567718506 
10.864888191223145, -10.12132453918457 
11.076394081115723, -10.314403533935547 
10.115865707397461, -9.390497207641602 
10.743388175964355, -9.999349594116211 
-7.956611633300781, 7.113829135894775 
-8.326628684997559, 7.49888801574707 
2.0376908779144287, -2.033902168273926 
-3.959916114807129, 3.4539778232574463 
-10.863940238952637, 9.776738166809082 
-9.474692344665527, 8.514748573303223 
5.217400074005127, -4.923107147216797 
5.844566345214844, -5.500012397766113 
3.8300764560699463, -3.6573307514190674 
-9.521553039550781, 8.555106163024902 
10.817594528198242, -10.093090057373047 
10.66848373413086, -9.946516036987305 
-0.9833710193634033, 0.6820177435874939 
11.110710144042969, -10.306767463684082 
9.535069465637207, -8.939142227172852 
-4.408341407775879, 3.9034106731414795 
-9.460618019104004, 8.50552749633789 
4.580613613128662, -4.304440498352051 
-8.19969367980957, 7.366786479949951 
-5.510132312774658, 4.9198479652404785 
9.537178993225098, -8.859960556030273 
-10.402929306030273, 9.33327579498291 
6.148285388946533, -5.7714338302612305 
8.08543586730957, -7.602777481079102 
10.343411445617676, -9.638421058654785 
8.893568992614746, -8.26932144165039 
9.991418838500977, -9.341645240783691 
-8.363358497619629, 7.5070343017578125 
-8.277778625488281, 7.402469158172607 
-3.2814505100250244, 2.9031717777252197 
10.505741119384766, -9.770843505859375 
-8.240630149841309, 7.3864593505859375 
9.767647743225098, -9.100154876708984 
-10.842362403869629, 9.750404357910156 
-11.038394927978516, 9.928152084350586 
8.854706764221191, -8.30510139465332 
9.842436790466309, -9.193353652954102 
10.206194877624512, -9.533397674560547 
1.9621299505233765, -1.9557266235351562 
6.443882942199707, -6.074820518493652 
-7.140954494476318, 6.396259307861328 
-11.397665023803711, 10.26113510131836 
-9.43604564666748, 8.48969841003418 
10.667593955993652, -9.931072235107422 
-6.36419677734375, 5.708353519439697 
9.491528511047363, -8.848611831665039 
9.94292163848877, -9.281515121459961 
-7.805222034454346, 7.017993450164795 
5.214285850524902, -4.8816328048706055 
-4.023777008056641, 3.590369462966919 
10.5155611038208, -9.802801132202148 
9.528639793395996, -8.884316444396973 
-9.474604606628418, 8.530950546264648 
1.2882441282272339, -1.332305908203125 
-9.612887382507324, 8.65130615234375 
-10.577680587768555, 9.499710083007812 
-9.948288917541504, 8.963233947753906 
-10.629439353942871, 9.552849769592285 
-10.29761028289795, 9.26040267944336 
-10.93925952911377, 9.816983222961426 
-7.95221471786499, 7.146232604980469 
-8.321803092956543, 7.488947868347168 
9.588652610778809, -8.961138725280762 
-10.54345417022705, 9.4903564453125 
-1.70762038230896, 1.402942419052124 
-10.918488502502441, 9.841571807861328 
-7.536960124969482, 6.7422637939453125 
9.56959056854248, -8.935778617858887 
-9.78222942352295, 8.787351608276367 
-4.559535503387451, 4.018867492675781 
-4.361909866333008, 3.8752601146698 
11.364871978759766, -10.61314582824707 
-3.7499876022338867, 3.2944960594177246 
-10.038634300231934, 9.032739639282227 
9.246549606323242, -8.615013122558594 
8.778658866882324, -8.235309600830078 
-9.11783504486084, 8.207664489746094 
9.490111351013184, -8.854900360107422 
-9.816102027893066, 8.816936492919922 
9.334665298461914, -8.704445838928223 
-8.21556568145752, 7.372786998748779 
7.532071590423584, -7.023129940032959 
-5.578756809234619, 4.965156555175781 
10.051125526428223, -9.380306243896484 
6.7584991455078125, -6.382452011108398 
4.155590534210205, -3.9295761585235596 
-10.157577514648438, 9.1494779586792 
9.541322708129883, -8.867985725402832 
-11.354697227478027, 10.211784362792969 
-8.82761001586914, 7.924629211425781 
10.653693199157715, -9.897656440734863 
-4.605373859405518, 4.049556732177734 
-8.32468032836914, 7.474264144897461 
8.706330299377441, -8.107305526733398 
-0.7838798761367798, 0.5945321917533875 
-11.256850242614746, 10.109992027282715 
-9.336248397827148, 8.398070335388184 
10.116415977478027, -9.448172569274902 
9.305501937866211, -8.705747604370117 
9.880650520324707, -9.219964981079102 
8.068467140197754, -7.543685436248779 
10.163725852966309, -9.454916954040527 
-1.7763506174087524, 1.4748764038085938 
-2.065655469894409, 1.7316434383392334 
-6.81052827835083, 6.074313640594482 
-8.941862106323242, 8.018074035644531 
9.91344165802002, -9.272403717041016 
8.823530197143555, -8.228737831115723 
-10.680710792541504, 9.592391967773438 
-9.986700057983398, 8.967308044433594 
-5.881094455718994, 5.236016273498535 
4.603566646575928, -4.3504533767700195 
-10.561882972717285, 9.497838020324707 
-10.089016914367676, 9.079017639160156 
11.252205848693848, -10.499907493591309 
8.573141098022461, -7.999341011047363 
10.550178527832031, -9.81489086151123 
9.472784996032715, -8.893060684204102 
-8.415816307067871, 7.534852981567383 
6.572660446166992, -6.145848751068115 
9.15192985534668, -8.512956619262695 
7.117096424102783, -6.718549728393555 
11.734850883483887, -10.958547592163086 
-10.229954719543457, 9.194129943847656 
5.493894100189209, -5.130801677703857 
9.344378471374512, -8.717309951782227 
10.582810401916504, -9.879209518432617 
-6.864844799041748, 6.097891807556152 
-8.447155952453613, 7.601548671722412 
4.288925647735596, -4.062633991241455 
6.387970447540283, -6.051053047180176 
10.226062774658203, -9.574175834655762 
-0.17415940761566162, 0.01952054351568222 
-10.412327766418457, 9.353460311889648 
9.438637733459473, -8.828371047973633 
-7.030280590057373, 6.323319911956787 
11.671335220336914, -10.87006950378418 
10.376912117004395, -9.6873779296875 
9.627948760986328, -8.946622848510742 
7.840771198272705, -7.333806037902832 
-10.91776180267334, 9.83437728881836 
-11.068840026855469, 9.9680757522583 
-1.477177619934082, 1.2497336864471436 
9.365252494812012, -8.706563949584961 
10.4166259765625, -9.677436828613281 
-2.8130884170532227, 2.4407856464385986 
-10.3303804397583, 9.334156036376953 
-8.86191177368164, 7.933298110961914 
10.95166301727295, -10.212630271911621 
5.018152713775635, -4.778860092163086 
10.08480167388916, -9.423964500427246 
8.253142356872559, -7.758459091186523 
7.882144451141357, -7.4084930419921875 
-1.5083588361740112, 1.2568278312683105 
-9.05782413482666, 8.130035400390625 
-4.862857818603516, 4.314644813537598 
11.185981750488281, -10.402181625366211 
9.743134498596191, -9.104565620422363 
9.358530044555664, -8.741299629211426 
11.796692848205566, -10.929991722106934 
11.68065357208252, -10.864173889160156 
-11.50040340423584, 10.32528305053711 
-10.908524513244629, 9.835678100585938 
5.490999221801758, -5.152629375457764 
12.122150421142578, -11.32656192779541 
-10.517298698425293, 9.448992729187012 
-7.366898536682129, 6.610672473907471 
-0.6167778372764587, 0.4022025465965271 
9.589759826660156, -9.013148307800293 
-11.74710750579834, 10.558403015136719 
-9.700554847717285, 8.706995010375977 
7.391119003295898, -6.892975807189941 
10.788446426391602, -10.074979782104492 
0.422799676656723, -0.5837687253952026 
9.734053611755371, -9.098642349243164 
8.403998374938965, -7.841625213623047 
3.626936674118042, -3.4490253925323486 
-2.6353957653045654, 2.277837038040161 
-9.184844017028809, 8.243897438049316 
10.840974807739258, -10.123790740966797 
-2.788888692855835, 2.390397787094116 
-8.792999267578125, 7.865935802459717 
10.853547096252441, -10.105138778686523 
8.3284330368042, -7.817140102386475 
-10.586560249328613, 9.501144409179688 
11.121585845947266, -10.396903991699219 
-9.925793647766113, 8.912155151367188 
4.569466590881348, -4.350686073303223 
5.44296407699585, -5.121763706207275 
-11.605873107910156, 10.44289493560791 
10.4807767868042, -9.774879455566406 
11.875840187072754, -11.093303680419922 
-6.239005088806152, 5.5845232009887695 
6.2478718757629395, -5.867170333862305 
10.119129180908203, -9.424476623535156 
-9.497252464294434, 8.55733585357666 
-10.837164878845215, 9.752477645874023 
9.987122535705566, -9.307246208190918 
8.556653022766113, -7.991865158081055 
8.676607131958008, -8.10148811340332 
10.511557579040527, -9.776605606079102 
4.758857250213623, -4.492613792419434 
-6.634235382080078, 5.91484260559082 
11.555265426635742, -10.746795654296875 
9.62281322479248, -8.948701858520508 
7.165536403656006, -6.694672107696533 
1.8112431764602661, -1.7693583965301514 
9.98047924041748, -9.293205261230469 
-9.700379371643066, 8.7259521484375 
-10.893710136413574, 9.800662994384766 
-8.123162269592285, 7.293205261230469 
8.4332857131958, -7.9208478927612305 
-8.646105766296387, 7.782505989074707 
-8.057920455932617, 7.258303642272949 
-10.083571434020996, 9.072551727294922 
-11.482922554016113, 10.329584121704102 
9.933907508850098, -9.290996551513672 
-11.301775932312012, 10.16708755493164 
8.144566535949707, -7.609564304351807 
-11.002882957458496, 9.899328231811523 
8.918986320495605, -8.3482027053833 
9.393655776977539, -8.749266624450684 
11.439042091369629, -10.661550521850586 
-5.070294380187988, 4.484669208526611 
11.084352493286133, -10.291720390319824 
9.513001441955566, -8.865418434143066 
11.329558372497559, -10.554194450378418 
-7.443643569946289, 6.6571550369262695 
11.126394271850586, -10.382938385009766 
9.838353157043457, -9.221456527709961 
-10.341261863708496, 9.324373245239258 
9.842815399169922, -9.197050094604492 
-5.931709289550781, 5.278790473937988 
-7.428014278411865, 6.641055583953857 
-11.15693187713623, 10.022090911865234 
10.707422256469727, -9.980106353759766 
9.789305686950684, -9.144143104553223 
9.057177543640137, -8.479240417480469 
10.311561584472656, -9.624326705932617 
-7.017005443572998, 6.233668327331543 
-9.823062896728516, 8.822120666503906 
10.22889232635498, -9.555450439453125 
-7.166550159454346, 6.407013893127441 
11.706917762756348, -10.947442054748535 
1.0767637491226196, -1.0858891010284424 
9.789042472839355, -9.154335021972656 
-11.12431526184082, 10.008404731750488 
9.926715850830078, -9.237037658691406 
8.804664611816406, -8.224812507629395 
10.968600273132324, -10.231972694396973 
-9.737637519836426, 8.770364761352539 
9.146693229675293, -8.527429580688477 
10.12852954864502, -9.448131561279297 
-6.62019681930542, 5.898472785949707 
8.491665840148926, -7.962678909301758 
-9.313863754272461, 8.37664794921875 
8.08187484741211, -7.5381364822387695 
9.758692741394043, -9.113151550292969 
-7.050849914550781, 6.275145530700684 
-0.13136692345142365, -0.0343392938375473 
-5.893568515777588, 5.266613483428955 
-11.2415189743042, 10.115018844604492 
10.33832836151123, -9.648777961730957 
-8.229787826538086, 7.3804473876953125 
-8.692805290222168, 7.80561637878418 
-9.386886596679688, 8.415822982788086 
8.319136619567871, -7.816435813903809 
0.34166762232780457, -0.46299052238464355 
6.265623092651367, -5.865398406982422 
11.164816856384277, -10.395478248596191 
-9.317503929138184, 8.374610900878906 
10.714644432067871, -9.97854232788086 
-2.437363862991333, 2.048046827316284 
11.077478408813477, -10.334654808044434 
-4.201539993286133, 3.7424817085266113 
-5.460181713104248, 4.870755195617676 
-8.499031066894531, 7.623064994812012 
10.227840423583984, -9.533411979675293 
-3.9135167598724365, 3.4098665714263916 
-6.443332195281982, 5.727722644805908 
-8.812623023986816, 7.967426300048828 
10.584651947021484, -9.839486122131348 
0.6887027621269226, -0.7631431221961975 
-11.50633430480957, 10.354978561401367 
7.65553092956543, -7.207139015197754 
-9.460899353027344, 8.513070106506348 
-6.777665615081787, 6.092830181121826 
-8.9358491897583, 8.050310134887695 
-8.41042423248291, 7.536570072174072 
9.688876152038574, -9.000076293945312 
8.175848007202148, -7.642932891845703 
9.229555130004883, -8.65791130065918 
-10.733586311340332, 9.66413688659668 
10.354745864868164, -9.683158874511719 
-3.6358494758605957, 3.216923475265503 
9.771130561828613, -9.098991394042969 
-11.032975196838379, 9.944849014282227 
-10.850567817687988, 9.756149291992188 
-6.301037311553955, 5.6239423751831055 
11.243809700012207, -10.459900856018066 
10.42122745513916, -9.723742485046387 
10.867636680603027, -10.136248588562012 
9.479915618896484, -8.833063125610352 
7.0626091957092285, -6.570442199707031 
1.0833274126052856, -1.0775341987609863 
9.108168601989746, -8.46946907043457 
-8.605408668518066, 7.703958988189697 
-11.181098937988281, 10.064350128173828 
9.67164134979248, -9.028274536132812 
-3.3269481658935547, 2.9167213439941406 
-9.049975395202637, 8.105124473571777 
-5.295288562774658, 4.686800479888916 
10.359225273132324, -9.638420104980469 
-9.386453628540039, 8.452468872070312 
10.678845405578613, -9.919075965881348 
-7.706532955169678, 6.9736647605896 
9.095528602600098, -8.475513458251953 
-9.849373817443848, 8.872394561767578 
9.373262405395508, -8.735689163208008 
10.681995391845703, -10.017271041870117 
-9.51148796081543, 8.566461563110352 
5.580006122589111, -5.245837211608887 
10.816786766052246, -10.066963195800781 
10.478404998779297, -9.754915237426758 
7.515214443206787, -7.060913562774658 
3.851402521133423, -3.660931348800659 
9.36279010772705, -8.788896560668945 
10.3239107131958, -9.62176513671875 
-2.2023818492889404, 1.8798885345458984 
-6.631690979003906, 5.903388023376465 
11.4614896774292, -10.683582305908203 
-7.736485004425049, 6.954098224639893 
-7.311788082122803, 6.545780181884766 
-11.130308151245117, 10.013669967651367 
-6.4402666091918945, 5.780579566955566 
9.664820671081543, -9.035459518432617 
11.0039644241333, -10.28310775756836 
3.7749691009521484, -3.579798936843872 
10.259828567504883, -9.572378158569336 
9.455292701721191, -8.835851669311523 
-7.544363975524902, 6.756278991699219 
0.029475834220647812, -0.12716254591941833 
-2.5240232944488525, 2.1755833625793457 
-10.975316047668457, 9.865707397460938 
-10.71308708190918, 9.65839958190918 
10.899210929870605, -10.145318984985352 
-9.081390380859375, 8.179037094116211 
-8.714405059814453, 7.809366226196289 
-10.106703758239746, 9.076147079467773 
-3.41621994972229, 2.9883344173431396 
-7.529582500457764, 6.712163925170898 
-4.839014530181885, 4.301786422729492 
5.283605098724365, -5.0111846923828125 
12.17113208770752, -11.32374382019043 
-11.299454689025879, 10.16466236114502 
8.157120704650879, -7.6650214195251465 
4.05277681350708, -3.821117639541626 
-7.309945583343506, 6.588076591491699 
-5.633996486663818, 5.037575721740723 
8.70444393157959, -8.093582153320312 
4.955988883972168, -4.635815620422363 
-10.334620475769043, 9.335601806640625 
11.393954277038574, -10.578055381774902 
-8.107280731201172, 7.2740983963012695 
-8.686644554138184, 7.796017169952393 
-9.94813060760498, 8.937295913696289 
8.124208450317383, -7.566174507141113 
-9.626784324645996, 8.672916412353516 
5.800631999969482, -5.432251453399658 
12.553242683410645, -11.695051193237305 
9.207978248596191, -8.574689865112305 
-10.87532901763916, 9.786874771118164 
10.264250755310059, -9.565098762512207 
-10.563316345214844, 9.475366592407227 
-9.628213882446289, 8.673821449279785 
8.024230003356934, -7.489758014678955 
6.7481160163879395, -6.354092597961426 
10.56838321685791, -9.855705261230469 
10.548090934753418, -9.798450469970703 
10.315104484558105, -9.643070220947266 
8.37431812286377, -7.853513240814209 
4.499228477478027, -4.268904685974121 
-9.019116401672363, 8.08859920501709 
-8.454239845275879, 7.575196266174316 
8.916281700134277, -8.300933837890625 
-10.421370506286621, 9.37428092956543 
7.462033748626709, -6.984179496765137 
9.722982406616211, -9.070594787597656 
8.34532642364502, -7.831540107727051 
10.057652473449707, -9.360261917114258 
9.3893404006958, -8.765832901000977 
-0.203717440366745, 0.00979461520910263 
-10.25430679321289, 9.226788520812988 
10.562652587890625, -9.840713500976562 
-8.202406883239746, 7.33538818359375 
-3.614985704421997, 3.200058698654175 
-9.371476173400879, 8.428449630737305 
9.85422420501709, -9.190513610839844 
-3.4359290599823, 2.9560790061950684 
2.9662997722625732, -2.872570514678955 
1.4172790050506592, -1.4283909797668457 
-10.443099021911621, 9.41232967376709 
-10.68946647644043, 9.599706649780273 
-9.32991886138916, 8.390021324157715 
7.614081859588623, -7.108524322509766 
9.36987018585205, -8.78561782836914 
10.389769554138184, -9.717529296875 
9.387296676635742, -8.722187042236328 
1.7395350933074951, -1.726271629333496 
9.692551612854004, -9.042048454284668 
10.044166564941406, -9.346661567687988 
7.477283000946045, -6.974611282348633 
-10.289673805236816, 9.255805969238281 
3.1415579319000244, -2.9549572467803955 
-4.607425212860107, 4.0191874504089355 
-5.976353645324707, 5.27372932434082 
9.605246543884277, -8.907754898071289 
-0.08354432880878448, -0.03922046720981598 
3.3559093475341797, -3.319523572921753 
6.081172466278076, -5.717070579528809 
10.584684371948242, -9.895181655883789 
10.31824779510498, -9.620922088623047 
9.681958198547363, -9.02824592590332 
-0.08449215441942215, -0.06974057853221893 
-8.862772941589355, 7.957912445068359 
-9.188002586364746, 8.257196426391602 
9.187605857849121, -8.557512283325195 
-4.854916095733643, 4.323997974395752 
6.565260887145996, -6.165780544281006 
-8.525050163269043, 7.6315999031066895 
10.309723854064941, -9.621840476989746 
-9.230639457702637, 8.321388244628906 
8.667621612548828, -8.124435424804688 
-5.546944618225098, 4.93769645690918 
8.738515853881836, -8.156047821044922 
-11.410355567932129, 10.251617431640625 
11.390327453613281, -10.597707748413086 
-9.599166870117188, 8.588500022888184 
-8.210928916931152, 7.40731954574585 
-9.292031288146973, 8.349832534790039 
10.318089485168457, -9.63463020324707 
-0.021502278745174408, -0.12121528387069702 
-4.8911614418029785, 4.297195911407471 
9.03195858001709, -8.434207916259766 
11.064126014709473, -10.327269554138184 
9.676592826843262, -9.051191329956055 
10.046936988830566, -9.358449935913086 
-10.393348693847656, 9.320152282714844 
-5.468276023864746, 4.853017807006836 
-10.659797668457031, 9.592550277709961 
-0.17814864218235016, 0.014848917722702026 
3.4596433639526367, -3.3041417598724365 
-8.43045711517334, 7.592856407165527 
-11.122185707092285, 10.004732131958008 
-9.800868034362793, 8.807415962219238 
-4.931078910827637, 4.293495178222656 
10.780587196350098, -10.024566650390625 
7.815704822540283, -7.303269386291504 
-11.27917194366455, 10.134349822998047 
-11.329052925109863, 10.193710327148438 
9.560755729675293, -8.926610946655273 
9.569807052612305, -8.926376342773438 
10.140937805175781, -9.47189712524414 
-8.093605995178223, 7.2562408447265625 
10.683682441711426, -9.961082458496094 
3.2458856105804443, -3.1842854022979736 
4.044351577758789, -3.7910733222961426 
11.378035545349121, -10.625066757202148 
-11.316472053527832, 10.173870086669922 
11.732646942138672, -10.939608573913574 
7.918629169464111, -7.428727149963379 
-8.691546440124512, 7.8150458335876465 
8.620240211486816, -8.041903495788574 
-6.298685550689697, 5.603477954864502 
9.748156547546387, -9.146011352539062 
10.723783493041992, -10.029935836791992 
3.3256723880767822, -3.1900808811187744 
-4.558244228363037, 4.076198577880859 
-10.605772972106934, 9.57236385345459 
9.9257230758667, -9.265218734741211 
10.43323040008545, -9.71766471862793 
7.9636945724487305, -7.473144054412842 
7.451387882232666, -6.9624152183532715 
11.379859924316406, -10.581066131591797 
-8.243940353393555, 7.369802951812744 
-10.86900520324707, 9.767538070678711 
-10.690447807312012, 9.639595031738281 
8.844151496887207, -8.268259048461914 
10.577250480651855, -9.891830444335938 
-9.797615051269531, 8.810462951660156 
-5.832373142242432, 5.20123291015625 
10.475390434265137, -9.772274017333984 
-10.911859512329102, 9.802602767944336 
-10.498174667358398, 9.452133178710938 
7.072683811187744, -6.703877925872803 
-8.620659828186035, 7.696712493896484 
-9.621338844299316, 8.655067443847656 
-5.512979030609131, 4.893606185913086 
10.377542495727539, -9.65544319152832 
-2.4611587524414062, 2.128479480743408 
11.745185852050781, -10.957902908325195 
11.412052154541016, -10.6004638671875 
-9.428065299987793, 8.422224044799805 
-6.132838726043701, 5.498194694519043 
-9.041661262512207, 8.103677749633789 
-6.073736667633057, 5.4134368896484375 
-10.391522407531738, 9.372795104980469 
-10.57128620147705, 9.492090225219727 
10.715928077697754, -9.957174301147461 
7.429976940155029, -6.972414493560791 
9.149226188659668, -8.528017044067383 
10.79809284210205, -10.062687873840332 
5.527790069580078, -5.258206367492676 
-9.383438110351562, 8.428890228271484 
10.003066062927246, -9.326860427856445 
10.461188316345215, -9.729970932006836 
11.558086395263672, -10.749640464782715 
-4.298483371734619, 3.7581064701080322 
-8.589152336120605, 7.724786281585693 
2.978607416152954, -2.83548641204834 
10.138813972473145, -9.472758293151855 
-9.979413032531738, 8.989294052124023 
-8.165596961975098, 7.348779678344727 
9.627192497253418, -8.953899383544922 
11.967732429504395, -11.126864433288574 
9.469291687011719, -8.84279727935791 
3.2246429920196533, -3.054579019546509 
-9.263590812683105, 8.314247131347656 
8.904255867004395, -8.28979778289795 
-10.018303871154785, 9.027456283569336 
-10.212774276733398, 9.169306755065918 
-7.80634880065918, 6.9940900802612305 
9.482571601867676, -8.802934646606445 
8.729349136352539, -8.140409469604492 
7.260599613189697, -6.81805419921875 
-11.712156295776367, 10.53486156463623 
-9.443116188049316, 8.474823951721191 
9.480937004089355, -8.820381164550781 
5.504299640655518, -5.229470252990723 
-6.372427463531494, 5.689416885375977 
-8.527783393859863, 7.64959192276001 
-7.055561542510986, 6.274785995483398 
-9.183728218078613, 8.222227096557617 
-8.430499076843262, 7.59503173828125 
10.404109001159668, -9.71806526184082 
9.069242477416992, -8.471036911010742 
8.331677436828613, -7.834723949432373 
1.7056457996368408, -1.6848368644714355 
9.881424903869629, -9.190431594848633 
-2.020036220550537, 1.7108559608459473 
-6.841456413269043, 6.1148247718811035 
9.633748054504395, -9.014699935913086 
-4.40740966796875, 3.9048922061920166 
10.603924751281738, -9.893758773803711 
11.535355567932129, -10.739493370056152 
-10.10405158996582, 9.08554744720459 
-9.19190502166748, 8.275433540344238 
11.268315315246582, -10.53343677520752 
-11.064094543457031, 9.946094512939453 
-9.386570930480957, 8.414523124694824 
10.151201248168945, -9.448161125183105 
0.4062393605709076, -0.513759195804596 
3.6591079235076904, -3.488301992416382 
8.914535522460938, -8.328715324401855 
9.752594947814941, -9.104097366333008 
9.76893138885498, -9.136581420898438 
-8.756123542785645, 7.871097564697266 
-11.437459945678711, 10.292021751403809 
-3.410400152206421, 2.934969186782837 
8.491799354553223, -7.908229827880859 
-1.063673973083496, 0.8149868249893188 
11.166894912719727, -10.40255069732666 
-9.762911796569824, 8.783927917480469 
4.844624996185303, -4.601140975952148 
-9.897887229919434, 8.91556167602539 
9.855486869812012, -9.21727180480957 
10.10616397857666, -9.383390426635742 
-10.493189811706543, 9.450439453125 
7.246810436248779, -6.78801965713501 
11.540120124816895, -10.738283157348633 
-6.793964862823486, 6.071547508239746 
10.586813926696777, -9.884334564208984 
10.934195518493652, -10.194372177124023 
11.135381698608398, -10.356427192687988 
5.026159763336182, -4.723182678222656 
-11.471961975097656, 10.306917190551758 
-9.179497718811035, 8.23401165008545 
-3.983546018600464, 3.5081050395965576 
11.812499046325684, -11.006048202514648 
-5.379952907562256, 4.826385021209717 
-10.860465049743652, 9.771862030029297 
-8.61746597290039, 7.731761932373047 
-7.736995220184326, 6.91649866104126 
11.059608459472656, -10.305643081665039 
10.276601791381836, -9.59034538269043 
11.52131462097168, -10.739444732666016 
11.159806251525879, -10.398946762084961 
10.41099739074707, -9.690528869628906 
-10.09148120880127, 9.072099685668945 
11.591776847839355, -10.76103401184082 
-11.077406883239746, 9.977884292602539 
2.1560137271881104, -2.102365493774414 
9.982016563415527, -9.317479133605957 
3.1021807193756104, -2.9667019844055176 
-9.780315399169922, 8.80182933807373 
-8.412544250488281, 7.567459583282471 
-4.672294616699219, 4.170378684997559 
-8.81434154510498, 7.915313720703125 
-10.969000816345215, 9.86515998840332 
9.925658226013184, -9.235648155212402 
-10.469008445739746, 9.410961151123047 
-0.1459345817565918, 0.014103025197982788 
-10.994011878967285, 9.875323295593262 
-10.655354499816895, 9.61069393157959 
11.276259422302246, -10.505104064941406 
-8.088515281677246, 7.277036666870117 
-9.616854667663574, 8.649109840393066 
-11.26046085357666, 10.114986419677734 
7.775416851043701, -7.265873908996582 
-8.458803176879883, 7.585239887237549 
-5.570891380310059, 4.953125 
7.111624717712402, -6.6825666427612305 
-10.002362251281738, 8.982572555541992 
10.00586223602295, -9.32530689239502 
5.699987411499023, -5.322805881500244 
-11.45553970336914, 10.340020179748535 
-0.9476833939552307, 0.7353619933128357 
-9.058859825134277, 8.121292114257812 
10.662942886352539, -9.931497573852539 
-2.4283313751220703, 2.0907037258148193 
-9.879023551940918, 8.910971641540527 
-5.7947916984558105, 5.154959678649902 
-6.101957321166992, 5.437925338745117 
11.576019287109375, -10.833181381225586 
-0.9266138672828674, 0.6508596539497375 
-8.5288724899292, 7.649881362915039 
-5.390512943267822, 4.783332347869873 
0.14601226150989532, -0.258573055267334 
10.832610130310059, -10.104159355163574 
-11.726866722106934, 10.54469108581543 
-10.471299171447754, 9.458654403686523 
1.285304069519043, -1.2981081008911133 
-7.620833396911621, 6.835269927978516 
-10.559237480163574, 9.492748260498047 
10.461251258850098, -9.749919891357422 
-6.268338680267334, 5.579039573669434 
10.303163528442383, -9.60047435760498 
-11.245321273803711, 10.107959747314453 
-6.288564682006836, 5.6135358810424805 
12.956042289733887, -12.071231842041016 
-2.098240613937378, 1.7597308158874512 
5.3081440925598145, -4.999374866485596 
6.486382961273193, -6.082324028015137 
-8.183335304260254, 7.385467052459717 
-5.3899712562561035, 4.777294635772705 
7.234668254852295, -6.796971321105957 
10.778573036193848, -10.022968292236328 
8.511832237243652, -7.987843036651611 
-11.124320030212402, 10.005998611450195 
12.213104248046875, -11.359395980834961 
-1.8368602991104126, 1.5564002990722656 
8.446854591369629, -7.913668155670166 
6.230706214904785, -5.894145965576172 
1.3961610794067383, -1.4209487438201904 
8.98169231414795, -8.382680892944336 
-2.4742743968963623, 2.05378794670105 
10.32327938079834, -9.651057243347168 
-5.66114616394043, 5.057176113128662 
-9.075460433959961, 8.208703994750977 
-10.482532501220703, 9.442779541015625 
8.064058303833008, -7.510907173156738 
10.502633094787598, -9.816550254821777 
-10.059709548950195, 9.078564643859863 
9.960022926330566, -9.27583122253418 
10.00045394897461, -9.34719181060791 
10.578522682189941, -9.909850120544434 
-6.502869606018066, 5.825366020202637 
10.340371131896973, -9.650291442871094 
10.842247009277344, -10.157163619995117 
-5.786665439605713, 5.227237701416016 
-1.565861701965332, 1.2734529972076416 
9.992833137512207, -9.321941375732422 
10.647171974182129, -9.935598373413086 
10.464447975158691, -9.714057922363281 
-9.958380699157715, 8.954363822937012 
-7.196577072143555, 6.446560859680176 
9.044968605041504, -8.43465518951416 
11.089200973510742, -10.341598510742188 
5.21676778793335, -4.937292098999023 
-5.179581642150879, 4.593499183654785 
-10.166275978088379, 9.140026092529297 
-7.336843967437744, 6.564864635467529 
-7.405173301696777, 6.6198577880859375 
8.650486946105957, -8.033866882324219 
6.1684088706970215, -5.847584247589111 
-2.8163955211639404, 2.453638792037964 
-9.6210355758667, 8.664407730102539 
-7.8405585289001465, 7.047170639038086 
8.912131309509277, -8.316915512084961 
-7.021856307983398, 6.255293846130371 
11.149702072143555, -10.37559986114502 
9.112776756286621, -8.47780704498291 
10.331672668457031, -9.636556625366211 
-10.283745765686035, 9.253011703491211 
-9.90971851348877, 8.892919540405273 
-9.729360580444336, 8.753037452697754 
-10.99205207824707, 9.884576797485352 
-8.043402671813965, 7.20689582824707 
-8.535916328430176, 7.676732063293457 
-8.401713371276855, 7.540117263793945 
-8.527935981750488, 7.6689019203186035 
-10.509930610656738, 9.447317123413086 
11.58492660522461, -10.780532836914062 
10.352660179138184, -9.631699562072754 
-11.424376487731934, 10.287069320678711 
-1.329819679260254, 1.0947470664978027 
-10.970257759094238, 9.865010261535645 
